,embedfield,answer,combined,embedding_combined,embedding_question,embedding_answer
7200,"Enrich nested array items in mongodb query<p>I have a mongo collection with a pretty deep nesting. Its documents look like </p>

<pre><code>{        
    first: [
        {
            second: [
                {
                    name: ""some name"",
                    third: [
                        1, 2, 3
                    ]
                }
            ] 
        }
    ],
    // other fields
}
</code></pre>

<p>And I want to get the following response from the collection:</p>

<pre><code>{        
    first: [
        {
            second: [
                {
                    name: ""some name"",
                    third: [{
                            id: 1,
                            name: ""some name""
                        }, {
                            id: 2,
                            name: ""some name""
                        }, {
                            id: 3,
                            name: ""some name""
                        }]
                }
            ] 
        }
    ]
}
</code></pre>

<p>I tried to use the follwing query</p>

<pre><code>db.getCollection(""collection"").aggregate
([     
    {
        ""$addFields"": { 
            ""first.second.third.id"": ""$first.second.third.id"",            
            ""first.second.third.name"": ""$first.second.name""
        }
    }
])
</code></pre>

<p>but it had no effect. 
How do I get desired result?
Thank you in advance!</p>
",That's whats confusing me. I was doing something like:  `ArrayAdapter<LinearLayout> adapter = new ArrayAdapter<LinearLayout>(...)`,"Embed Field: Enrich nested array items in mongodb query<p>I have a mongo collection with a pretty deep nesting. Its documents look like </p>

<pre><code>{        
    first: [
        {
            second: [
                {
                    name: ""some name"",
                    third: [
                        1, 2, 3
                    ]
                }
            ] 
        }
    ],
    // other fields
}
</code></pre>

<p>And I want to get the following response from the collection:</p>

<pre><code>{        
    first: [
        {
            second: [
                {
                    name: ""some name"",
                    third: [{
                            id: 1,
                            name: ""some name""
                        }, {
                            id: 2,
                            name: ""some name""
                        }, {
                            id: 3,
                            name: ""some name""
                        }]
                }
            ] 
        }
    ]
}
</code></pre>

<p>I tried to use the follwing query</p>

<pre><code>db.getCollection(""collection"").aggregate
([     
    {
        ""$addFields"": { 
            ""first.second.third.id"": ""$first.second.third.id"",            
            ""first.second.third.name"": ""$first.second.name""
        }
    }
])
</code></pre>

<p>but it had no effect. 
How do I get desired result?
Thank you in advance!</p>; Answer: That's whats confusing me. I was doing something like:  `ArrayAdapter<LinearLayout> adapter = new ArrayAdapter<LinearLayout>(...)`","[-0.03687497228384018, 0.027690047398209572, 0.019925471395254135, -0.01496101263910532, -0.018505122512578964, 0.041041333228349686, 0.006367899477481842, -0.03952629119157791, -0.024375898763537407, -0.01961434818804264, 0.020588301122188568, 0.006611387711018324, 0.01680070348083973, -0.02329372800886631, -0.012864306569099426, -0.00826507993042469, 0.01086905412375927, -0.001611420069821179, -0.014284656383097172, -0.017882874235510826, -0.014501090161502361, 0.028839854523539543, -0.006242773495614529, -0.014785160310566425, -0.03287094086408615, -0.0015581570332869887, 0.027595357969403267, -0.015218028798699379, 0.004940786398947239, -0.00019529802375473082, 0.027568303048610687, 0.005038858391344547, -0.019330278038978577, -0.038417067378759384, -0.00857620406895876, -0.008988781832158566, 0.0040885768830776215, 0.0034494197461754084, 0.028055280447006226, 0.015529152937233448, 0.05329691618680954, -0.008772348053753376, 0.0050253309309482574, -0.021589308977127075, -0.014460508711636066, 0.018802719190716743, 0.006422007922083139, -0.02702721767127514, -0.009293142706155777, -0.00025194292538799345, 0.022509153932332993, 0.025133419781923294, -0.04409846290946007, -0.005211329087615013, -0.02181927114725113, -0.00986128207296133, 0.01682775840163231, 0.03687497228384018, 0.018180470913648605, 0.0065302252769470215, 0.023767178878188133, 0.030950088053941727, -0.007419634144753218, 0.01171450037509203, -0.004007413983345032, -0.01843748614192009, 0.014690469950437546, -0.002779826521873474, 0.003588072955608368, -0.015745585784316063, 0.01980372704565525, 0.02981380932033062, 0.003214385826140642, -0.00581666873767972, 0.025620395317673683, -0.007169382181018591, -0.019357332959771156, 0.021021170541644096, 0.022847333922982216, -0.004359119571745396, 0.006161610595881939, -0.008393588475883007, -0.037740711122751236, 0.02208981290459633, -0.00829213485121727, 0.025241635739803314, -0.010645856149494648, 0.03587396442890167, 0.005363509524613619, 0.0023943032138049603, 0.007094983011484146, 0.005799759645015001, 0.03738900646567345, 0.006472734734416008, 0.0017382369842380285, 0.031572334468364716, -0.0016274836380034685, 0.02984086237847805, -0.012329984456300735, -0.009590739384293556, -0.048102498054504395, 0.005306019447743893, -0.030679544433951378, -0.007372289430350065, -0.027460087090730667, -0.00402432307600975, 0.00845446065068245, -0.011166650801897049, 0.003665853990241885, -0.0015429389895871282, -0.005410854704678059, 0.005241765175014734, 0.019411440938711166, -0.02004721574485302, 4.435949449543841e-05, -0.007737522013485432, 0.014433454722166061, -0.04258342459797859, -0.009543394669890404, -0.003388547571375966, -0.003043605713173747, 0.02217097580432892, 0.027365397661924362, -0.028190551325678825, 0.01977667398750782, 0.010152115486562252, 0.005194420460611582, -0.010233278386294842, -0.0026648459024727345, -0.008123045787215233, 0.0294350478798151, 0.03630683571100235, 0.012052678503096104, 0.02018248662352562, -0.023604853078722954, 0.023415472358465195, -0.001700191991403699, 0.008325952105224133, -0.012120313942432404, -0.01781523786485195, 0.019384386017918587, 0.019046207889914513, -0.0003652326704468578, -0.0229690782725811, -0.02272558957338333, 0.009935681708157063, -0.002808571793138981, -0.008238025940954685, 0.011288395151495934, -0.005955321714282036, 0.0030537510756403208, 0.010267096571624279, -0.0008112054783850908, 0.015867330133914948, -0.031085358932614326, 0.008298898115754128, -0.016462525352835655, 0.000201533199287951, -0.007453452330082655, 0.005525835324078798, 0.017138881608843803, 0.0021423602011054754, -0.012830488383769989, -0.008515331894159317, -0.0151909738779068, 0.0369831919670105, -0.010395604185760021, -0.04066257178783417, -0.01999310776591301, -0.01715240813791752, 0.012242058292031288, 0.010862290859222412, 0.0007511787698604167, 0.02122407779097557, 0.0013332683593034744, -0.028921017423272133, 0.013905895873904228, 0.024835823103785515, -0.03330380842089653, -0.023943031206727028, -0.008562677539885044, 0.007602250669151545, 0.005143693648278713, 0.026418497785925865, -0.011930934153497219, -0.0356304757297039, -0.0024365754798054695, -0.006959711667150259, 0.006181901320815086, 0.017612330615520477, 0.013635353185236454, 0.00965837575495243, -0.013195721432566643, -0.004332065582275391, -0.589566707611084, -0.006865021772682667, -0.005160602740943432, -0.03427776321768761, -0.0023368129041045904, -0.006848112680017948, -0.017314733937382698, 0.020358340814709663, -0.03384489566087723, 0.027121908962726593, -0.024998147040605545, 0.019086789339780807, -0.014338764362037182, -0.0131348492577672, 0.00034916921867989004, -0.0012791597982868552, 0.011890352703630924, -0.024105357006192207, -0.018072254955768585, -0.004835951142013073, -0.02361837960779667, 0.026634931564331055, 0.01996605284512043, -0.0066350605338811874, -0.017111826688051224, -0.00048697690363042057, -0.01138984877616167, -0.004578935448080301, -0.002416284754872322, 0.026607876643538475, -0.031518228352069855, 0.02449764311313629, 0.015556206926703453, 0.00459584454074502, 0.05876187980175018, 2.0911578758386895e-05, -0.017436478286981583, 0.02321256510913372, -0.009766592644155025, 0.03738900646567345, -0.005955321714282036, -0.01238409336656332, 0.015799695625901222, -0.024227101355791092, -0.0065572792664170265, 0.024024194106459618, 0.014703997410833836, -0.0014676942955702543, 0.0019276168895885348, -0.025633923709392548, 0.018423959612846375, 0.02662140503525734, -0.023983612656593323, 0.006195428315550089, 0.03338497132062912, -0.020818263292312622, 0.011809189803898335, -0.005326309707015753, 0.02452469803392887, 0.015502098016440868, 0.020006634294986725, 0.008089227601885796, -0.01988488994538784, -0.007987773977220058, -0.03419660031795502, 0.012045915238559246, -0.004342210944741964, 0.009401359595358372, -0.0063104089349508286, -0.0162325631827116, 0.012248821556568146, 0.0010948525741696358, 0.001934380503371358, 0.008725003339350224, 0.011957988142967224, 0.010043898597359657, 0.017274152487516403, -0.003621890675276518, -0.024010667577385902, 0.021048223599791527, 0.024944039061665535, -0.011173414997756481, -0.03847117722034454, -0.0053094010800123215, 0.0022471954580396414, -0.0036387997679412365, -0.035062339156866074, -0.01642194390296936, 0.015826748684048653, 0.0015226482646539807, -0.0041528306901454926, 0.025566287338733673, -0.001770364004187286, -0.007345234975218773, -0.00987480953335762, 0.008420642465353012, -0.0050287130288779736, -0.009489285759627819, 0.03958040103316307, -0.021751634776592255, -0.010470003820955753, 0.0032076220959424973, -0.02436237223446369, 0.011558937840163708, 0.016543688252568245, 0.015880858525633812, -0.00739934341982007, 0.016273144632577896, 0.025498652830719948, -0.017355315387248993, -0.020737100392580032, 0.021481093019247055, -0.006033102981746197, -0.0038890517316758633, -0.025214582681655884, -0.035170555114746094, -0.0010694891680032015, -0.01778818480670452, -0.004555263090878725, -0.0036895263474434614, 0.013919423334300518, 0.028488149866461754, 0.007216727361083031, -0.007622541394084692, 0.00927285198122263, 0.00842740572988987, 0.014365818351507187, -0.017382370308041573, -0.001729782554320991, 0.003723344299942255, 0.006932657212018967, -0.010584983974695206, 0.037767764180898666, -0.0034629469737410545, 0.007040874566882849, -0.011383085511624813, 0.002450102474540472, -0.0062461551278829575, 0.010584983974695206, -0.015948493033647537, 0.0031399864237755537, 0.015015121549367905, 0.041852958500385284, -0.004805515054613352, 0.006432153284549713, -0.006496407091617584, -0.05562358349561691, 0.001664683222770691, -0.051484279334545135, -0.0027223362121731043, -0.028515202924609184, -0.0007342698518186808, 0.00296582467854023, 0.015583260916173458, 0.009529867209494114, 0.00826507993042469, 0.000697492971085012, -0.037848927080631256, -0.013973532244563103, -0.04233993589878082, 0.002492374973371625, 0.02957032062113285, -0.014176438562572002, 0.004572172183543444, -0.00751432403922081, -0.0252281092107296, -0.02766299434006214, 0.015759114176034927, -3.865273538394831e-05, -0.008752057328820229, -0.0013079049531370401, -0.024430008605122566, -0.013175430707633495, -0.005045621655881405, 0.011802426539361477, 0.0163678340613842, -0.038227688521146774, -0.024213574826717377, -0.018829774111509323, 0.0014507853193208575, 0.008461223915219307, 0.003161968197673559, 0.017220044508576393, -0.032059311866760254, 0.01471752393990755, -0.010808181948959827, 0.021508146077394485, 0.03019256889820099, -0.005454817786812782, 0.04442311450839043, 0.011870061978697777, 0.01819399744272232, -0.011464248411357403, -0.007311417255550623, -0.0209805890917778, 0.003143368288874626, 0.022143922746181488, -0.0004882450739387423, 0.02348310872912407, 0.0106932008638978, 0.023821286857128143, -0.0011455793865025043, 0.021156441420316696, -0.002404448576271534, 0.028325824066996574, -0.016070237383246422, -0.005170747637748718, -0.003604981815442443, 0.03027373179793358, 0.015082756988704205, 0.011295158416032791, -0.02299613133072853, 0.01786934770643711, -0.001758527709171176, -0.010808181948959827, 0.024186519905924797, 0.002209995873272419, 0.003675999352708459, 0.005650961305946112, 0.01757175102829933, -0.009184925816953182, 0.006516697816550732, 0.012844015844166279, 0.011335739865899086, -0.015569733455777168, 0.00022045004880055785, -0.013770624995231628, 0.02635086141526699, -0.0065302252769470215, -0.005678015295416117, 0.0051673660054802895, 0.014365818351507187, 0.02162989042699337, 0.01642194390296936, 0.0007008747779764235, -0.010699965059757233, 0.004389555659145117, -0.0020070888567715883, 0.0303819477558136, -0.014514617621898651, 0.009299905970692635, 0.034683577716350555, 0.015150392428040504, -0.034629467874765396, 0.040987223386764526, 0.013270121067762375, 0.026797257363796234, 0.03714551776647568, 0.011024615727365017, 0.03701024502515793, -0.009915390983223915, 0.008001301437616348, -0.010598511435091496, 0.003669235622510314, 0.0077781034633517265, -0.03257334604859352, 0.012871069833636284, 0.017558222636580467, 0.007920138537883759, 0.023970086127519608, 0.00043709558667615056, -0.03005729615688324, 0.019262641668319702, -0.022603845223784447, 0.013987058773636818, 0.02116996794939041, 0.005535980686545372, -0.022373883053660393, -0.011464248411357403, -0.012417911551892757, -0.005035476293414831, -0.05394621938467026, -0.00829213485121727, -0.041284821927547455, -0.004315156489610672, -0.007947192527353764, -0.012573473155498505, 0.001582674914970994, 0.006604624446481466, 0.031193576753139496, -0.012979287654161453, 0.0044064647518098354, 0.007304653525352478, -0.005522453226149082, -0.010605274699628353, 0.0021609601099044085, 0.0003886938211508095, 0.015786167234182358, -0.0004561181413009763, 0.005065912380814552, -0.0040885768830776215, 0.009813937358558178, 0.013330993242561817, -0.0220627598464489, -0.008772348053753376, 0.022468574345111847, 0.02919156104326248, 0.02340194582939148, 0.009360778145492077, 0.0006970702670514584, -0.0008640458108857274, 0.022225085645914078, -0.017612330615520477, 0.010672910138964653, 0.05567769333720207, 0.011660391464829445, -0.004852860234677792, -0.0335472971200943, 0.006746659055352211, 0.017477059736847878, -0.018613340333104134, -0.006357754115015268, -0.01328364759683609, 0.016097292304039, 0.0031940951012074947, -0.005951940082013607, -0.007088219281286001, 0.015934966504573822, 0.014839268289506435, -0.0034663286060094833, -0.014244074933230877, -0.03232985734939575, -0.019019152969121933, 0.05088908597826958, 0.038092415779829025, 0.031734660267829895, -0.003074041800573468, -7.992106816345768e-07, -0.00845446065068245, 0.008231262676417828, -0.010476767085492611, -0.017409425228834152, 0.009083472192287445, -0.03941807523369789, -0.013073977082967758, -0.01953318528831005, 0.02648613229393959, -0.016070237383246422, 0.00490358704701066, 0.011843007989227772, -0.018207525834441185, -0.009671902284026146, -0.019871363416314125, -0.024646442383527756, -0.003300621174275875, -0.001072025508619845, 0.021291712298989296, 0.02116996794939041, 0.01923558861017227, 0.005163984373211861, 0.008914383128285408, -0.005417617969214916, 0.031653497368097305, -0.05286404862999916, 0.01489337719976902, 0.003143368288874626, 0.02675667591392994, 0.013790915720164776, -0.026310279965400696, 0.05216063931584358, 0.009435177780687809, 0.0032093131449073553, 0.02503872849047184, -0.00038383249193429947, -0.023983612656593323, 0.021859852597117424, 0.00010060807835543528, 0.0039059605915099382, 0.03733489662408829, -0.01625961810350418, -0.015799695625901222, 0.01260052714496851, 0.0014786850661039352, 0.014162912033498287, -0.011937697418034077, -0.013040159828960896, -0.021372875198721886, -0.007277599535882473, 0.006334081757813692, -0.003851852146908641, -0.021941015496850014, -0.020682990550994873, 0.001501512131653726, -0.027568303048610687, -0.015163919888436794, -0.007277599535882473, 0.03641505166888237, -0.01262758206576109, -0.022346829995512962, -0.026175009086728096, -0.022495627403259277, 0.007886320352554321, -0.011856535449624062, 0.005049003753811121, -0.013845023699104786, -0.016489578410983086, -0.032059311866760254, 0.01179566327482462, 0.041744742542505264, 0.013107795268297195, 0.006073684431612492, 0.01215413212776184, 0.01838337816298008, 0.004731115885078907, -0.0019276168895885348, -0.034494198858737946, -0.000984099111519754, 0.013026632368564606, 0.010368550196290016, -0.003248203545808792, 0.010564693249762058, -0.019573766738176346, -0.022590316832065582, 0.007250545080751181, 0.005109875928610563, 0.0011506520677357912, 0.020141905173659325, -0.0014972848584875464, 0.005941794719547033, 0.017517641186714172, 0.006435534916818142, 0.027203071862459183, 0.004443664103746414, -0.01682775840163231, 0.010219751857221127, 0.008711475878953934, -0.03306031972169876, 0.0061075021512806416, -0.005147075280547142, -0.002832244150340557, 0.0044707185588777065, 0.010070952586829662, -0.01757175102829933, -0.001758527709171176, 0.004051377531141043, -0.009604266844689846, -0.00232159486040473, -0.0009198452462442219, 0.024538224563002586, -0.007554905489087105, -0.01186329871416092, 0.017247099429368973, -0.010842000134289265, 0.003692908212542534, 0.01178213581442833, -0.020696518942713737, 0.03738900646567345, 0.007866029627621174, -0.03040900267660618, -0.008752057328820229, -0.0057591781951487064, -0.007818684913218021, 0.007825448177754879, -0.005539362318813801, -0.0049204956740140915, 0.027865901589393616, -0.004362501669675112, -0.007237018086016178, -0.05584001913666725, 0.004244138952344656, -0.0010686437599360943, -0.0066282968036830425, 0.006939420942217112, -0.002421357436105609, 0.014068221673369408, -0.0301114059984684, -0.022427992895245552, -0.01816694438457489, -0.013236302882432938, -0.02984086237847805, -0.00082092807861045, 0.014027640223503113, -0.004355737939476967, 0.02975969947874546, -0.006844731047749519, -0.007906611077487469, -0.011227522976696491, -0.002404448576271534, -0.03614450991153717, -0.020304230973124504, -0.006750041153281927, 0.009157870896160603, 0.030517220497131348, 0.0052316198125481606, 0.02651318721473217, -0.01811283640563488, 0.010929926298558712, -0.005698306020349264, 0.004700679797679186, 0.015407408587634563, 0.008826456032693386, 0.0002301726781297475, 0.006229246500879526, 0.010740546509623528, 0.031680554151535034, 0.011146360076963902, 0.012093259952962399, -0.018802719190716743, 0.0015446299221366644, 0.041149549186229706, -0.02984086237847805, 0.007953955791890621, -0.0075278514996171, -0.05372978374361992, -0.013790915720164776, 0.038146525621414185, -0.031788770109415054, -0.006438917014747858, -0.028623420745134354, 0.018735084682703018, 0.007757812738418579, 0.020912952721118927, 0.026093846186995506, -0.004463954828679562, 0.027094854041934013, 0.0081162815913558, 0.00036903718137182295, -0.024227101355791092, -0.005948557984083891, -0.011707736179232597, -0.020439503714442253, -0.019343804568052292, -0.021589308977127075, -0.0004933177260681987, -0.007744285743683577, 0.006509934552013874, 0.029110398143529892, 0.00048528602928854525, 0.00030837644590064883, 0.031004196032881737, 0.008021592162549496, -0.003506910055875778, -0.013817969709634781, -0.026310279965400696, -0.002592137549072504, -0.020277177914977074, -0.022022178396582603, -0.011802426539361477, 0.0249575674533844, 0.026607876643538475, -0.003926251549273729, 0.010057426057755947, -0.01827516034245491, -0.012086496688425541, 0.012735798954963684, -0.031761717051267624, 0.028785746544599533, 0.010835235938429832, 0.015461516566574574, 0.009239033795893192, -0.015772640705108643, -0.004994895309209824, 0.011410139501094818, 0.02280675247311592, 0.005840341094881296, 0.04423373565077782, 0.04399024695158005, -0.013547427020967007, -0.04220466688275337, 0.01615140028297901, -0.004917114041745663, 0.022346829995512962, -0.009496049955487251, 0.037767764180898666, 0.01479868683964014, -0.013946477323770523, -0.0033919294364750385, 0.001195460674352944, -0.037740711122751236, 0.010530875995755196, -0.011809189803898335, 0.0006201346404850483, -0.004555263090878725, 0.0060432483442127705, -0.03254628926515579, 0.027460087090730667, -0.008156863041222095, 0.04653334990143776, 0.02157578244805336, 0.00888056494295597, -0.027730628848075867, -0.012945469468832016, 0.009847755543887615, 0.02474113181233406, -0.007866029627621174, 0.025376908481121063, -0.014676942490041256, 0.010760837234556675, -0.014771632850170135, -0.003899197094142437, -0.004142685327678919, -0.005339837167412043, -0.002005398040637374, 0.03389900550246239, -0.028812799602746964, -0.002100087935104966, 0.011200468987226486, 0.010388840921223164, 0.006712841335684061, 0.004731115885078907, -0.02986791729927063, -0.012593763880431652, -0.00041722762398421764, 0.002319903811439872, 0.02275264263153076, -0.01497454009950161, 0.01699008233845234, -0.004812278784811497, -0.005644197575747967, 0.023970086127519608, -0.014676942490041256, -0.013466264121234417, 0.003046987345442176, -0.031193576753139496, -0.038254741579294205, -0.007730758283287287, 0.023415472358465195, 0.03687497228384018, -0.010618802160024643, -0.0023063768167048693, 0.015475044026970863, 0.005414236336946487, -0.0001811368128983304, -0.004213702864944935, 0.007703704293817282, -0.0041595944203436375, -0.019343804568052292, 0.0030351511668413877, 0.011146360076963902, -0.010591748170554638, -0.010016844607889652, -0.025403961539268494, -0.047994278371334076, -0.021237604320049286, -0.0011760153574869037, 0.007243781350553036, -0.022793224081397057, -0.020304230973124504, 0.016922447830438614, 0.002416284754872322, 0.011193705722689629, -0.015948493033647537, -0.031599391251802444, 0.014609307050704956, -0.01314837671816349, 0.0013611681060865521, -0.0010559620568528771, 0.0031281502451747656, -0.003997268620878458, -0.024808768182992935, 0.021048223599791527, -0.023415472358465195, -0.04261047765612602, -0.0066993143409490585, 0.012952232733368874, 0.0027172635309398174, -0.010145352222025394, -0.019249115139245987, -0.017585277557373047, -0.0005719442269764841, -0.012228530831634998, 0.026959583163261414, -0.01797756366431713, 0.007040874566882849, 0.007757812738418579, 0.02959737367928028, 0.009556922130286694, 0.008596494793891907, -0.011815953999757767, -0.03306031972169876, -0.027892954647541046, -0.03609040006995201, -0.002877898281440139, -0.008271844126284122, -0.007764576468616724, 0.0377948172390461, 0.017679966986179352, -0.01025356911122799, -0.016164928674697876, 0.0038789063692092896, -0.047940172255039215, -0.028542257845401764, 0.0072911265306174755, -0.013730043545365334, 0.04983397200703621, 0.03625272586941719, -0.0027950445655733347, 0.05026683956384659, 0.008785875514149666, 0.00979364663362503, -0.02962442860007286, -0.003675999352708459, 0.004041232168674469, -0.014189966022968292, -0.0037842164747416973, -0.01813988946378231, -0.050997305661439896, -0.00858973152935505, 0.010341495275497437, -0.008873801678419113, 0.0104902945458889, 0.023902449756860733, -0.007020583841949701, -0.032194584608078, 0.007771339733153582, 0.01792345568537712, -0.019600819796323776, 0.0011354340240359306, 0.025633923709392548, -0.03292505070567131, -0.006442298647016287, -0.0003138718311674893, -0.0029928789008408785, 0.0012563327327370644, 0.00850856862962246, 0.010672910138964653, -0.00018990831449627876, 0.031031250953674316, -0.02511989139020443, 0.00019286737369839102, -0.01680070348083973, -0.01321601215749979, 0.034764740616083145, 0.011910643428564072, 0.0047514066100120544, 0.038227688521146774, 0.011775372549891472, 0.016354307532310486, -0.009786883369088173, 0.022103341296315193, 0.005319546442478895, -0.0050963484682142735, 0.0303819477558136, -0.010294150561094284, 0.00023524535936303437, -0.020750626921653748, 0.007203199900686741, -0.02127818576991558, 0.001659610541537404, 0.0200742706656456, 0.002632718998938799, -0.031518228352069855, -0.016137873753905296, -0.013750334270298481, -0.02455175295472145, -0.03281683102250099, 0.009813937358558178, 0.001676519401371479, -0.01889740861952305, -0.00010583927360130474, -0.004947550129145384, -0.006905603222548962, -0.0027916627004742622, 0.018748611211776733, -0.006739895790815353, -0.0390663705766201, 0.021535200998187065, 0.02045303024351597, -0.008995546028017998, -0.011349267326295376, 0.22076286375522614, 0.0012056060368195176, 0.0016587651334702969, 0.003571164095774293, -0.01100432500243187, 0.000715247355401516, 0.008224498480558395, -0.0034629469737410545, -0.03560342267155647, -0.001285078004002571, -0.0007900692871771753, -0.0026682275347411633, -0.020764153450727463, -0.0030994052067399025, -0.004812278784811497, -0.002226904733106494, -0.031896986067295074, -0.026634931564331055, -0.023888923227787018, -0.027865901589393616, 0.04004032537341118, 0.001178551698103547, -0.0021068514324724674, -0.020642410963773727, 0.027920009568333626, -0.007642832119017839, 0.009198452346026897, 0.0037267261650413275, 0.014068221673369408, 0.00676356814801693, -0.004524827003479004, 0.005657724570482969, 0.007264072075486183, -0.012201476842164993, -0.014257601462304592, -0.015718532726168633, 0.024105357006192207, 0.02383481338620186, -0.00022298638941720128, 0.028271714225411415, 0.01215413212776184, -0.024565279483795166, -0.0019107080297544599, -0.0010162261314690113, -0.007379052694886923, -0.013689462095499039, -0.01474457886070013, -0.005779468920081854, -0.010652619414031506, 0.04715559631586075, -0.016733067110180855, -0.006760186515748501, 0.02986791729927063, 0.017585277557373047, 0.013060450553894043, -0.010382076725363731, 0.02203570492565632, 0.004900204949080944, -0.00370643544010818, 0.03719962388277054, -0.011910643428564072, 0.029083343222737312, 0.025863884016871452, 0.016624851152300835, -0.0012876143446192145, 0.017409425228834152, -0.007108510006219149, -0.011964752338826656, 0.007838975638151169, 0.008089227601885796, 0.011667154729366302, -0.016787176951766014, 0.005319546442478895, -0.009705720469355583, -0.013500082306563854, -0.020223068073391914, 0.03370962291955948, 0.007751049008220434, 0.0034798558335751295, 0.02662140503525734, -0.0004738724965136498, -0.05297226458787918, -0.01148453913629055, -0.012431438080966473, -0.035116445273160934, -0.011491302400827408, -0.014758105389773846, 0.006851494777947664, -0.015786167234182358, -0.011308685876429081, 0.010659383609890938, 0.021129386499524117, -0.009198452346026897, -0.0044335187412798405, 0.0023587944451719522, 0.015975547954440117, 0.028650475665926933, 0.031139466911554337, -0.018586285412311554, -0.017138881608843803, -0.028948072344064713, 0.04220466688275337, 0.015569733455777168, 0.012607291340827942, -0.025782721117138863, 0.020655937492847443, 0.0034054566640406847, 0.004382792394608259, 0.01163333747535944, -0.03295210376381874, 0.011890352703630924, -0.04220466688275337, -0.0034730923362076283, -0.01803167350590229, 0.008332716301083565, 0.0017433096654713154, 0.012018860317766666, -0.01723357103765011, 0.02364543452858925, -0.0034933830611407757, 0.016002602875232697, -0.04596520960330963, 0.01644899696111679, 0.012066205963492393, -0.018735084682703018, -0.03262745216488838, -0.04031086713075638, -0.005333073437213898, 0.030652491375803947, -0.00905641820281744, 0.019222060218453407, -0.004917114041745663, -0.019817255437374115, -0.03013845905661583, -0.019100315868854523, 0.015853803604841232, -0.010240042582154274, 0.004771697334945202, 0.02264442667365074, 0.001448248978704214, 0.009901863522827625, -0.03722668066620827, 0.0401485413312912, 0.006330699659883976, -0.004534972365945578, -0.008907618932425976, 0.01661132276058197, -0.0151909738779068, 0.0005706760566681623, -0.024064775556325912, -0.006824440322816372, -0.009015836752951145, 0.009252561256289482, -0.030841870233416557, -0.0038078888319432735, -0.03657737746834755, 0.0101724062114954, -0.041609469801187515, -0.002438266295939684, 0.0038146525621414185, -0.03419660031795502, 0.019195007160305977, 0.015975547954440117, -0.004463954828679562, -0.01846454106271267, -0.01876213774085045, -0.1699008345603943, 0.031220629811286926, 0.0372537337243557, -0.01650310680270195, 0.0036421814002096653, 0.018451014533638954, 0.011721263639628887, -0.00524514727294445, -0.0390663705766201, -0.012458493001759052, 0.01843748614192009, -0.015894385054707527, -0.05299932137131691, -0.017504114657640457, 0.0038958152290433645, 0.013804442249238491, -0.0072911265306174755, 0.0009993171552196145, 0.010314441286027431, 0.021589308977127075, 0.01832927018404007, -0.011937697418034077, 0.01336481049656868, -0.012931942008435726, -0.0019123988458886743, 0.03373667970299721, 0.006547133903950453, 0.003858615644276142, -0.01655721478164196, -0.0020493611227720976, 0.016083765774965286, -0.017314733937382698, 0.03438597917556763, -0.008941437117755413, 0.0020781063940376043, -0.02667551301419735, 0.010179170407354832, -0.008041882887482643, -0.008738529868423939, 0.005228238180279732, 0.02042597532272339, -0.008271844126284122, -0.0029573701322078705, 0.027338342741131783, 0.027419505640864372, 0.03587396442890167, 0.01471752393990755, -0.007142328191548586, 0.0232396200299263, -0.01669248566031456, 0.018694503232836723, -0.03592807427048683, -0.008860274218022823, 0.005799759645015001, 0.01805872656404972, 0.01653015986084938, 0.025809776037931442, 0.018072254955768585, -0.024172993376851082, -0.01688186638057232, 0.005860631819814444, -0.017355315387248993, -0.0006556434091180563, -0.00925932452082634, -0.01490690466016531, 0.0004379410529509187, -0.025742139667272568, 0.028244661167263985, -0.017450006678700447, 0.010598511435091496, -0.006854876410216093, 0.008846746757626534, 0.011572465300559998, -0.0010923162335529923, -0.0013992132153362036, 0.019952526316046715, -0.020953534170985222, -0.011890352703630924, 0.010131824761629105, 0.021832797676324844, -0.027013691142201424, 0.04723675921559334, -0.00826507993042469, 0.035197608172893524, -0.018288688734173775, -0.012539654970169067, 0.0010779437143355608, -0.00224043196067214, -0.003381784074008465, 0.012783143669366837, 0.028785746544599533, -0.051159631460905075, -0.02187337912619114, 0.002034143079072237, 0.011937697418034077, 0.020642410963773727, 0.020872371271252632, 0.022306248545646667, 0.013601535931229591, 0.017612330615520477, 0.01631372608244419, -0.012844015844166279, -0.01496101263910532, 0.00615822896361351, 0.01473105140030384, -0.005708451382815838, 0.027148962020874023, 0.002069651847705245, 0.04545117914676666, 0.001202224288135767, -0.023442527279257774, 0.011876825243234634, -0.017693493515253067, 0.022576790302991867, -0.01677364856004715, 0.04380086809396744, -0.015218028798699379, 0.0005694078863598406, 0.007764576468616724, -0.012877834029495716, 0.034548304975032806, -0.026229117065668106, -0.0032279128208756447, 0.004436900839209557, 0.0007089065038599074, 0.01322953961789608, -0.08338126540184021, -0.004443664103746414, -0.00988833699375391, 0.020682990550994873, -0.034981176257133484, -0.024321790784597397, -0.020006634294986725, 0.019154425710439682, -0.04025675728917122, 0.027514195069670677, -0.05332397297024727, -0.019208533689379692, 0.003753780387341976, 0.021535200998187065, 0.01504217553883791, -0.0002620882587507367, -0.009049654006958008, 0.031680554151535034, -0.005559653043746948, 0.035359933972358704, -0.016814230009913445, -0.012864306569099426, 0.034845903515815735, -0.011362794786691666, -0.01513686589896679, 0.03333086520433426, -0.025579815730452538, -0.004737879615277052, 0.03030078485608101, -0.034575361758470535, 0.010111534036695957, -0.028271714225411415, 0.004007413983345032, -0.03211342170834541, -0.017652912065386772, -0.026986636221408844, -0.004308392759412527, 0.028893962502479553, 0.012147368863224983, -0.032140474766492844, 0.0071829091757535934, 0.026689039543271065, -0.005718596745282412, -0.0023537217639386654, 0.008501805365085602, 0.001184469903819263, -0.019019152969121933, 0.02307729423046112, 0.025092838332057, -0.029110398143529892, -0.05213358253240585, 0.0014288037782534957, -0.02476818673312664, -0.011247813701629639, 0.03625272586941719, 0.023334309458732605, 0.018045200034976006, -0.006932657212018967, -0.013797678984701633, 0.02591799385845661, -0.020682990550994873, -0.020087797194719315, -0.009813937358558178, 0.01103137992322445, 0.024862876161932945, 0.01961434818804264, 0.0025008292868733406, -0.01140337623655796, -0.011944461613893509, 0.011450720950961113, -0.009130816906690598, -0.0019394531846046448, -0.03695613518357277, 0.013865314424037933, -0.041230712085962296, 0.008711475878953934, -0.0183563232421875, -0.014474036172032356, 0.017314733937382698, -0.0005533444345928729, -0.004873150959610939, -0.015542679466307163, -0.002346958266571164, -0.004497773014008999, 0.03016551397740841, -0.006293500307947397, 0.009895100258290768, -0.01262758206576109, -2.2840253222966567e-05, -0.041447144001722336, -0.012992814183235168, -0.0029286250937730074, 0.014649888500571251, -0.025985628366470337, -0.02329372800886631, 0.007642832119017839, -0.03306031972169876, -0.009922154247760773, 0.0031027868390083313, 0.001436412800103426, -0.005282346624881029, -0.021345820277929306, -0.04334094375371933, 0.03676675632596016, -0.01025356911122799, -0.04626280441880226, 0.0016418561572209, -0.02160283736884594, -0.01251936424523592, -0.020764153450727463, 0.028055280447006226, 0.013270121067762375, -0.001700191991403699, 0.025688031688332558, 0.016381362453103065, -0.003124768380075693, 0.009144344367086887, -0.011423666961491108, 0.0013095958856865764, 0.01269521750509739, 0.020223068073391914, 0.014555199071764946, 0.0050253309309482574, 0.003604981815442443, 0.01179566327482462, 0.019276170060038567, 0.0013780769659206271, -0.008887328207492828, 0.010327968746423721, 0.026066791266202927, -0.027757683768868446, -0.002798426430672407, 0.02591799385845661, -0.020791208371520042, -0.017625859007239342, 0.01137632131576538, 0.016381362453103065, -0.013270121067762375, 0.012140604667365551, 0.031464118510484695, 0.006327318027615547, 0.00889409240335226, -0.01230293046683073, -0.04025675728917122, -0.0100371353328228, -0.012891360558569431, -0.008461223915219307, -0.016516633331775665, -0.008028355427086353, 0.01628667302429676, 0.006871785037219524, -0.014352291822433472, 0.02597210183739662, 0.02498462051153183, -0.016273144632577896, -0.012607291340827942, -0.035116445273160934, -0.03284388780593872, 0.004430137109011412, 0.010273859836161137, -0.0029590611811727285, 0.005836959462612867, 0.051321953535079956, 0.0035204372834414244, -0.000815009989310056, -0.021751634776592255, 0.006854876410216093, -0.02479524165391922, -0.007338471245020628, 0.02487640455365181, 0.03414249047636986, -0.0179505106061697, 0.009076708927750587, -0.02217097580432892, 0.008839983493089676, 0.006536988541483879, 0.006821058690547943, 0.005130166653543711, -0.011112542822957039, -0.012100023217499256, 0.005383800249546766, 0.016097292304039, 0.01881624571979046, -0.018369851633906364, -0.004761551972478628, -0.00917816162109375, 0.03636094182729721, 0.020628882572054863, -0.014582253061234951, 0.021048223599791527, 0.011099015362560749, 0.0007689331541769207, -0.008258316665887833, 0.02165694534778595, -0.0249575674533844, 0.017828766256570816, 0.010916398838162422, -0.027324816212058067, -0.028055280447006226, 0.0003844665770884603, 0.015921439975500107, -0.001688355696387589, 0.007013820111751556, 0.020764153450727463, -0.011410139501094818, -0.013723279349505901, -0.011247813701629639, -0.012323221191763878, -0.031896986067295074, -0.015461516566574574, -0.0007262381259351969, 0.012769617140293121, -0.010848763398826122, -0.02468702383339405, -0.028190551325678825, 0.002064579166471958, -0.011924170888960361, 0.00032803305657580495, 0.0016367834759876132, -0.021643418818712234, -0.013479791581630707, 0.011599519290030003, 0.017882874235510826, 0.0006019575521349907, 0.023767178878188133, -0.0069089848548173904, 0.0183563232421875, 0.024484116584062576, -0.03211342170834541, -0.014298182912170887, 0.022522682324051857, 0.009157870896160603, -0.0017636003904044628, -0.004362501669675112, -0.003588072955608368, -0.004142685327678919, -0.02173810824751854, -0.027649465948343277, 0.006367899477481842, 0.002328358357772231, -0.01481221430003643, 0.06422684341669083, -0.0046127536334097385, -0.003547491505742073, 0.02951621077954769, -0.004031086806207895, 0.0053466004319489, -0.0022083050571382046, 0.002122069476172328, -0.019005626440048218, -0.01088258158415556, 0.009523103944957256, -0.00741287088021636, -0.006915748585015535, -0.028921017423272133, -0.01644899696111679, -0.012492310255765915, 0.01153864711523056, 0.011761845089495182, -0.011268104426562786, 0.01832927018404007, 0.005471726879477501, 0.02702721767127514, 0.015231555327773094, -0.010070952586829662, -0.006161610595881939, 0.022049231454730034, 0.030977142974734306, 0.0009342178818769753, 0.0024010667111724615, -0.012756089679896832, 0.010510585270822048, 0.009523103944957256, -0.041447144001722336, -0.02973264642059803, -0.014419927261769772, -0.030706599354743958, 0.0069461846724152565, 0.0012639417545869946, 0.008447696454823017, 0.011903880164027214, 0.004768315702676773, 0.018072254955768585, -0.011112542822957039, -0.008434169925749302, -0.0074669793248176575, 0.011498065665364265, -0.004115631338208914, -0.04239404574036598, -0.02460586093366146]","[-0.03869515284895897, 0.02940402179956436, 0.015990953892469406, -0.012097271159291267, -0.006491709500551224, 0.04175639525055885, 0.004554938059300184, -0.03418385237455368, -0.024771880358457565, -0.017024794593453407, 0.03090778738260269, 0.0023798460606485605, 0.02459733560681343, -0.025201529264450073, -0.002681942190974951, -0.007975337095558643, 0.010922452434897423, -0.015292775817215443, -0.0010439099278301, -0.022704200819134712, -0.007941771298646927, 0.01178174838423729, -0.0036553628742694855, -0.01929387077689171, -0.03026331588625908, -0.010264554060995579, 0.02101246267557144, -0.010687489062547684, 0.015507600270211697, -0.0036721460055559874, 0.02560432255268097, -0.0014030685415491462, -0.021643508225679398, -0.027900254353880882, -0.011587063781917095, -0.007626248523592949, 0.006347374990582466, 0.010358539409935474, 0.03286805748939514, 0.010418958961963654, 0.04312589764595032, -0.012016711756587029, 0.009264281019568443, -0.02214028872549534, -0.015480747446417809, 0.018421148881316185, 0.008384845219552517, -0.030666111037135124, -0.00745841721072793, -0.001235237461514771, 0.025120969861745834, 0.026235368102788925, -0.043099045753479004, -0.0032559246756136417, -0.025201529264450073, -0.01962953433394432, 0.010251128114759922, 0.04634825512766838, 0.015292775817215443, 0.007861211895942688, 0.029994787648320198, 0.02090505138039589, -0.009653649292886257, 0.021146727725863457, -0.00014496417134068906, -0.008707080967724323, 0.02167036011815071, -0.014393201097846031, 0.0020743932109326124, -0.0076933810487389565, 0.025738587602972984, 0.02393943816423416, -0.0023966291919350624, -0.006441360339522362, 0.0211333017796278, 0.0010363574838265777, -0.025872852653265, 0.019575826823711395, 0.02313384786248207, -0.002707116771489382, 0.008465404622256756, 0.0018075417028740048, -0.03482832387089729, 0.022220846265554428, 0.00011695734428940341, 0.02486586570739746, -0.006384297739714384, 0.04119248315691948, 0.015252497047185898, -0.007109328173100948, 0.0006763596320524812, 0.0034573220182210207, 0.039742421358823776, 0.0005903461133129895, -0.0027641793712973595, 0.035016294568777084, -0.0029085141140967607, 0.02036799117922783, -0.019146179780364037, -0.0035781606566160917, -0.04750293493270874, 0.002128099324181676, -0.017373882234096527, -0.015051099471747875, -0.02074393257498741, -0.006995202973484993, -0.0032844559755176306, -0.0172127652913332, 0.0016455845907330513, -0.008243867196142673, -0.006115767639130354, 0.008653375320136547, 0.017293324694037437, -0.01847485452890396, 0.011983145959675312, -0.007787366397678852, 0.013231809251010418, -0.03391532227396965, -0.011184269562363625, -0.013426493853330612, -0.012359087355434895, 0.008324425667524338, 0.029430873692035675, -0.030317023396492004, 0.02028743177652359, 0.00712275505065918, 0.006246676202863455, -0.023952864110469818, -0.0006738421507179737, -0.005582064855843782, 0.03764788806438446, 0.045757491141557693, 0.00925756711512804, 0.016729410737752914, -0.015467320568859577, 0.024033423513174057, -0.00756582897156477, -0.0014903408009558916, -0.004561651032418013, -0.02167036011815071, 0.01470201089978218, 0.019387856125831604, 0.00027020819834433496, -0.01932072453200817, -0.02729606069624424, 0.02274448052048683, -0.012889433652162552, -0.006659540813416243, -0.002082784892991185, -0.016648851335048676, -0.0007544010877609253, 0.012332234531641006, 0.012835728004574776, 0.01805863343179226, -0.020999036729335785, 0.0004351022944319993, -0.005991572979837656, -0.011983145959675312, 0.011251402087509632, 0.0059613632038235664, 0.011566923931241035, -0.0004155919305048883, -0.002807815559208393, -0.004202492535114288, -0.017387310042977333, 0.034318119287490845, -0.0027574661653488874, -0.03638579696416855, -0.01797807402908802, -0.005464582704007626, 0.018622547388076782, 0.006078844889998436, 0.0052161929197609425, 0.012291954830288887, -0.008579529821872711, -0.02544320560991764, 0.022919025272130966, 0.027739135548472404, -0.02040827088057995, -0.03238470107316971, 0.0002404181577730924, 0.019468415528535843, 0.0003327252925373614, 0.02768542990088463, -0.008190161548554897, -0.03727194666862488, -0.0037996976170688868, -0.0025577470660209656, 0.006901217624545097, 0.012406080029904842, 0.009264281019568443, 0.007700094021856785, -0.0029404021333903074, -0.01129839476197958, -0.5993586778640747, -0.020220300182700157, -0.006928070914000273, -0.035043150186538696, -0.0012755169300362468, 0.0025342507287859917, -0.006038565654307604, 0.01890450343489647, -0.03882941976189613, 0.035472795367240906, -0.025496911257505417, 0.0220597293227911, -0.021388404071331024, -0.0211333017796278, 0.006589051801711321, -0.011412519961595535, 0.0006260102381929755, -0.009734207764267921, -0.005867377854883671, -0.017655838280916214, -0.023509791120886803, 0.012802161276340485, 0.018528562039136887, -0.008170021697878838, -0.005981503054499626, -0.0016313189407810569, -0.002641662722453475, -0.007552402559667826, 0.001057336339727044, 0.02197916992008686, -0.02859843149781227, 0.025738587602972984, 0.002448656829074025, -0.015802983194589615, 0.05735798180103302, 0.009552950039505959, -0.015923822298645973, 0.017387310042977333, -0.00825729314237833, 0.04242771863937378, 0.00010919515625573695, -0.004766405094414949, 0.027739135548472404, -0.02032771147787571, -0.012889433652162552, 0.018380869179964066, 0.02071707881987095, -0.0014702010666951537, -8.328622061526403e-05, -0.023120421916246414, 0.012291954830288887, 0.01809891313314438, -0.02305329032242298, 0.0013753764797002077, 0.02455705590546131, -0.027900254353880882, 0.004306547809392214, -0.007941771298646927, 0.02702753245830536, 0.0002017120859818533, 0.020703652873635292, 0.009331412613391876, -0.025429779663681984, -0.0120099987834692, -0.037594180554151535, 0.02683955989778042, 0.00572639936581254, 0.015292775817215443, -0.013715162873268127, -0.010143715888261795, 0.008881625719368458, -0.007740373723208904, 0.004111863672733307, 0.01979065127670765, 0.0194818414747715, 0.012345660477876663, 0.017239617183804512, -0.012775308452546597, -0.016621999442577362, 0.018488282337784767, 0.014621451497077942, -0.0073912846855819225, -0.03455979377031326, -0.008431837894022465, -0.0003044037730433047, -0.004846964031457901, -0.03652006387710571, -0.03219673037528992, 0.02140183001756668, 0.00978120043873787, -0.00269033364020288, 0.024879293516278267, 0.00161957077216357, -0.00601506931707263, -0.00804918259382248, 0.006874364800751209, -0.0044005331583321095, -0.006397724151611328, 0.04100451245903969, -0.026127956807613373, -0.017414161935448647, -0.0039977384731173515, -0.03141799569129944, 0.00233453162945807, 0.017924368381500244, 0.007767226547002792, -0.015843262895941734, 0.01748129539191723, 0.03053184598684311, -0.005333674605935812, -0.014742289669811726, 0.018434574827551842, -0.0007955197361297905, -0.01447376050055027, -0.017387310042977333, -0.031176317483186722, 0.0013074048329144716, -0.014782569371163845, -0.018300311639904976, -0.0028699131216853857, 0.012862580828368664, 0.037137679755687714, 0.019267018884420395, -0.013446633704006672, 0.018380869179964066, -0.0008001350797712803, 0.01612521894276142, -0.015910394489765167, -0.0007875477895140648, 0.008371418341994286, 0.0019233452621847391, -0.017226191237568855, 0.03498944267630577, -0.008384845219552517, 0.01647430844604969, -0.016340043395757675, -0.004575077909976244, -0.0057465392164886, 0.013661457225680351, -0.022502804175019264, 0.005373953841626644, 0.00454151164740324, 0.03968871384859085, -0.0031837571877986193, 0.00683408509939909, -0.004789901431649923, -0.051101233810186386, 0.0027708925772458315, -0.054994918406009674, -0.0020592885557562113, -0.025282086804509163, 0.0068038757890462875, -0.005545141641050577, 0.01574927754700184, 0.016299763694405556, 0.0036587195936590433, 0.009996024891734123, -0.027631724253296852, -0.018380869179964066, -0.0313374362885952, -0.005202766507863998, 0.01894478313624859, -0.00745841721072793, -0.002148238942027092, -0.012459785677492619, -0.038748860359191895, -0.027927106246352196, 0.017696117982268333, -0.00337844155728817, -0.01251349225640297, -0.01301027275621891, -0.027658576145768166, -0.006152690853923559, -0.01647430844604969, 0.01709192618727684, 0.024395938962697983, -0.040601715445518494, -0.016715984791517258, -0.018380869179964066, 0.003049492370337248, 0.011184269562363625, -0.0014450263697654009, 0.007639674935489893, -0.02921604923903942, 0.023268112912774086, -0.000989364692941308, 0.027014104649424553, 0.023200981318950653, -0.013728589750826359, 0.055102329701185226, 0.020891623571515083, 0.01674283668398857, 0.000616779550909996, -0.015561305917799473, -0.0063171652145683765, -0.007163034286350012, 0.0205156821757555, -0.002114672679454088, 0.029054932296276093, -0.0005123046576045454, 0.01997862197458744, 0.0011194339022040367, 0.018958209082484245, -0.007163034286350012, 0.023778319358825684, -0.01447376050055027, 0.007995476946234703, -0.0075121233239769936, 0.023778319358825684, 0.010002737864851952, 0.007592682261019945, -0.02884010784327984, 0.016219204291701317, 0.005467939656227827, -0.00635073147714138, 0.028007665649056435, -0.001672437647357583, -0.0054746526293456554, 0.003554664086550474, 0.018192898482084274, 0.006169473752379417, 0.008129741996526718, 0.024127408862113953, 0.017427587881684303, -0.010875459760427475, 0.002665159059688449, -0.0037493484560400248, 0.020811066031455994, -0.0005106263561174273, 0.01270146295428276, 0.004091723822057247, 0.023335246369242668, 0.01894478313624859, 0.017199337482452393, -0.0020508968736976385, -0.0008811136358417571, -0.0010153786279261112, -0.0156687181442976, 0.023952864110469818, -0.01971009187400341, 0.000891183502972126, 0.034747764468193054, 0.016971087083220482, -0.03558020666241646, 0.03541909158229828, 0.012218109332025051, 0.02675900235772133, 0.0395813025534153, 0.012090557254850864, 0.0288669615983963, -0.010190708562731743, 0.020180020481348038, -0.007975337095558643, -0.0040480876341462135, 0.011553497985005379, -0.03960815444588661, 0.013923273421823978, 0.024167688563466072, 0.0005420946981757879, 0.030209610238671303, 0.00044223511940799654, -0.044334281235933304, 0.03509685397148132, -0.032975468784570694, 0.010747907683253288, 0.019844356924295425, 0.010922452434897423, -0.02214028872549534, -0.008700367994606495, -0.01612521894276142, -0.00900917686522007, -0.052605003118515015, -0.0008324426016770303, -0.04291107505559921, -0.0013611108297482133, -0.011358813382685184, -0.015346482396125793, 0.0060956282541155815, 0.004977872595191002, 0.029430873692035675, -0.007572542410343885, 0.02047540247440338, 0.0005924440338276327, 0.004373680334538221, -0.006552129052579403, 0.00712275505065918, 0.009264281019568443, 0.014836275018751621, 0.00318543566390872, 3.317288064863533e-05, -0.007955197244882584, 0.01272160280495882, -0.0013468451797962189, -0.02447649836540222, -0.019105900079011917, 0.020623093470931053, 0.02544320560991764, 0.02240881696343422, 0.005202766507863998, 2.505666998331435e-05, 0.004853677470237017, 0.013580898754298687, -0.02383202686905861, -0.0019149536965414882, 0.04965117201209068, 0.01320495642721653, -0.005749895703047514, -0.03037072904407978, 0.007451703771948814, 0.018770238384604454, -0.022650495171546936, -0.011620630510151386, -0.008626522496342659, 0.01612521894276142, 0.010902312584221363, -0.0034237559884786606, -0.006347374990582466, 0.010855319909751415, 0.011654196307063103, -0.0023563497234135866, -0.011936153285205364, -0.03676173835992813, -0.0220597293227911, 0.03877571225166321, 0.018407722935080528, 0.038480330258607864, -0.0020173306111246347, -0.012426219880580902, 0.00269033364020288, 0.007022056262940168, -0.004370323847979307, -0.008217014372348785, 0.007129468023777008, -0.03549965098500252, 0.0045347982086241245, 0.002094533061608672, 0.020153166726231575, -0.0028833395335823298, 0.00998931098729372, 0.009183721616864204, -0.01678311638534069, -0.0052665420807898045, -0.03114946559071541, -0.0234023779630661, 0.0016707592876628041, -0.009902038611471653, 0.03168652579188347, 0.0191730335354805, 0.008767500519752502, 0.012218109332025051, -0.005605561193078756, -0.002812850521877408, 0.030746670439839363, -0.044871341437101364, -0.00359494355507195, -0.011251402087509632, 0.012553771957755089, 0.01709192618727684, -0.0076933810487389565, 0.041165631264448166, 0.013366074301302433, 0.005296751856803894, 0.027819694951176643, -0.009378406219184399, -0.023550068959593773, 0.016313189640641212, -0.0015272636665031314, -0.004578434396535158, 0.0325726717710495, -0.008418411947786808, -0.009284419938921928, 0.011446085758507252, -0.004172282759100199, 0.015950674191117287, -0.018313737586140633, -0.01989806443452835, -0.02675900235772133, -0.013674884103238583, 0.005864020902663469, -0.006008355878293514, -0.012815588153898716, -0.027081238105893135, -0.004115220159292221, -0.024973278865218163, -0.0018646043026819825, 0.0014685227070003748, 0.02552376501262188, -0.006820658687502146, -0.011003011837601662, -0.019884636625647545, -0.03305602818727493, 0.0054008071310818195, -0.025120969861745834, 0.00612248107790947, -0.012063704431056976, -0.013661457225680351, -0.030666111037135124, 0.019602680578827858, 0.04548896104097366, 0.02187175862491131, 0.01047266460955143, 0.006961636710911989, 0.008680228143930435, 0.014151523821055889, -0.011754895560443401, -0.038399770855903625, -0.002979003358632326, 0.005904300604015589, 0.019105900079011917, -0.010553224012255669, 0.013567471876740456, -0.028786402195692062, -0.023456083610653877, 0.015910394489765167, 0.0051926965825259686, -0.0075859688222408295, 0.021844904869794846, -0.001779010402970016, 0.005964719690382481, 0.015870114788413048, 0.0034573220182210207, 0.017991501837968826, 0.0073778582736849785, -0.01801835373044014, 0.008754073642194271, 0.0165951456874609, -0.028625285252928734, 0.010425671935081482, -0.010385393165051937, -0.005592134781181812, 0.006333948578685522, 0.009982598014175892, -0.017145631834864616, -0.002472153166308999, 0.01655486598610878, -0.017427587881684303, 0.0011446085991337895, -0.011284967884421349, 0.013507052324712276, -0.008747360669076443, 0.0005643322947435081, 0.012714889831840992, -0.024624189361929893, 0.0005626539932563901, 0.011519931256771088, -0.017467867583036423, 0.029967933893203735, 0.0061459774151444435, -0.03018275834619999, -0.018340589478611946, -0.008076036348938942, -0.0068542249500751495, 0.0006469891523011029, 0.0024503350723534822, 0.007733660284429789, 0.021603228524327278, -0.013735302723944187, -0.012056991457939148, -0.045059312134981155, 0.0010732803493738174, 0.010707628913223743, -0.009660362266004086, 0.009385119192302227, -0.0036822159308940172, 0.006323878653347492, -0.027739135548472404, -0.013097544200718403, -0.011942866258323193, -0.0170113667845726, -0.027739135548472404, -0.0031132681760936975, 0.021952316164970398, -0.0029118708334863186, 0.015265922993421555, -0.007807506248354912, -0.0018595693400129676, -0.0191730335354805, 0.0045582945458590984, -0.04924837872385979, -0.02224770002067089, 0.0012343982234597206, 0.022153714671730995, 0.024530204012989998, 0.012909573502838612, 0.0240199975669384, -0.016608573496341705, 0.018985062837600708, 0.005538428667932749, 0.0066326879896223545, 0.012372514232993126, 0.010660636238753796, 0.006192970089614391, 0.0019048837712034583, 0.019159605726599693, 0.0395813025534153, -0.00015891513612587005, 0.014097818173468113, -0.015923822298645973, -0.005118850618600845, 0.052685562521219254, -0.028544725850224495, 2.9160666599636897e-05, 0.0006751008913852274, -0.05644498020410538, -0.009714067913591862, 0.02832990139722824, -0.024006569758057594, -0.00038936830242164433, -0.024704748764634132, 0.008539250120520592, 0.007579255849123001, 0.024463070556521416, 0.025416351854801178, 0.00319550558924675, 0.02012631483376026, 0.005471296142786741, -0.01824660412967205, -0.027927106246352196, 0.0029202622827142477, -0.02263706736266613, -0.020999036729335785, -0.023187555372714996, -0.014487186446785927, -0.01223824918270111, -0.007740373723208904, 0.008042469620704651, 0.0293771680444479, -0.00227075582370162, 0.009015890769660473, 0.03249211609363556, 0.009378406219184399, -0.005827098153531551, -0.007371144834905863, -0.012406080029904842, -0.0028229202143847942, -0.008149881847202778, -0.018219752237200737, 0.00039922838914208114, 0.03907109797000885, 0.009224001318216324, -0.009015890769660473, 0.009210574440658092, -0.027202075347304344, -0.012526918202638626, 0.009150155819952488, -0.02948457933962345, 0.03211617097258568, 0.002871591364964843, 0.015655292198061943, 0.005447799805551767, -0.0047429087571799755, 0.0016615286003798246, -0.002802780596539378, 0.010130289010703564, 0.00013846071669831872, 0.04672419652342796, 0.04570378363132477, -0.012909573502838612, -0.043206457048654556, 0.01748129539191723, -0.00020339040202088654, 0.0195892546325922, -0.01168104913085699, 0.02498670481145382, 0.005182626657187939, -0.0034506088122725487, 0.004309904295951128, -0.0021885184105485678, -0.04317960515618324, 0.012929713353514671, -0.004709342494606972, 0.008821206167340279, -0.004860390909016132, 0.014863128773868084, -0.039635010063648224, 0.02682613395154476, -0.013251949101686478, 0.04430742934346199, 0.017159059643745422, 0.022261125966906548, -0.02795396000146866, -0.007418137509375811, -0.0017924369312822819, 0.022932451218366623, -0.015386762097477913, 0.02913549169898033, -0.02013974077999592, -0.004846964031457901, -0.018112339079380035, -0.005008081905543804, -0.0032542464323341846, 0.00046363359433598816, 0.0069750635884702206, 0.033781059086322784, -0.022623641416430473, -0.005568638443946838, 0.009391832165420055, 0.00712275505065918, 0.009076309390366077, 0.00923742726445198, -0.030424434691667557, -0.010801614262163639, -0.015252497047185898, 0.01632661558687687, 0.019911490380764008, -0.013157963752746582, 0.012882720679044724, -0.006256746128201485, -0.004189066123217344, 0.03485517576336861, -0.0210258886218071, -0.0006843315786682069, -0.00027608228265307844, -0.03176708519458771, -0.018703104928135872, 0.006085558328777552, 0.02105274237692356, 0.04543525353074074, -0.006441360339522362, -0.008921905420720577, 0.016111792996525764, 0.010848606936633587, -0.0008462886908091605, 0.0011823705863207579, 0.0014257257571443915, -0.0210258886218071, -0.017306750640273094, -0.013923273421823978, 0.013842714950442314, -0.011869020760059357, -0.013151250779628754, -0.023496363312005997, -0.05816357210278511, -0.02274448052048683, 0.01033840049058199, -0.002277469029650092, -0.016380323097109795, -0.016850249841809273, 0.0065118493512272835, 0.0038299073930829763, 0.012171116657555103, -0.017185911536216736, -0.022301405668258667, 0.016420600935816765, -0.01956240087747574, -0.005169200245290995, -0.0020592885557562113, 0.0011378952767699957, -0.007995476946234703, -0.029994787648320198, 0.027631724253296852, -0.018085487186908722, -0.03018275834619999, -0.017239617183804512, 0.02032771147787571, 0.00883463304489851, 0.002441943623125553, -0.009217287413775921, -0.004430742934346199, -0.0018343946430832148, -0.009955745190382004, 0.03359308838844299, -0.010935879312455654, -0.0061594038270413876, 0.008827919140458107, 0.03807753697037697, 0.01952212117612362, 0.005313534755259752, -0.019307298585772514, -0.04073598235845566, -0.016890529543161392, -0.02721550315618515, -0.007371144834905863, -0.008639948442578316, -0.0009490852826274931, 0.04331386834383011, 0.01693080924451351, 0.0004254520172253251, -0.012782022356987, 0.0028699131216853857, -0.040333185344934464, -0.015373335219919682, -0.008901765570044518, -0.006730029825121164, 0.03995724394917488, 0.02424824796617031, -0.007397998124361038, 0.040440600365400314, 0.0069750635884702206, 0.010848606936633587, -0.03206246718764305, -0.00014454459596890956, 0.0027255781460553408, -0.021536095067858696, 0.002542642178013921, -0.016004379838705063, -0.04774461314082146, -0.0033146655187010765, 0.003205575281754136, -0.012661183252930641, 0.010613643564283848, 0.022851891815662384, -0.008807780221104622, -0.034506089985370636, 0.003564734011888504, 0.0060956282541155815, -0.01636689528822899, 0.01107014436274767, 0.018421148881316185, -0.030236463993787766, -0.01225838903337717, -0.0025694952346384525, 0.011305107735097408, 0.0002425160346319899, 0.012694749981164932, 0.013594324700534344, 0.003178722457960248, 0.02475845441222191, -0.020623093470931053, -0.002309356816112995, -0.015010819770395756, -0.00852582324296236, 0.035043150186538696, 0.015306202694773674, 0.023160701617598534, 0.02602054551243782, 0.015561305917799473, 0.014782569371163845, -0.006763596087694168, 0.025040410459041595, -0.002082784892991185, -0.006421220488846302, 0.027282634750008583, -0.014460333622992039, 0.0019132753368467093, -0.015480747446417809, 0.00900917686522007, -0.021656934171915054, 0.005900944117456675, 0.014057538472115993, 0.005008081905543804, -0.04395833984017372, -0.014003832824528217, -0.005081927869468927, -0.03485517576336861, -0.029618844389915466, 0.008639948442578316, -0.013950127176940441, -0.022878745570778847, -0.009646935388445854, -0.009808053262531757, -0.01929387077689171, -0.01076133456081152, 0.018139192834496498, -0.004920809995383024, -0.04965117201209068, 0.010022877715528011, 0.013211669400334358, 0.0017622272716835141, -0.006686393637210131, 0.21020518243312836, 0.012835728004574776, -0.00029706116765737534, 0.0047798315063118935, -0.007948484271764755, 0.0014416697667911649, 0.010284693911671638, -0.006542059127241373, -0.028276195749640465, 0.002663480583578348, 0.004279694985598326, 0.005605561193078756, -0.00465899333357811, 0.004709342494606972, -0.004957732744514942, 0.008425124920904636, -0.02517467550933361, -0.01756185293197632, -0.0229861568659544, -0.010163855738937855, 0.033512528985738754, 0.0045079453848302364, 0.002841381821781397, -0.018152618780732155, 0.026772428303956985, 0.002851451514288783, 0.01180188823491335, 0.0016976123442873359, 0.010949305258691311, 0.0005932832136750221, -0.0013510409044101834, 0.01616549864411354, -0.007827646099030972, -0.0045079453848302364, -0.012735028751194477, -0.02187175862491131, 0.032545819878578186, 0.01470201089978218, 0.011378953233361244, 0.02047540247440338, 0.0015088021755218506, -0.02710808999836445, -0.008149881847202778, -0.001340131857432425, -0.009056169539690018, -0.008284146897494793, -0.010163855738937855, -0.00043720018584281206, -0.0016774724936112761, 0.04812055453658104, -0.023630628362298012, -0.011016437783837318, 0.04014521464705467, 0.015762703493237495, 0.010412245988845825, -0.0057465392164886, 0.02667844295501709, 0.00735100544989109, -0.00974092073738575, 0.04202492535114288, -0.015171937644481659, 0.024812160059809685, 0.03160596638917923, 0.011828741058707237, 0.001965302973985672, 0.015655292198061943, -0.0030024996958673, -0.02156294882297516, 0.014030685648322105, 0.010909026488661766, 0.010486091487109661, -0.022502804175019264, 0.013735302723944187, -0.009962458163499832, -0.00829757284373045, -0.013218383304774761, 0.03606356307864189, 0.011815314181149006, 0.0073644318617880344, 0.018219752237200737, 0.011560210958123207, -0.04712699353694916, 0.006656184326857328, -0.007626248523592949, -0.040172070264816284, 0.010680776089429855, -0.00825729314237833, 0.004588504321873188, -0.016809970140457153, -0.0172127652913332, 0.0066964635625481606, 0.021536095067858696, -0.008250580169260502, -0.0194818414747715, 0.0008051700424402952, 0.027927106246352196, 0.026114530861377716, 0.03482832387089729, -0.0073644318617880344, -0.02267734706401825, -0.028893813490867615, 0.03461350128054619, 0.004286407958716154, 0.018797090277075768, -0.012755168601870537, 0.00571632944047451, 0.005081927869468927, -0.0009096449357457459, 0.015843262895941734, -0.03426441177725792, 0.011607203632593155, -0.032438408583402634, 0.0022673991043120623, -0.018958209082484245, 0.0014911799225956202, 0.01243293285369873, 0.010150428861379623, -0.004162212833762169, 0.004752978682518005, -0.0017169128404930234, 0.028625285252928734, -0.05671351030468941, 0.002299287123605609, 0.009579802863299847, -0.017266470938920975, -0.0331902913749218, -0.0352579727768898, 0.0005206962232477963, 0.03168652579188347, -0.01882394403219223, 0.025926558300852776, -0.0038601169362664223, -0.014728863723576069, -0.024154262617230415, -0.025161249563097954, 0.009036030620336533, -0.010224275290966034, 0.0022338328417390585, 0.017266470938920975, -0.0034707486629486084, 0.0043770368210971355, -0.02771228365600109, 0.02733634039759636, -0.007485270034521818, -0.0004506266850512475, -0.018998488783836365, 0.006773666013032198, -0.013352648355066776, 0.006508492864668369, -0.029430873692035675, -0.012748455628752708, -0.01299013290554285, 0.005232975818216801, -0.025107543915510178, 0.003581517143175006, -0.041595276445150375, 0.021992595866322517, -0.03512370586395264, 0.005773392040282488, 0.010486091487109661, -0.0338079109787941, 0.020918477326631546, 0.009270993992686272, -0.013090831227600574, -0.007518836297094822, -0.005958006717264652, -0.16788487136363983, 0.029538286849856377, 0.046294551342725754, -0.018260031938552856, -0.0026164879091084003, 0.011211122386157513, 0.008680228143930435, -0.0053168912418186665, -0.024879293516278267, -7.814638956915587e-05, 0.018877649679780006, -0.01297670602798462, -0.051181793212890625, -0.0191730335354805, -0.0092777069658041, 0.005947936791926622, -0.0036721460055559874, 0.0005995768588036299, 0.000857197679579258, 0.017467867583036423, 0.01859569363296032, -0.014258936047554016, 0.01070091500878334, -0.009613369591534138, -0.0006771987536922097, 0.03410329297184944, -0.0010422315681353211, -0.006058705039322376, -0.006914644036442041, -0.005702903028577566, 0.01593724824488163, -0.007404711097478867, 0.03292176127433777, -0.004793258383870125, 0.008754073642194271, -0.020690226927399635, 0.013950127176940441, 0.0006566394586116076, -0.01979065127670765, 0.015333055518567562, 0.018729958683252335, -0.012191256508231163, 0.006330591626465321, 0.017347030341625214, 0.02387230657041073, 0.03705712407827377, 0.02201944962143898, 0.00024629224208183587, 0.031552258878946304, -0.014312642626464367, 0.025107543915510178, -0.03010219894349575, -0.0056089176796376705, 0.008076036348938942, 0.010022877715528011, 0.0019132753368467093, 0.021697213873267174, 0.021804625168442726, -0.02278476022183895, -0.01341977994889021, 0.0048637473955750465, -0.021415257826447487, 0.012775308452546597, -0.009720781818032265, -0.015212217345833778, -0.004877173807471991, -0.024127408862113953, 0.010539797134697437, -0.028652137145400047, 0.00831771269440651, -0.004803328309208155, 0.02074393257498741, 0.011862306855618954, -0.006907931063324213, -0.004178996197879314, 0.025349220260977745, -0.011546784080564976, -0.008673515170812607, 0.007867924869060516, 0.02645019255578518, -0.026154808700084686, 0.033431969583034515, -0.0038097675424069166, 0.04054801166057587, -0.014863128773868084, -0.014997393824160099, -0.004306547809392214, -0.005175913218408823, -0.0020844631362706423, 0.005880804266780615, 0.0191730335354805, -0.03966186195611954, -0.029538286849856377, -0.0006033530808053911, -0.004924166481941938, 0.017602132633328438, 0.010808327235281467, 0.02201944962143898, 0.01079490128904581, 0.006941497325897217, 0.01612521894276142, -0.007921631447970867, -0.020072607323527336, -0.0006054509431123734, 0.01774982549250126, 0.012312094680964947, 0.026436766609549522, 0.0045079453848302364, 0.04707328602671623, 0.0020190090872347355, -0.015588158741593361, 0.020112887024879456, -0.01993834227323532, 0.008639948442578316, -0.014594598673284054, 0.043287016451358795, -0.027497459203004837, 0.002653410891070962, 0.0032710295636206865, 0.008196874521672726, 0.0224759504199028, -0.007001916412264109, -0.011352100409567356, 0.006139263976365328, 0.009136728942394257, 0.021415257826447487, -0.08963526785373688, -0.0030780236702412367, -0.009331412613391876, 0.0287595484405756, -0.03700341656804085, -0.021656934171915054, -0.015695571899414062, 0.012714889831840992, -0.04449540004134178, 0.0165951456874609, -0.04562322422862053, -0.02286531776189804, 0.0017370525747537613, 0.01748129539191723, 0.016219204291701317, -0.0076933810487389565, -0.015910394489765167, 0.02606082335114479, 0.007270446512848139, 0.029994787648320198, -0.006394367665052414, -0.014124670997262001, 0.043367575854063034, 0.003554664086550474, -0.008660088293254375, 0.030424434691667557, -0.017722971737384796, -0.006216466426849365, 0.023147275671362877, -0.030746670439839363, -0.0019904777873307467, -0.022798186168074608, 0.0010363574838265777, -0.02698725275695324, -0.027819694951176643, -0.018917929381132126, -0.008398272097110748, 0.029672550037503242, 0.011419232934713364, -0.01816604658961296, 0.01470201089978218, 0.027819694951176643, -0.003375084837898612, 0.006689750589430332, 0.016809970140457153, -0.006847511976957321, -0.013842714950442314, 0.020958757027983665, 0.014084392227232456, -0.023456083610653877, -0.05249759182333946, -0.0036553628742694855, -0.024315379559993744, -0.015279349870979786, 0.03515056148171425, 0.015118231996893883, 0.027269208803772926, 0.0003054527333006263, -0.013815862126648426, 0.027081238105893135, -0.01582983508706093, -0.022731054574251175, -0.013191529549658298, 0.015333055518567562, 0.0313374362885952, 0.021616654470562935, -0.0020861413795500994, -0.020770786330103874, -0.01247321255505085, 0.0043031913228333, -0.0032592813950031996, 0.010788187384605408, -0.04599916562438011, 0.013789009302854538, -0.04868446663022041, 0.010264554060995579, -0.020112887024879456, -0.014339495450258255, 0.01643402874469757, -0.009015890769660473, -0.002321104984730482, -0.011412519961595535, -0.013084118254482746, -0.008425124920904636, 0.028303047642111778, -0.005800245329737663, 0.007424850948154926, -0.009660362266004086, 0.0005408359575085342, -0.05005396902561188, 0.008713793940842152, -0.015265922993421555, 0.007928344421088696, -0.030612405389547348, -0.015802983194589615, 0.010976158082485199, -0.03482832387089729, -0.014863128773868084, -0.004383750259876251, -0.003062918782234192, -0.012003284879028797, -0.02082449197769165, -0.0468047559261322, 0.03426441177725792, 0.0031434777192771435, -0.03544594347476959, 0.010486091487109661, -0.02356349676847458, -0.014903407543897629, -0.01886422373354435, 0.03756732866168022, 0.0078343590721488, 0.00018461428408045322, 0.0364932082593441, 0.015588158741593361, -0.01863597333431244, 0.010016163811087608, -0.012594050727784634, 0.004967802669852972, 0.017803531140089035, 0.023550068959593773, 0.006837442051619291, 0.01000945083796978, 0.0004573399492073804, 0.0022439027670770884, 0.01374201662838459, 0.0036217966116964817, 0.0033364836126565933, 0.015655292198061943, 0.03853403776884079, -0.028088225051760674, -0.0036217966116964817, 0.025577470660209656, -0.027430325746536255, -0.010230988264083862, 0.006098984740674496, 0.020623093470931053, -0.023375526070594788, 0.00756582897156477, 0.028732696548104286, 0.00015818087558727711, -0.00427298154681921, -0.02047540247440338, -0.05147717520594597, -0.009512670338153839, 0.0004934236640110612, -0.007559115998446941, -0.01127825491130352, -0.014675157144665718, 0.02132127247750759, 0.007371144834905863, -0.010217561386525631, 0.027094664052128792, 0.032169878482818604, -0.024261673912405968, -0.022381965070962906, -0.023764893412590027, -0.03592929616570473, -0.0011286645894870162, 0.010714341886341572, -0.014044112525880337, 0.009902038611471653, 0.04546210914850235, 0.0009390154154971242, 0.004961089231073856, -0.030746670439839363, 0.01120440848171711, -0.031176317483186722, -0.00745841721072793, 0.009673788212239742, 0.02167036011815071, -0.030048493295907974, 0.011533358134329319, -0.021804625168442726, 0.005175913218408823, 0.013950127176940441, 0.00743827736005187, 0.006578981876373291, -0.005155773367732763, -0.00743827736005187, 0.012560484930872917, 0.02236853912472725, 0.01758870668709278, -0.016004379838705063, -0.00900917686522007, -0.013043838553130627, 0.029591992497444153, 0.020394843071699142, -0.016729410737752914, 0.024113982915878296, 0.011036577634513378, 0.0012981741456314921, -0.00037279498064890504, 0.016219204291701317, -0.016084939241409302, 0.011251402087509632, 0.007592682261019945, -0.025120969861745834, -0.0249464251101017, 0.009002463892102242, 0.01443348079919815, -0.0004560812085401267, 0.005625701043754816, 0.01705164648592472, -0.015198790468275547, -0.006521919276565313, -0.007619535084813833, -0.00804918259382248, -0.030424434691667557, -0.0264904722571373, -0.008801066316664219, 0.022623641416430473, -0.0071697477251291275, -0.020811066031455994, -0.021455537527799606, 0.009539524093270302, -0.014191803522408009, 0.003019282827153802, 0.0011127206962555647, -0.02313384786248207, -0.009432111866772175, 0.009432111866772175, 0.004128646571189165, -0.0019854428246617317, 0.02367090806365013, -0.0027809625025838614, 0.020341137424111366, 0.03029016964137554, -0.026154808700084686, -0.018219752237200737, 0.009351552464067936, 0.011459512636065483, 0.0014509004540741444, -0.013426493853330612, -0.008921905420720577, -0.007035482674837112, -0.02148238942027092, -0.035741325467824936, 0.004420673009008169, 0.0063910111784935, -0.013775582425296307, 0.0626748725771904, 0.0015515991253778338, -0.011439372785389423, 0.02867899090051651, 0.01220468245446682, 0.008539250120520592, -0.007095901761204004, 0.003027674276381731, -0.02929660864174366, -0.011016437783837318, 0.016675705090165138, -0.014970540069043636, -0.008613095618784428, -0.028007665649056435, -0.022086581215262413, -0.00812302902340889, 0.004132003523409367, 0.013963553123176098, 0.0037996976170688868, 0.017024794593453407, 0.0041420734487473965, 0.02251623012125492, 0.0048872437328100204, -0.008498970419168472, -0.0176289863884449, 0.01732017658650875, 0.01562843844294548, -0.010754621587693691, 0.007397998124361038, -0.024919571354985237, 0.012748455628752708, 0.015789557248353958, -0.03882941976189613, -0.029323462396860123, -0.021724065765738487, -0.03305602818727493, 0.0035311677493155003, 0.005256472155451775, 0.002178448485210538, 0.018756812438368797, 0.008008903823792934, 0.017655838280916214, -0.00563912745565176, -0.007163034286350012, -0.015010819770395756, 0.0022304763551801443, -0.007847785949707031, -0.030692964792251587, -0.026235368102788925]","[-0.01859033666551113, 0.025062426924705505, 0.014135695993900299, -0.014447114430367947, -0.039996977895498276, 0.02404693141579628, -0.002557355910539627, -0.03152097761631012, -0.008360912092030048, -0.03688279166817665, 0.014866853132843971, 0.00894989911466837, -0.006245296914130449, -0.012700462713837624, -0.00454603461548686, -0.010764251463115215, 0.018414316698908806, 0.019307952374219894, -0.026335181668400764, -0.028271391987800598, -0.016830144450068474, 0.02025574818253517, -0.009599816985428333, -0.011515717953443527, -0.021068144589662552, 0.02193470112979412, 0.026795538142323494, -0.02491348795592785, -0.012172404676675797, -0.0015790953766554594, 0.01204377505928278, 0.00373363820835948, -0.008008874021470547, -0.04183841124176979, 0.0010611927136778831, -0.024209409952163696, 0.004877762869000435, -0.01613960601389408, -0.006228371988981962, 0.006289301440119743, 0.03431020304560661, -0.018888214603066444, -0.007386036682873964, -0.008855120278894901, -0.032929129898548126, 0.014325255528092384, -0.012937411665916443, -0.008178123272955418, -0.01620730571448803, 0.005216261371970177, 0.0013192978221923113, 0.0014462346443906426, -0.037153590470552444, -0.008807729929685593, 0.0023931842297315598, -0.001736497157253325, 0.0165864247828722, 0.018834054470062256, -0.005977883003652096, -0.002833232283592224, 9.435644460609183e-05, 0.041621770709753036, 0.005253496114164591, 0.0013032191200181842, -0.0027519925497472286, -0.040403176099061966, 0.001777116907760501, 0.021054605022072792, 0.013465468771755695, -0.011664656922221184, 0.0044106352142989635, 0.0109876599162817, 0.01283586211502552, 0.004772828426212072, 0.035880837589502335, 0.005547990091145039, 0.002058070618659258, -0.008083343505859375, -0.005135021638125181, -0.017656080424785614, 0.02905670925974846, -0.026646599173545837, -0.025224905461072922, -0.0005073245847597718, 0.00746727641671896, 0.003990896977484226, -0.007128777913749218, 0.017317581921815872, 0.002413494046777487, -0.00870618037879467, 0.016708284616470337, 0.022056560963392258, 0.007128777913749218, 0.022503377869725227, 0.024371890351176262, -0.001099273795261979, 0.006157286930829287, 0.0330374501645565, 0.0014343872899189591, -0.019159013405442238, -0.006187751889228821, 0.012172404676675797, -0.05665110424160957, -0.002899239305406809, -0.03850758448243141, -0.014474194496870041, 0.010405442677438259, 0.010689781978726387, -0.009146228432655334, -0.017182182520627975, -0.01662704534828663, 0.01947043091058731, 0.02771625481545925, -0.02360011264681816, -0.01942981220781803, -0.007298027165234089, -0.012470283545553684, -0.026646599173545837, 0.0033883696887642145, 0.0018837439129129052, 0.021460803225636482, 0.04056565463542938, 0.0029229342471808195, 0.0031226484570652246, 0.054972149431705475, 0.006573640275746584, -0.03661199286580086, -0.00561230443418026, -0.020472386851906776, -0.024222949519753456, 0.028812989592552185, 0.016735363751649857, 0.008103652857244015, 0.00683766882866621, -0.009802915155887604, 0.0389137826859951, 0.009782605804502964, 0.019375652074813843, -0.013357149437069893, -0.013160820119082928, 0.020540086552500725, 0.006736119277775288, 0.022530458867549896, -0.004884532652795315, 0.0019531361758708954, -0.00047939844080246985, 0.02243567816913128, -0.032089654356241226, 0.0007552747265435755, -0.010324203409254551, -0.019307952374219894, 0.0162343867123127, -0.008828040212392807, -0.008130732923746109, -0.010039864107966423, 0.034608084708452225, -0.03802014887332916, 0.0006427239859476686, -0.03774935007095337, -0.0044140201061964035, 0.023424094542860985, 0.01703324355185032, 0.012578602880239487, -0.012504133395850658, 0.0022205498535186052, 0.02653828077018261, 0.00869264081120491, -0.034689322113990784, -0.014176315627992153, -0.03157513588666916, -0.017601920291781425, 0.005321195814758539, -0.020580707117915154, 0.007108467631042004, 0.016247926279902458, -0.005459980107843876, 0.00892281997948885, -0.014582513831555843, -0.004931922536343336, 0.015828188508749008, -0.0021900851279497147, -0.005351660773158073, 0.04733562469482422, 0.0070475381799042225, -0.004901457577943802, -0.027865193784236908, -0.005646154284477234, -0.01622084714472294, -0.00036832864861935377, 0.016830144450068474, 0.0044106352142989635, 0.018129978328943253, -0.043761081993579865, -0.015449070371687412, -0.6087556481361389, -0.009904464706778526, -0.008198432624340057, -0.03349780663847923, 0.04118849337100983, 0.02035052701830864, -0.017926879227161407, 0.007555285934358835, -0.024615608155727386, 0.038345105946063995, 0.0007353879045695066, 0.025996683165431023, 0.023708432912826538, -0.01986308954656124, -0.008604630827903748, -0.012348423711955547, 0.02163682132959366, -0.0333082489669323, -0.023369934409856796, 0.02322099544107914, -0.015097031369805336, 0.021000444889068604, -0.01620730571448803, -0.016694745048880577, 0.012578602880239487, 0.016884302720427513, -0.01057469192892313, -0.0080494936555624, 0.011860986240208149, 0.027269436046481133, -0.006153902038931847, 0.006059122737497091, 0.033362407237291336, 0.017141561955213547, 0.04468179866671562, -0.01953813061118126, -0.01822475716471672, 0.04638782888650894, -0.006560100242495537, 0.0008115500677376986, -0.04216336831450462, -0.01513765100389719, -0.000915638345759362, 0.0030024813022464514, -0.013113430701196194, 0.015245971269905567, -0.0044343299232423306, -0.0008741723140701652, 0.006993378512561321, -0.014365875162184238, 0.02411463111639023, -0.009417027235031128, -0.0025472010020166636, 0.015083491802215576, 0.012585372664034367, -0.005172256380319595, 0.006187751889228821, 0.00023673736723139882, 0.0006270683952607214, 0.036747392266988754, 0.0024524214677512646, -0.0008453999180346727, -0.004525724332779646, 0.004095831420272589, -0.014054456725716591, 0.008151043206453323, -0.011556337587535381, 0.00035817368188872933, -0.00025683571584522724, -0.028433870524168015, 0.017155101522803307, 0.01366856787353754, -0.018048739060759544, -0.0026859852951020002, -0.008096883073449135, -0.00227809464558959, 0.021772220730781555, 0.01953813061118126, 0.0008077419479377568, 0.013959676958620548, -0.007568825501948595, -0.017994578927755356, -0.02280125766992569, -0.024723928421735764, 0.0348518006503582, -0.0202963687479496, -0.024642689153552055, 0.00038313795812428, 0.0004751672095153481, -0.005964342970401049, 0.00186851155012846, 0.008909279480576515, -0.006583795417100191, -0.0235865730792284, 0.009586276486515999, 0.013431618921458721, -0.009180078282952309, -0.0012346731964498758, 0.011231379583477974, -0.0033866772428154945, -0.0014860082883387804, 0.04175717011094093, 0.011563107371330261, 0.016247926279902458, 0.010378362610936165, 0.03138557821512222, -0.011278769001364708, -0.0004929383867420256, 0.03677447512745857, -0.015503229573369026, 0.00403151661157608, 0.004573114216327667, -0.0005492137861438096, 0.02154204249382019, -0.004342935513705015, -0.04186549037694931, 0.019714150577783585, -0.003229275345802307, 0.012409353628754616, -0.01871219463646412, 0.014893932268023491, -0.016708284616470337, 0.00227809464558959, -0.01307958085089922, -0.014284634962677956, 0.012551522813737392, 0.001177974627353251, -0.0015300130471587181, -0.011603727005422115, -0.011921916157007217, 0.013316529802978039, -0.005287345964461565, 0.022070100530982018, -0.00037615641485899687, -0.01038513332605362, 0.012625993229448795, -0.0010806563077494502, 0.006360386032611132, 0.0040382868610322475, -0.018360156565904617, -0.015205350704491138, -0.0068579791113734245, -0.0038588824681937695, 0.007325106766074896, 0.008584321476519108, -0.013641487807035446, -0.023329313844442368, 0.003010943764820695, -0.01780501939356327, -0.005399050656706095, -0.01780501939356327, 0.007501126267015934, -0.018116438761353493, 0.0018617415335029364, -0.006475475616753101, 0.001233826857060194, -0.004986082203686237, -0.028027672320604324, -0.023329313844442368, -0.04636074975132942, 0.0047660586424171925, 0.027892272919416428, 0.008266132324934006, -0.013959676958620548, 0.003906272351741791, 0.004613734316080809, 0.0012778317322954535, 0.008814499713480473, -0.00042883525020442903, -0.01618022657930851, 0.012639532797038555, -0.016058366745710373, -0.00254381587728858, 0.029706625267863274, 0.00641793105751276, 0.010452833026647568, -0.007805774454027414, -0.026727838441729546, -0.00851662177592516, -0.02030990831553936, -0.005267036147415638, 0.043734002858400345, 0.012727542780339718, -0.012598913162946701, 0.032550010830163956, -0.03143973648548126, 0.0035169990733265877, 0.0072777168825268745, -0.010270043276250362, 0.01827891729772091, 0.005585224833339453, 0.008184893056750298, -0.016437485814094543, -0.0020225283224135637, -0.0033562122844159603, 0.004573114216327667, 0.004464794881641865, 0.026646599173545837, 0.007298027165234089, 0.024547908455133438, 0.036259956657886505, 0.012950951233506203, 0.023315774276852608, 0.011576647870242596, 0.012754621915519238, -0.011976075358688831, -0.0063231512904167175, -0.00789378397166729, 0.014162776060402393, -0.0033325173426419497, 0.024561448022723198, -0.004637429025024176, 0.007325106766074896, -0.007555285934358835, -0.0072574070654809475, 0.019131934270262718, -0.001681491150520742, 0.028271391987800598, 0.002821384696289897, 0.01058146171271801, 0.00029935958446003497, 0.02656535990536213, 0.020485926419496536, -0.016857223585247993, -0.018563255667686462, -0.019375652074813843, 0.01859033666551113, 0.03452684357762337, -0.007663605269044638, -0.023410553112626076, -0.017615459859371185, 0.0012287494027987123, 0.006390850991010666, 0.00695275841280818, 0.0010163416154682636, -0.011048589833080769, 0.024561448022723198, 0.006455165799707174, 0.02236797846853733, -0.0032394302543252707, 0.01326236966997385, 0.016667664051055908, 0.009417027235031128, -0.015069951303303242, 0.045385874807834625, 0.00014830463624093682, 0.010209113359451294, 0.007941174320876598, -0.0007518897182308137, 0.04890625923871994, -0.005358430556952953, -0.02572588436305523, -0.011576647870242596, 0.012361964210867882, -0.017737319692969322, -0.005839098710566759, 0.023085596039891243, 0.012964491732418537, 0.041730090975761414, 0.02285541594028473, -0.006549945566803217, 0.0037607180420309305, 0.019213173538446426, -0.011156909167766571, 0.02613208256661892, 0.018847594037652016, -0.005795093718916178, -0.02657889947295189, 0.0018515866249799728, 0.004569729324430227, -0.00852339155972004, -0.02854219079017639, -0.025820663198828697, -0.014392955228686333, 0.018170597031712532, 0.0002019354869844392, 0.013269140385091305, -0.0012947566574439406, 0.015882348641753197, -0.0004722053708974272, -0.038751304149627686, -0.020513007417321205, 0.019741229712963104, -0.009681056253612041, -0.011238149367272854, -0.02108168415725231, -0.010283583775162697, 0.008956669829785824, 0.003227582899853587, 0.0030786434654146433, 0.0006329921307042241, -0.00015380524564534426, 0.006844439078122377, 0.001590096508152783, 0.004772828426212072, 0.011915146373212337, 0.03864298388361931, 0.02438542991876602, 0.013729497790336609, 0.016748903319239616, 0.006069277413189411, -0.0012067470233887434, 0.006434855982661247, 0.036666154861450195, 0.04944785684347153, -0.0034831492230296135, 0.027066336944699287, -0.013837817125022411, 0.02200240083038807, -0.02236797846853733, -0.010371592827141285, 0.006441625766456127, -0.013275910168886185, 0.0005318656913004816, -0.022625237703323364, 0.007155857514590025, -0.02565818466246128, 0.026700759306550026, 0.02659243904054165, -0.011068900115787983, -0.005050397012382746, -0.02070256695151329, -0.00683428393676877, 0.015191811136901379, 0.05031441152095795, 0.015421990305185318, -0.005233186297118664, -0.00044724109466187656, -0.02037760801613331, 0.00933578796684742, -0.01219271495938301, -0.02819015271961689, 0.020499467849731445, -0.015015792101621628, -0.029192108660936356, -0.039969898760318756, 0.017940418794751167, -0.011576647870242596, 0.011698506772518158, 0.0033545198384672403, 0.011996385641396046, -0.03685571253299713, -0.005395665764808655, -0.04273204505443573, 0.004363245330750942, 0.016803063452243805, -0.00935609731823206, 0.019605830311775208, 0.016451025381684303, 0.01390551682561636, 0.003997666761279106, -0.02316683530807495, 0.03777642920613289, -0.05229124426841736, 0.015394910238683224, 0.04392356052994728, 0.017940418794751167, -0.004854068160057068, -0.0068816738203167915, 0.04568375274538994, -0.02316683530807495, 0.009173308499157429, -0.00993154477328062, 0.021839920431375504, -0.0007650065235793591, 0.007575595751404762, 0.021244164556264877, -0.016058366745710373, 0.010439292527735233, -0.020174508914351463, -0.01620730571448803, 0.009017598815262318, 0.021474342793226242, -0.00852339155972004, 0.01861741580069065, 0.0006579564069397748, -0.01944335177540779, -0.0022662472911179066, 0.010994430631399155, 0.014677293598651886, -0.020106809213757515, -0.0034205270931124687, -0.0008530161576345563, -0.016071906313300133, -0.020594246685504913, 0.007616215385496616, 0.005656309425830841, -0.01743944175541401, -0.0316292978823185, -0.039049182087183, -0.015313670970499516, 0.001192360883578658, -0.012876481749117374, -0.010601771995425224, -0.026267481967806816, -0.011935455724596977, -0.037965986877679825, 0.015002252534031868, 0.015665709972381592, 0.014447114430367947, 0.012070855125784874, 0.022923115640878677, 0.0010239578550681472, 0.01945689134299755, -0.009572736918926239, -0.032983291894197464, -0.002506581135094166, 0.010412212461233139, 0.01261922251433134, -0.008442151360213757, 0.007020458113402128, 0.0027926124166697264, 0.020919205620884895, -0.001831276691518724, 0.013539938256144524, 0.02567172423005104, 0.025021806359291077, -0.04108017310500145, -0.0015706329140812159, 0.016897844150662422, 0.008916049264371395, 0.0324687734246254, -0.0076094456017017365, -0.01226718444377184, 0.008800960145890713, 0.012930641882121563, -0.004370015114545822, -0.0016002515330910683, -0.004921767860651016, 0.018482016399502754, 0.0007396191358566284, -0.0042549255304038525, -0.033822767436504364, -0.010446062311530113, 0.011982846073806286, -0.014514814130961895, -0.005781553685665131, 0.015570929273962975, 0.03108769841492176, 0.028081832453608513, -0.01494809240102768, 0.04449223726987839, 0.011678197421133518, 0.010743941180408001, -0.008902509696781635, -0.026863237842917442, 0.009579506702721119, 0.007954713888466358, -0.019592290744185448, -0.0020259132143110037, 0.003317285096272826, -0.04137805104255676, -0.002836617175489664, -0.01307958085089922, -0.012240104377269745, 0.03685571253299713, 0.004471564665436745, -0.008347372524440289, -0.026226861402392387, 0.013932596892118454, -0.0066954996436834335, -0.008753570728003979, 0.008401531726121902, -0.017953958362340927, 0.006563485134392977, -0.0019565210677683353, -0.003249585395678878, -0.009403487667441368, -0.02282833680510521, -0.040051139891147614, 0.000821281922981143, -0.0004034478624816984, -0.00011900336539838463, 0.05340151861310005, -0.0008140887948684394, -0.014284634962677956, -0.005040242336690426, -0.0341477245092392, 0.010865801014006138, -0.016004206612706184, -0.016789523884654045, -0.005632614716887474, 0.024683307856321335, 0.025820663198828697, 0.021447263658046722, -0.016708284616470337, 0.008245822973549366, -0.010446062311530113, -0.015503229573369026, -0.012375503778457642, -0.010195573791861534, 0.010405442677438259, -0.017940418794751167, 0.01905069313943386, 0.014690833166241646, 0.011955766007304192, 0.009701366536319256, -0.005422745365649462, 0.004925152752548456, -0.005338120739907026, -0.00010958888015011325, -0.0014623133465647697, -0.01949751190841198, -0.038778383284807205, -0.00892281997948885, 0.03070858120918274, 0.0007611984037794173, -0.00018903023737948388, -0.01783209852874279, 0.009721675887703896, 0.027458995580673218, 0.012368733994662762, 0.03106061927974224, -0.0028112297877669334, 0.04682110622525215, -0.011563107371330261, 0.03991574048995972, -0.0025302760768681765, 0.0026098231319338083, -0.006475475616753101, -0.014501274563372135, 0.026633059605956078, -0.0021748526487499475, 0.02121708355844021, -0.007548515684902668, 0.02204301953315735, 0.01788625866174698, 0.02028282731771469, -0.028894228860735893, 0.017290500923991203, -0.0160989873111248, 0.0024388814345002174, 0.018752815201878548, -0.020458847284317017, -0.009078528732061386, -0.04118849337100983, -0.028325552120804787, -0.0019108238629996777, -0.010486682876944542, 0.046685706824064255, -0.008780649863183498, 0.020160969346761703, 0.005111326929181814, -0.031304337084293365, -0.0017601919826120138, -0.014040916226804256, 0.01655934564769268, 0.003750563133507967, 0.008888970129191875, -0.009024369530379772, -0.03103354014456272, -0.028298471122980118, -0.003318977542221546, 0.02244921773672104, -0.007426656316965818, 0.007819314487278461, -0.0029990964103490114, -0.021867001429200172, 0.0025370460934937, -0.01079810131341219, 0.002614900702610612, 0.001326913945376873, -0.023288695141673088, 0.018495555967092514, 0.008015643805265427, -0.006109897512942553, -0.0035610038321465254, 0.0026013606693595648, -0.025901902467012405, -0.00934932753443718, -0.00682412926107645, 0.008374451659619808, 0.013363919220864773, 0.002613208256661892, -0.006180982105433941, 0.028406791388988495, -0.01137354876846075, 0.04154053330421448, 0.020648406818509102, 0.00020510891044978052, 0.0018617415335029364, -0.017994578927755356, 0.02698509767651558, -0.0006816512905061245, 0.011170449666678905, 0.020228669047355652, 0.005382125731557608, 0.025008266791701317, 0.001067116390913725, 0.005568299908190966, -0.009653976187109947, -0.018495555967092514, -0.020892124623060226, 0.02606438286602497, -0.023749051615595818, 0.001513088122010231, -0.0034476069267839193, 0.018969453871250153, 0.00992477498948574, 0.00811042357236147, -0.015922967344522476, -0.013729497790336609, 0.01826537773013115, -0.0099383145570755, 0.01991724967956543, 0.007785464636981487, 0.005456595215946436, -0.006939218379557133, -0.005476905032992363, -0.015056411735713482, -0.01665412448346615, -0.003007558872923255, 0.01785917952656746, -0.023478252813220024, -0.03682863339781761, -0.03850758448243141, 0.010540842078626156, 0.014325255528092384, -0.015083491802215576, -0.002616593148559332, 0.01619376614689827, 0.006780124269425869, -0.0005479443934746087, 0.018035197630524635, 0.001100966241210699, 0.026321640238165855, -0.04221753031015396, 0.037884749472141266, -0.018116438761353493, -0.01553030963987112, 0.027486074715852737, -0.02615916170179844, -0.03325409069657326, -0.027499616146087646, 0.016058366745710373, 0.029327508062124252, -0.006004962604492903, -0.011238149367272854, 0.03761395066976547, 0.010872570797801018, 0.002257784828543663, -0.024764547124505043, -0.0316292978823185, 0.009789375588297844, -0.02276063710451126, 0.01553030963987112, 0.013817507773637772, -0.0005817942437715828, -0.015273050405085087, -0.01700616255402565, -0.0031277257949113846, 0.013418079353868961, -0.04273204505443573, 0.0016755673568695784, 0.0014640059089288116, 0.0013108353596180677, -0.030925219878554344, -0.016085447743535042, -0.025455085560679436, 0.011312618851661682, -0.00039244667277671397, 0.0033291324507445097, 0.004590039141476154, 0.01619376614689827, -0.020472386851906776, -0.015042872168123722, -0.017642540857195854, 0.03701819106936455, -0.00508424686267972, 0.006901983637362719, -0.03227921202778816, -0.03319992870092392, -0.024683307856321335, -0.012578602880239487, -0.011332929134368896, 0.002931396709755063, 0.01365502830594778, -0.0162343867123127, -0.020946284756064415, -0.0074469661340117455, -0.04652322828769684, -0.01056115236133337, 0.028379712253808975, -0.03474348410964012, 0.035501718521118164, 0.011718817055225372, -0.011603727005422115, 0.04392356052994728, 0.014013836160302162, -0.008272902108728886, -0.0074198865331709385, -0.016816603019833565, -0.0069459886290133, -0.022950196638703346, -0.009626896120607853, -0.003916427493095398, -0.032522931694984436, 0.003400217043235898, 0.030789820477366447, -0.011881296522915363, 0.013797197490930557, 0.0013979986542835832, -0.013600868172943592, -0.0014707758091390133, -0.012741082347929478, 0.028352631255984306, 0.002355949254706502, 0.0082932123914361, 0.04010529816150665, -0.01788625866174698, 0.008800960145890713, 0.005003007128834724, -0.011278769001364708, -0.01220625452697277, -0.009802915155887604, -0.0018414317164570093, -0.01471791323274374, -0.00033595971763134, 0.0019683686550706625, -0.003828417742624879, 0.00019252100901212543, 0.0031700381077826023, 0.015909427776932716, -0.004735593684017658, -0.006549945566803217, 0.03273957222700119, -0.004518954548984766, 0.008137502707540989, 0.007690685335546732, 0.007602675352245569, -0.005033472087234259, 0.02854219079017639, 0.04265080764889717, 0.00016607581346761435, -0.022530458867549896, 0.0006241065566428006, 0.009037909097969532, -0.023532412946224213, 0.0022340898867696524, 0.015990667045116425, -0.0027553774416446686, 0.007149087730795145, -0.004160146228969097, -0.002242552349343896, 0.0103919031098485, -0.00213084788993001, 0.008259362541139126, 0.027513155713677406, 0.00612682243809104, 0.002746914979070425, 0.003584698773920536, 0.006617645267397165, -0.006194522138684988, 0.01945689134299755, -0.023004356771707535, -0.020621325820684433, -0.004539264366030693, 0.03991574048995972, -0.007568825501948595, -0.002450728788971901, 0.195949986577034, -0.006891828961670399, 0.004884532652795315, 0.026822619140148163, -0.02026928775012493, 0.009890925139188766, -0.023315774276852608, 0.0006397620891220868, -0.018915293738245964, 0.015232430770993233, -0.011969305574893951, -0.006404391024261713, -0.0244260486215353, 0.0030329462606459856, -0.013167590834200382, -0.03070858120918274, -0.037938907742500305, -0.026727838441729546, -0.033795688301324844, -0.030491942539811134, 0.02277417667210102, 0.0020191434305161238, 0.0005627537029795349, -0.025035345926880836, 0.01553030963987112, -0.004908227827399969, -0.0066785747185349464, 0.0016222539125010371, 0.008103652857244015, 0.016478104516863823, -0.01349931862205267, -0.00934932753443718, 0.01910485327243805, 0.004420789889991283, -0.008740030229091644, -0.0047660586424171925, 0.008726490661501884, 0.012104704976081848, -0.016031287610530853, -0.014474194496870041, 0.0046441988088190556, 0.01655934564769268, -0.011170449666678905, -0.003361289855092764, -0.0017805019160732627, 0.03496012091636658, -0.013607637956738472, -0.011495407670736313, -0.00952534656971693, 0.028704669326543808, -0.007040767930448055, -0.006959528662264347, 0.019375652074813843, 0.0256852637976408, 0.016667664051055908, 0.004214305896311998, 0.0160989873111248, -0.0006858825217932463, -0.01226041465997696, 0.03268541023135185, -0.03141265735030174, 0.014880392700433731, -0.008022413589060307, 0.011515717953443527, 0.0015401680720970035, 0.025103045627474785, -0.012862942181527615, 0.012991570867598057, 0.013641487807035446, 0.009125919081270695, 0.02364073321223259, 0.010242963209748268, 0.023816751316189766, -0.006725964602082968, -0.027594394981861115, -0.015598009340465069, 0.006448396015912294, 0.02536030486226082, 0.02737775631248951, 0.030600260943174362, -0.00777192460373044, -0.011082439683377743, -0.030789820477366447, -0.01454189419746399, -0.00036557833664119244, -0.044790118932724, -0.010317433625459671, -0.005030087195336819, -0.02531968615949154, 0.03447268530726433, 0.0069053685292601585, -0.02575296349823475, -0.025130126625299454, 0.005094402004033327, 0.013695647940039635, 0.013025420717895031, -0.0055784545838832855, 0.005791708827018738, -0.015503229573369026, 0.005500600207597017, -0.035528797656297684, -0.0061166672967374325, 0.01746652089059353, 0.0085369311273098, -0.012802012264728546, 0.01055438257753849, 0.02495410665869713, -0.007697455119341612, 0.006245296914130449, -0.012003155425190926, -0.0144877340644598, -0.047850143164396286, 0.0033714447636157274, 0.0053482758812606335, -0.017953958362340927, 0.01349254883825779, -0.022191960364580154, -0.03815554827451706, 0.03774935007095337, -0.008151043206453323, -0.01493455283343792, -0.01138708833605051, 0.02401985041797161, 0.0036354735493659973, 0.00507747707888484, -0.004989467561244965, -0.02151496335864067, -0.014853312633931637, 0.00910560879856348, -0.029571225866675377, 0.034201886504888535, -0.028948388993740082, 0.001753422082401812, -0.012395814061164856, -0.010351283475756645, -0.0001325433113379404, -0.037965986877679825, 0.0018651265418156981, -0.0021883926820009947, -0.016491645947098732, 0.005497215315699577, 0.0009401795105077326, 0.04221753031015396, -0.006387466099113226, -0.024629147723317146, -0.005815403535962105, 0.020580707117915154, -0.01226041465997696, -0.0341477245092392, -0.003342672251164913, -0.01783209852874279, 0.015408449806272984, 0.016315625980496407, -0.020391147583723068, 0.0099383145570755, -0.014893932268023491, -0.008171352557837963, -0.04687526822090149, 0.012781701982021332, 0.01283586211502552, -0.021013984456658363, -0.015855267643928528, 0.06000901013612747, 0.004755903501063585, -0.0382097065448761, -0.044979676604270935, -0.1704949140548706, 0.017940418794751167, -0.01983601041138172, -0.020919205620884895, 0.030519021674990654, 0.027513155713677406, 0.01651872508227825, 0.0057646287605166435, -0.04508799687027931, -0.03244169428944588, 0.0144877340644598, -0.006959528662264347, -0.021907620131969452, 0.013126970268785954, 0.007812544703483582, -0.00021896619000472128, -0.023315774276852608, -0.0010569614823907614, 0.04641490802168846, 0.017276961356401443, 0.02610500156879425, -0.00642470084130764, 0.01651872508227825, 0.011123059317469597, 0.006797049194574356, 0.011590187437832355, 0.019240252673625946, 0.02315329574048519, -0.013472238555550575, -0.020404687151312828, 0.005300885997712612, -0.016342705115675926, 0.009288397617638111, -0.006644724868237972, 0.00031480356119573116, -0.033768605440855026, -0.01535429060459137, -0.01620730571448803, 0.006248681806027889, -0.007934404537081718, 0.011684967204928398, 0.007724535185843706, -0.01905069313943386, 0.009572736918926239, 0.012219795025885105, 0.047850143164396286, 0.016315625980496407, -0.02449374832212925, 0.011170449666678905, -0.015922967344522476, 0.0033917545806616545, -0.01953813061118126, -0.013120200484991074, -0.004512184765189886, 0.019754771143198013, 0.012131785042583942, 0.02438542991876602, -0.005030087195336819, -0.0073995767161250114, -0.0031852705869823694, 0.01349254883825779, -0.014095076359808445, -0.00160363654140383, -0.003131110919639468, -0.010418983176350594, 0.032956209033727646, -0.020513007417321205, 0.026754919439554214, -0.02572588436305523, 0.008042723871767521, -0.038372185081243515, -0.020066188648343086, 0.00786670483648777, 0.005957573186606169, -0.003530539106577635, 0.008394761942327023, -0.028325552120804787, 0.001587557839229703, 0.018861135467886925, 0.011407398618757725, 0.0033392873592674732, 0.039049182087183, -0.026010222733020782, 0.03241461142897606, -0.013187900185585022, 0.02902962826192379, 0.03777642920613289, 0.021650362759828568, -0.017737319692969322, -0.0006837669061496854, 0.04010529816150665, -0.029273347929120064, -0.02403339184820652, -0.019741229712963104, 0.015936506912112236, 0.01285617146641016, 0.017615459859371185, 0.000289839314064011, 0.0010307278716936707, -0.025455085560679436, 0.0015757103683426976, -0.01536783017218113, -0.013377459719777107, 0.01266661286354065, 0.022300278767943382, 0.004187225829809904, -0.00935609731823206, 0.02114938385784626, 0.035447560250759125, 0.0009452569647692144, -0.028298471122980118, 0.011522487737238407, -0.00013497626059688628, 0.04070105403661728, -0.014149235561490059, 0.030925219878554344, 0.006986608263105154, -0.016884302720427513, 0.020458847284317017, -0.022868957370519638, 0.043327804654836655, -0.028054753318428993, -0.007751614786684513, 0.012145324610173702, -0.0033748296555131674, -0.018170597031712532, -0.09932898730039597, -0.018157057464122772, 0.01823829673230648, 0.0007734689861536026, -0.026267481967806816, -0.007460506167262793, -0.027540234848856926, 0.008814499713480473, -0.035420481115579605, 0.018576795235276222, -0.0355558805167675, -0.03969909995794296, -0.007961483672261238, -0.015652168542146683, 0.015300130471587181, 0.017534220591187477, 0.0028907768428325653, 0.021379563957452774, -0.034662242978811264, 0.028704669326543808, -0.03802014887332916, -0.02491348795592785, 0.0010002629132941365, -0.021894080564379692, -0.00746727641671896, -0.006908753886818886, -0.024250030517578125, 0.005981267895549536, 0.02867759019136429, -0.007426656316965818, 0.012131785042583942, -0.01869865506887436, 0.015909427776932716, -0.018955914303660393, 0.0010908113326877356, -0.023708432912826538, -0.019984949380159378, 0.005341505631804466, 0.02032344788312912, -0.02318037487566471, 0.007108467631042004, 0.020066188648343086, 0.0057206242345273495, -0.007216787431389093, -0.010006014257669449, 0.012964491732418537, -0.002968631451949477, 0.035826679319143295, -0.001738189603202045, -0.0020208358764648438, -0.01953813061118126, 0.00467466376721859, -0.020120348781347275, -0.008807729929685593, 0.03143973648548126, 0.005463365465402603, -0.0016281775897368789, 0.007128777913749218, -0.022530458867549896, 0.01825183816254139, -0.005097786895930767, -0.02531968615949154, -0.006895213853567839, -0.011867756024003029, 0.002692755311727524, -0.012111474759876728, 0.008462461642920971, 0.0062994565814733505, 0.01783209852874279, -0.03357904776930809, 0.013959676958620548, -0.0005746011738665402, -0.02693093754351139, 0.004566344432532787, -0.03818262740969658, 0.004481719806790352, 0.001177974627353251, 0.01613960601389408, 0.00847600121051073, -0.014785612933337688, -0.018021658062934875, -0.00044681798317469656, -0.015855267643928528, -0.005940648261457682, 0.013797197490930557, -0.015598009340465069, 0.011190759018063545, 0.004214305896311998, -0.0055310651659965515, -0.006052352488040924, -0.050341490656137466, 0.025590484961867332, 0.0027384525164961815, -0.009714906103909016, -0.020012028515338898, -0.01662704534828663, 0.01454189419746399, 0.0064924005419015884, -0.004617119207978249, -0.00806303322315216, -0.012314573861658573, 0.00279938243329525, -0.014568974263966084, 0.012111474759876728, -0.04817510023713112, -0.04110725224018097, -0.003950277343392372, -0.02438542991876602, 0.005883103236556053, -0.010479912161827087, -0.02615916170179844, 0.0053888955153524876, -0.016843684017658234, 0.0012245181715115905, 0.0017034935299307108, 0.0040382868610322475, -0.009626896120607853, -0.019632911309599876, 0.002669060369953513, -0.022598158568143845, -0.0042278459295630455, -0.0018498941790312529, -0.02236797846853733, -0.015029331669211388, 0.019186092540621758, 0.027553774416446686, -0.005415975581854582, -0.01512411143630743, -0.00869941059499979, 0.034256044775247574, -0.025874823331832886, -0.009396717883646488, 0.014609593898057938, 0.0005390588194131851, 0.006736119277775288, 0.01323529053479433, -0.02284187637269497, -0.0014073073398321867, -0.004701743833720684, 0.04476303607225418, 0.022977275773882866, 0.01016849372535944, -0.0042718504555523396, -0.021041065454483032, 0.009877385571599007, -0.04343612492084503, -0.03322700783610344, -0.005707084201276302, -0.03309160843491554, -0.00227470975369215, 0.005913568194955587, 0.018536176532506943, 0.0009647206170484424, -0.001306604128330946, -0.0038927323184907436, -0.015002252534031868, -0.01821121759712696, -0.02481870725750923, 0.0038385726511478424, -0.018806975334882736, 0.014866853132843971, -0.026863237842917442, 0.04481719806790352, 0.009213928133249283, 0.026754919439554214, 0.002350871916860342, 0.022638777270913124, -0.008794190362095833, -0.003926582168787718, 0.04568375274538994, 0.03106061927974224, -0.007507896050810814, 0.011021509766578674, -0.01326236966997385, 0.014799153432250023, -0.0020309907849878073, 0.026199782267212868, -0.012910331599414349, -0.001309989020228386, -0.01748006045818329, -0.010358053259551525, 0.021853461861610413, 0.017940418794751167, -0.0316292978823185, 0.009186848066747189, -0.002443959005177021, 0.0488520972430706, -0.005168871488422155, 0.011820366606116295, 0.014216935262084007, -0.01695200242102146, 0.016058366745710373, -0.008658790960907936, -0.007338646799325943, -0.03070858120918274, -0.0022307049948722124, -0.007304796949028969, -0.00347299431450665, -0.015489690005779266, 0.005107942037284374, -0.0014073073398321867, 0.021677441895008087, 0.014893932268023491, -0.001497009419836104, -0.0019852935802191496, -0.010256503708660603, -0.042515408247709274, -0.0085369311273098, -0.03111477941274643, 0.01746652089059353, 0.0027333751786500216, 0.005842483602464199, -0.005632614716887474, -0.011651117354631424, -0.017737319692969322, -0.011745897121727467, 0.006590565200895071, 0.013120200484991074, -0.009552426636219025, -0.020540086552500725, -0.020634867250919342, -0.005463365465402603, 0.02159620262682438, 0.009552426636219025, 0.03355196863412857, 0.012876481749117374, 0.007521436084061861, 0.020201588049530983, 0.004590039141476154, 0.004613734316080809, 0.03195425495505333, 0.0235865730792284, 0.013817507773637772, 0.007325106766074896, -0.0026453654281795025, -0.011109519749879837, -0.004234615713357925, -0.008042723871767521, 0.014095076359808445, 0.016857223585247993, -0.010127874091267586, 0.05735518038272858, -0.012321344576776028, -0.0042718504555523396, 0.006624415051192045, 0.004461409989744425, 0.014406494796276093, 0.018319537863135338, 0.03479764237999916, -0.0077922348864376545, 0.017669619992375374, 0.02902962826192379, -0.004708513617515564, 0.009234238415956497, -0.03563711792230606, -0.00467804865911603, 0.020147427916526794, -0.004887918010354042, 0.009159768931567669, -0.014000296592712402, 0.005788323935121298, 0.011258458718657494, 0.03731607273221016, 0.009877385571599007, -0.0012752929469570518, 0.016464564949274063, -0.003227582899853587, 0.06878288835287094, 0.00033574816188775003, -0.020892124623060226, -0.01902361400425434, 0.0013607637956738472, 0.014108615927398205, -0.050828929990530014, -0.029787864536046982, -0.009796145372092724, -0.013573788106441498, 0.007108467631042004, -0.01783209852874279, 0.027594394981861115, -0.005311041139066219, -0.015300130471587181, 0.021013984456658363, -0.021013984456658363, -0.006790279410779476, 0.04032193869352341, -0.004606964066624641, -0.006749659311026335, -0.020106809213757515, -0.024250030517578125]"
7201,"How to subtract a specific number from all the documents in original DB<p>as my title as, I want to subtract a <code>specificNumber</code> lets say <code>200</code> from all my documents where <code>someAttribute</code> has a value greater than <code>specificNumber</code> in mongoDB
here is my schema.</p>

<pre><code>const mongoose = require('mongoose');
const Schema = mongoose.Schema;

let Employee = new Schema({
    first_name: { type: String },
    last_name: { type: String },
    title: { type: String },
    email: { type: String },
    gender: { type: String },
    location: { type: String },
    phone: { type: String },
    branch: { type: String },
    department: { type: String },
    positionX: { type: Number },
    positionY: { type: Number }
},
    { collection: 'Employees' });
module.exports = mongoose.model('Employees', Employee)


</code></pre>

<p>I searched the mongoDB forum, they were using the <code>aggregation</code> method, but the problem with that is, it just returns the values, doesn't modify the array.
How do I do that ?</p>
",thanks guys for the help!,"Embed Field: How to subtract a specific number from all the documents in original DB<p>as my title as, I want to subtract a <code>specificNumber</code> lets say <code>200</code> from all my documents where <code>someAttribute</code> has a value greater than <code>specificNumber</code> in mongoDB
here is my schema.</p>

<pre><code>const mongoose = require('mongoose');
const Schema = mongoose.Schema;

let Employee = new Schema({
    first_name: { type: String },
    last_name: { type: String },
    title: { type: String },
    email: { type: String },
    gender: { type: String },
    location: { type: String },
    phone: { type: String },
    branch: { type: String },
    department: { type: String },
    positionX: { type: Number },
    positionY: { type: Number }
},
    { collection: 'Employees' });
module.exports = mongoose.model('Employees', Employee)


</code></pre>

<p>I searched the mongoDB forum, they were using the <code>aggregation</code> method, but the problem with that is, it just returns the values, doesn't modify the array.
How do I do that ?</p>; Answer: thanks guys for the help!","[-0.01580781862139702, 0.02695663645863533, 0.02471594326198101, -0.013977008871734142, -0.032162148505449295, 0.02589094080030918, -0.022283969447016716, -0.027407506480813026, -0.02198338881134987, -0.008832978084683418, 0.026656055822968483, 0.009160883724689484, -0.001408972661010921, 0.0030245946254581213, 0.009973818436264992, 0.001580611220560968, 0.004068088252097368, -0.00323978322558105, 0.007248097099363804, -0.004184221848845482, -0.01302744634449482, 0.022830480709671974, 0.008320624008774757, 0.027776401489973068, -0.030932500958442688, 0.01335535291582346, 0.037408649921417236, -0.016395319253206253, 0.003284187288954854, 0.01591712236404419, 0.030413316562771797, -0.00079671002458781, -0.019496766850352287, -0.03989527374505997, -0.03128773346543312, -0.005775934085249901, -0.018704324960708618, -0.003080953611060977, 0.04112492501735687, -0.008313792757689953, 0.027557797729969025, 0.0002047279995167628, -0.018895603716373444, -0.017597641795873642, 0.006049189250916243, 0.003159514395520091, -0.0024695447646081448, -0.03481272608041763, -0.00862803589552641, 0.009229198098182678, 0.004423320293426514, 0.04473189264535904, -0.04429468512535095, -0.007487195543944836, 0.0008137884433381259, 0.013259713537991047, 0.030741222202777863, 0.022051703184843063, 0.014728461392223835, 0.018116826191544533, 0.01375157292932272, 0.009618586860597134, -0.01774793304502964, -0.004771720618009567, -0.0358237698674202, -0.0043345121666789055, 0.012802011333405972, -0.003079245798289776, -0.010206085629761219, 0.011551868170499802, 0.012583406642079353, 0.033992961049079895, 0.003934876527637243, -0.007084143813699484, 0.010834572836756706, -0.009727888740599155, -0.008061031810939312, 0.015015379525721073, 0.007644317112863064, 0.00545144360512495, 0.0060560209676623344, -0.010219748131930828, -0.009188209660351276, 0.0012518508592620492, 0.010267567820847034, 0.006865539588034153, 0.00171894661616534, 0.02209269069135189, -0.0011895145289599895, 0.005065470468252897, 0.004600936081260443, 0.01254925038665533, 0.03265400975942612, 0.012842999771237373, 0.007678474299609661, 0.024306058883666992, -0.026601403951644897, 0.01881362870335579, 0.002975067123770714, -0.008990099653601646, -0.013218725100159645, -0.009543441236019135, -0.026860997080802917, -0.019114209339022636, -0.0012672215234488249, -0.01098486315459013, 0.0030724143143743277, -0.014496194198727608, 0.00519526656717062, -0.009277017787098885, 0.005273827351629734, 0.03259935975074768, 0.023882513865828514, -0.03336447477340698, -0.0072002774104475975, -0.00155243172775954, -0.006370264571160078, -0.00821815337985754, -0.03773655742406845, 0.005939887370914221, 0.024114780128002167, 0.008320624008774757, 0.029538899660110474, -0.015753168612718582, 0.035851094871759415, 0.010896055027842522, 0.0186769999563694, -0.008061031810939312, -0.010848235338926315, -0.01892293058335781, 0.029784828424453735, 0.01696915552020073, 0.0006805764860473573, 0.04869409650564194, -0.0024832074996083975, -0.00816350243985653, 0.008450420573353767, 0.02550838328897953, -0.03746330365538597, -0.040305156260728836, 0.01815781556069851, 0.010212916880846024, -0.0020596617832779884, -0.011435735039412975, -0.02907436527311802, 0.03325517103075981, -0.0019588989671319723, -0.009700563736259937, 0.017993861809372902, -0.0009837191319093108, -0.0021826268639415503, 0.004252535756677389, 0.013266544789075851, -0.0029033375903964043, -0.019619731232523918, -0.013382678851485252, 0.013970177620649338, -0.01828077994287014, 0.016381654888391495, 0.009652744047343731, 0.019305488094687462, 0.007063649594783783, -0.008047368377447128, 0.001870090956799686, 0.001128886011429131, 0.02722989208996296, 0.0038973037153482437, -0.020275544375181198, -0.004423320293426514, -0.0239371657371521, 0.02288513258099556, 0.01841740682721138, -0.03024936281144619, 0.019879324361681938, -0.028363900259137154, -0.0017693281406536698, 0.013895031996071339, 0.0259182658046484, -0.01946943998336792, -0.01893659308552742, -0.004529206547886133, 0.0035079149529337883, 0.008006380870938301, 0.05612663924694061, -0.02299443446099758, -0.005379714071750641, 0.006141413003206253, 0.00673574348911643, 0.0014627698110416532, 0.006155075971037149, -0.007172951940447092, 0.014072648249566555, -0.011831955052912235, -0.021655483171343803, -0.6287057995796204, -0.005495847202837467, -0.006441994104534388, -0.008976437151432037, -0.0057076201774179935, -0.0032141655683517456, -0.005799843929708004, -0.0077604507096111774, -0.03421156480908394, 0.040305156260728836, -0.0018103164620697498, 0.021614495664834976, -0.015343285165727139, 0.001662587746977806, 0.0073642306961119175, -0.017857234925031662, 0.022584551945328712, -0.02341797947883606, -0.0006583745125681162, 5.630553641822189e-05, -0.03481272608041763, 0.01466014701873064, -0.009782539680600166, 0.049103979021310806, 0.012453611008822918, -0.01327337697148323, -0.010711608454585075, -0.011551868170499802, 0.003285895101726055, 0.021477866917848587, -0.02684733457863331, 0.010711608454585075, 0.007248097099363804, 0.013464655727148056, 0.04749177396297455, -0.005963797215372324, -0.023076411336660385, 0.0008411139715462923, -0.02313106134533882, 0.04355689510703087, -0.025849951431155205, -2.539086199249141e-05, 0.019961299374699593, -0.03560516610741615, 0.010212916880846024, -0.011674832552671432, 0.02682000771164894, -0.003504499327391386, 0.01920984871685505, -0.01591712236404419, 0.0005866449791938066, 0.01256291288882494, -0.003723103553056717, 0.020330194383859634, 0.004850281868129969, -0.0010648417519405484, 0.02114996127784252, -0.01590345799922943, 0.005984291434288025, -0.009878179058432579, 0.025057511404156685, 0.0019281577551737428, -0.02026188187301159, 0.013252882286906242, -0.02907436527311802, 0.0024439271073788404, 0.014004334807395935, 0.004894685465842485, 0.00013481306086760014, -0.0072002774104475975, 0.02039850875735283, 0.014810437336564064, 0.001851304667070508, 0.0014900953974574804, 0.010978031903505325, 0.024019140750169754, 0.020671764388680458, -0.02907436527311802, -0.03489470109343529, 0.014824100770056248, 0.03235342726111412, -0.0034686345607042313, -0.029402270913124084, 0.010308556258678436, -0.0033337147906422615, 0.0026864411775022745, -0.04257317632436752, -0.019879324361681938, 0.006295118946582079, 0.019237173721194267, 0.0218057744204998, 0.03205284848809242, 0.0027445079758763313, -0.0079653924331069, 0.00338495010510087, 0.026396462693810463, 0.007254928350448608, 0.003644542768597603, 0.02221565693616867, -0.024306058883666992, -0.021272925660014153, -0.007145626470446587, -0.0003069852537009865, 0.014960727654397488, 0.03473075106739998, 0.006561542861163616, -0.011722652241587639, 0.0027872042264789343, 0.03481272608041763, -0.02904703840613365, -0.023226700723171234, -0.006868955213576555, -0.01044518407434225, 0.017597641795873642, 0.018704324960708618, -0.029129015281796455, 0.014427879825234413, -0.014851425774395466, -0.010007975623011589, 0.002409770153462887, -0.006964594591408968, 0.027065938338637352, 0.020958682522177696, -0.019483104348182678, -0.015233983285725117, 0.029538899660110474, 0.015602878294885159, -0.008600710891187191, 0.014250264503061771, 0.0011801213258877397, 0.006349770352244377, 0.001379085355438292, 0.013949683867394924, -0.00427302997559309, 0.02341797947883606, -0.019045894965529442, 0.005670047830790281, -0.006370264571160078, 0.0067938100546598434, -0.013567126356065273, -0.009106232784688473, -0.0030775379855185747, 0.009154052473604679, -0.020357521250844002, 0.03934876248240471, -0.021122634410858154, -0.03639760613441467, 0.014892414212226868, -0.012207681313157082, 0.016354329884052277, -0.026246171444654465, -0.0013628609012812376, -0.005154278129339218, -0.009946493431925774, -0.016340667381882668, -0.01136742066591978, -0.0020459990482777357, -0.042928408831357956, -0.010308556258678436, -0.012453611008822918, -0.00628145644441247, 0.04068771377205849, -0.018963918089866638, -0.012726865708827972, -9.830786439124495e-05, -0.03601504862308502, -0.02841855213046074, 0.011155648157000542, 0.0019845166243612766, -0.01459183357656002, -0.01032221969217062, 0.0061345817521214485, 0.004385747481137514, -0.035195283591747284, -0.009263355284929276, 0.010732102207839489, -0.030959825962781906, 0.0035933072213083506, -0.03697144240140915, -0.006862123962491751, 0.001871798885986209, 0.004699991084635258, 0.0020682010799646378, 0.010042132809758186, 0.037955161184072495, 0.03117842972278595, 0.001128886011429131, 0.015958109870553017, -0.014400554820895195, 0.026615066453814507, 0.01420927606523037, 0.0014371521538123488, -0.0032158733811229467, -0.005929640028625727, -0.015411599539220333, 0.013724247924983501, 0.03866562619805336, -0.0019162028329446912, 0.011620181612670422, 0.01196858286857605, 0.008648530580103397, 0.017160432413220406, 0.015438924543559551, 0.012392127886414528, 0.0391848124563694, -0.022844143211841583, -0.010253905318677425, -0.02485257014632225, 0.017829908058047295, 0.013375847600400448, 0.0004030515847261995, -0.0036957780830562115, 0.005010819062590599, -0.019387464970350266, 0.0028521022759377956, 0.01453718263655901, -0.030686570331454277, -0.009885010309517384, -0.011285443790256977, 0.0025890939868986607, 0.015561889857053757, -0.018513046205043793, 0.0329272635281086, 0.012802011333405972, -0.009809865616261959, 0.022461585700511932, -0.0045975204557180405, 0.016149388626217842, -0.01123762410134077, -0.013642271049320698, 0.017980199307203293, -0.016094736754894257, -0.0036752838641405106, 0.008006380870938301, 0.010991694405674934, 0.012112041935324669, 0.019906649366021156, -0.025576697662472725, 0.04943188652396202, -0.023172050714492798, -0.005868157837539911, 0.02011159062385559, 0.034402843564748764, -0.029374945908784866, -0.0035967230796813965, 0.015083692967891693, 0.01747467741370201, 0.015548227354884148, 0.00667767645791173, 0.04068771377205849, -0.004078335594385862, 0.008655361831188202, 0.00483320327475667, 0.016736887395381927, 0.001771035953424871, -0.005137200001627207, 0.00515769375488162, 0.030604595318436623, -0.008177164942026138, 0.03904818370938301, 0.012378465384244919, -0.0164636317640543, 0.018212465569376945, -0.021409552544355392, 0.010950706899166107, 0.004717069678008556, -0.009891842491924763, -0.001892292988486588, -0.0013654226204380393, -0.017051130533218384, 0.017420025542378426, -0.03762725740671158, -0.01736537553369999, -0.006370264571160078, 0.020084265619516373, -0.01957874186336994, 0.004269614350050688, 0.008183996193110943, 0.014632822014391422, 0.009960155934095383, -0.04290108382701874, -0.004771720618009567, 0.019619731232523918, 0.006564958952367306, 0.008949111215770245, -0.02064443938434124, 0.005963797215372324, 0.022516237571835518, -0.007931235246360302, 0.003846068400889635, 0.008108851499855518, 0.022010715678334236, -0.0004820394387934357, -0.014031659811735153, -0.012856662273406982, 0.03208017349243164, 0.024251408874988556, 0.011729484423995018, 0.0002602329768706113, 0.005567576736211777, 0.0020408756099641323, 0.02369123511016369, -0.02738018147647381, -0.03612435236573219, 0.03350109979510307, -0.007350567728281021, -0.007521352265030146, -0.033091217279434204, -0.009550273418426514, 0.018868278712034225, -0.0116270137950778, -0.01828077994287014, 0.009570767171680927, 0.013580788858234882, 0.007248097099363804, -0.0018991243559867144, -0.009748383425176144, -0.009946493431925774, 0.007282253820449114, 0.016108401119709015, -0.010042132809758186, -0.013150411657989025, -0.031779590994119644, 0.016791539266705513, 0.050415605306625366, 0.022707516327500343, -0.020425833761692047, -0.01256291288882494, -0.01563020423054695, 0.033610403537750244, -0.03076854720711708, -0.012822505086660385, 0.010629631578922272, -0.021382227540016174, -0.02907436527311802, -0.012528755702078342, 0.04276445508003235, -0.022529900074005127, 0.009980649687349796, -0.004068088252097368, -0.007466701325029135, 0.0036718682385981083, 0.01361494604498148, -0.0011263241758570075, -0.01347148697823286, 0.0050381445325911045, 0.012521924450993538, 0.02710692584514618, 0.024620303884148598, 0.020671764388680458, 0.004966414999216795, -0.0031663458794355392, 0.00836161244660616, 0.00028008667868562043, 0.0029562809504568577, 0.019633393734693527, 0.027913030236959457, 0.0007582834805361927, -0.010178760625422001, 0.05394059792160988, 0.018075838685035706, 0.006137997377663851, 0.0006558127352036536, 0.010055795311927795, 0.00203745998442173, 0.022721178829669952, -0.0016506328247487545, 0.008327455259859562, -0.004785383585840464, -0.009591260924935341, -0.027776401489973068, 0.001188660622574389, 0.011121490970253944, -0.006271209102123976, -0.02105432190001011, -0.022693853825330734, -0.013676428236067295, -0.01696915552020073, 0.02220199443399906, 0.009003762155771255, 0.012788348831236362, -0.020986007526516914, -0.032162148505449295, -0.04342027008533478, -0.022283969447016716, -0.028363900259137154, 0.04705456271767616, 0.0012407498434185982, -0.012918144464492798, -0.021751122549176216, -0.018581360578536987, 0.02339065447449684, -0.010048964060842991, 0.0009717642096802592, -0.009078907780349255, -0.023636583238840103, -0.018103163689374924, -0.0047956304624676704, 0.051235370337963104, 0.026669718325138092, 0.01866333745419979, 0.004881022963672876, -0.00901742558926344, -0.0031236496288329363, -0.016996480524539948, -0.027817390859127045, -0.0032654008828103542, 0.0019657304510474205, -0.006623025517910719, 0.014824100770056248, -0.004460893105715513, -0.0020255050621926785, -0.020945020020008087, 0.024524664506316185, -0.0035352406557649374, -0.005178187973797321, 0.009447801858186722, -0.012323814444243908, 0.026341810822486877, -0.020466823130846024, -0.0038631469942629337, 0.011094165034592152, 0.016081074252724648, -0.004966414999216795, 0.001789822243154049, 0.021095309406518936, 0.007876584306359291, -0.01698281802237034, -0.0022628954611718655, 0.014960727654397488, 0.015944447368383408, 0.015561889857053757, -0.0024900389835238457, -0.024251408874988556, -0.01052032969892025, -0.020617112517356873, 0.029894130304455757, -0.0030877848621457815, 0.015097355470061302, 0.0009265062981285155, 0.01933281309902668, 0.016531946137547493, -0.005297737196087837, 0.01347148697823286, 0.008177164942026138, -0.007944897748529911, 0.03587842360138893, 0.007671642582863569, -0.019961299374699593, -0.011668001301586628, -0.023076411336660385, -0.014468868263065815, -0.0018803380662575364, -0.005605149548500776, 0.006441994104534388, 0.009031088091433048, -0.03238075226545334, -0.0039724488742649555, -0.04052376374602318, -0.012788348831236362, 0.01064329408109188, 0.008798820897936821, -0.002517364453524351, 0.013833549804985523, -0.0012697832426056266, -0.011954919435083866, -0.02590460330247879, 0.009700563736259937, -0.0013227264862507582, -0.01852671056985855, -0.0352226085960865, 0.014250264503061771, 0.021997053176164627, 0.015179332345724106, 0.01097120065242052, 0.007856090553104877, -0.02090403065085411, -0.008156671188771725, -0.023240363225340843, -0.018717989325523376, 0.0004310175427235663, 0.01138108316808939, 0.04363887384533882, 0.024497337639331818, 0.018048513680696487, -0.021505191922187805, 0.04369352385401726, -0.02169647067785263, 0.006715249270200729, 0.021108971908688545, 0.00927018653601408, 0.009318006224930286, -0.012002739124000072, 0.005929640028625727, 0.029675526544451714, -0.006301950663328171, 0.028309250250458717, -0.015507238917052746, 0.020302869379520416, 0.02789936773478985, -0.028855759650468826, 0.0093384999781847, -0.018636012449860573, -0.03115110471844673, 0.011217130348086357, 0.028473202139139175, 0.0011895145289599895, -0.0019435284193605185, -0.034785401076078415, -0.002616419456899166, 0.012139366939663887, -0.0015652405563741922, 0.010759428143501282, -0.014550845138728619, 0.018567698076367378, 0.012672214768826962, -0.014373228885233402, -0.02063077501952648, 0.01905955746769905, -0.025467393919825554, -0.008300130255520344, -0.014947065152227879, -0.004665834363549948, -0.0026112960185855627, -0.005417286418378353, 0.032298777252435684, 0.009768877178430557, -0.007678474299609661, -0.026150532066822052, 0.004355006385594606, -0.008607542142271996, -0.004317434038966894, -0.00608334643766284, -0.020617112517356873, 0.0003910966624971479, -0.02487989515066147, 0.007979054935276508, -0.0016540485667064786, 0.03104180283844471, 0.045169103890657425, -3.106144140474498e-05, 0.006592284422367811, -0.022939782589673996, -0.012699540704488754, -0.0031475594732910395, -0.023704897612333298, 0.03932143747806549, 0.0010238534305244684, 0.018335431814193726, 0.014291252940893173, 0.0072344341315329075, -0.014086310751736164, 0.011217130348086357, 0.010943874716758728, 0.01169532723724842, 0.024661291390657425, 0.02658774144947529, -0.013225557282567024, -0.03699876740574837, -0.01202323380857706, -0.02064443938434124, -0.001895708730444312, -0.01655927114188671, 0.008593879640102386, -0.00615165987983346, -0.00013406587822828442, 0.008136176504194736, 0.030194710940122604, -0.025453731417655945, 0.004184221848845482, 0.0037538448814302683, 0.009386319667100906, 0.005765687208622694, -0.015507238917052746, -0.021778447553515434, 0.004447230137884617, 0.008354781195521355, 0.03694411739706993, 0.007077312562614679, -0.008949111215770245, -0.026396462693810463, -0.005885235965251923, -0.0323261022567749, 0.04150748252868652, 0.009891842491924763, 0.02970285154879093, -0.015343285165727139, 0.014865088276565075, 0.023172050714492798, 0.02155984379351139, -0.005574408452957869, -0.003224412677809596, -0.009570767171680927, 0.03205284848809242, 4.3203159293625504e-05, -0.005205513443797827, -0.0007638339884579182, 0.019619731232523918, -0.0038392371498048306, 0.004730732645839453, -0.033610403537750244, -0.02445635013282299, -0.00017548113828524947, -0.013375847600400448, 0.028637155890464783, 0.004006606061011553, -0.026382800191640854, -0.009509284980595112, -0.00953660998493433, 0.005461690481752157, -0.015179332345724106, 0.004372084978967905, 0.0066605983301997185, -0.018472058698534966, -0.004078335594385862, 0.006493229418992996, -0.012665383517742157, 0.04402143135666847, -0.02343164198100567, -0.012952301651239395, 0.008375274948775768, 0.014550845138728619, -0.015821482986211777, 0.026860997080802917, -0.003135604551061988, -0.010404195636510849, -0.023745886981487274, 0.0008009796147234738, -0.008894460275769234, -0.003917797934263945, 0.0019759773276746273, -0.016887178644537926, -0.015111018903553486, -0.0026847333647310734, 0.0022885131184011698, 0.006100424565374851, -0.002560060704126954, -0.03527725860476494, -0.005570992361754179, -0.01222134381532669, 0.017706943675875664, -0.01920984871685505, -0.025016523897647858, 0.034375518560409546, 0.001895708730444312, -0.000522600777912885, -0.010814079083502293, 0.0073642306961119175, -0.005489015951752663, -0.02026188187301159, -0.007008998654782772, -0.0056085651740431786, -0.030140060931444168, -0.014892414212226868, 0.006165322847664356, 0.0039007195737212896, 0.004064672626554966, -0.008238647133111954, -0.023376991972327232, -0.007104638032615185, -0.014496194198727608, 0.017187759280204773, -0.006940684746950865, -0.014482531696557999, 0.019824672490358353, 0.001537914969958365, 0.007828764617443085, 0.006028695032000542, -0.025330767035484314, -0.022680191323161125, -0.016108401119709015, -0.03555051609873772, -0.030877849087119102, 0.0014260511379688978, -0.00637368019670248, 0.006401005666702986, 0.02408745512366295, 0.008115682750940323, -0.004457477014511824, -0.003504499327391386, -0.038966208696365356, -0.02259821444749832, -0.018499383702874184, 0.009174547158181667, 0.027011286467313766, 0.030413316562771797, -0.0035967230796813965, 0.025166813284158707, 0.02341797947883606, 0.026218846440315247, -0.024797918274998665, 0.0016369700897485018, -0.0179118849337101, -0.0037162720691412687, 0.004699991084635258, -0.0136832594871521, -0.016504621133208275, -0.007309579290449619, -0.0026625313330441713, -0.022926120087504387, 0.03167029097676277, 0.011599687859416008, -0.012842999771237373, -0.02419675700366497, -0.00862803589552641, -0.019127871841192245, 0.028445877134799957, -0.0186769999563694, 0.01920984871685505, -0.022120017558336258, -0.038474347442388535, 0.007828764617443085, -0.002097234595566988, -0.013690090738236904, -0.00044830949627794325, 0.006520554888993502, -0.027024950832128525, 0.011934425681829453, -0.011189804412424564, 0.0027530472725629807, -0.019250836223363876, -0.010479341261088848, 0.042026665061712265, 0.020179904997348785, -0.0014977806713432074, 0.028309250250458717, 0.024019140750169754, 0.01606741175055504, -0.020152578130364418, 0.027407506480813026, -0.005014234688133001, -0.00624388363212347, 0.007733125239610672, -0.02526245266199112, 0.002016965765506029, -0.0410156212747097, 0.004440398886799812, -0.02355460822582245, 0.031096454709768295, -0.0029477416537702084, -0.01289081946015358, -0.02105432190001011, -0.001640385715290904, 0.01658659800887108, -0.04667200520634651, -0.010028469376266003, 0.00572128314524889, -0.006363432854413986, -0.005939887370914221, -0.029265644028782845, 0.0019623145926743746, -0.01419561356306076, -0.02143687941133976, 0.01725607179105282, 0.0027052275836467743, -0.05918709933757782, -0.016627585515379906, 0.023308677598834038, -0.008805652149021626, 0.011387915350496769, 0.19903916120529175, 0.008908122777938843, 0.018977580592036247, 0.02880110964179039, -0.0015473081730306149, 0.008935448713600636, 0.007309579290449619, -0.008156671188771725, -0.028828434646129608, 0.010178760625422001, 0.001681374036706984, -0.001789822243154049, -0.01866333745419979, -0.0053011528216302395, -0.007446207106113434, -0.0093384999781847, -0.04303771257400513, -0.0002764575183391571, -0.03024936281144619, 0.014045323245227337, 0.029429595917463303, 0.022707516327500343, -0.01261756382882595, -0.010670620016753674, 0.00644540973007679, -0.006097008939832449, 0.008074694313108921, 0.004341343883424997, 0.018622349947690964, 0.009714226238429546, -0.013423667289316654, -0.007931235246360302, 0.027421170845627785, -0.0031765929888933897, -0.043065037578344345, -0.011346926912665367, 0.010349544696509838, 0.006698170676827431, 0.021013332530856133, 0.015274971723556519, -0.02407379262149334, -0.018116826191544533, 0.01182512380182743, 0.007118300534784794, -0.007746787741780281, -0.001531937625259161, 0.00010876842134166509, 0.0016779584111645818, 0.005717867519706488, 0.05547082796692848, -0.048584792762994766, -0.004853697493672371, 0.03590574860572815, 0.02075374126434326, -0.011264950037002563, -0.0059911226853728294, 0.03374703228473663, 0.006722080521285534, -0.003504499327391386, 0.037162721157073975, -0.012146198190748692, 0.004559948109090328, 0.013772067613899708, 0.007412050385028124, -0.017283398658037186, 0.0009990896796807647, -0.02287147007882595, -0.024360710754990578, -0.0026061725802719593, -0.02075374126434326, -0.005222592037171125, -0.034676097333431244, -0.009809865616261959, -0.011032682843506336, 0.0019349891226738691, -0.027024950832128525, -0.0017052838811650872, 0.017146769911050797, 0.003338838228955865, 0.01136742066591978, -0.024265071377158165, -0.020548800006508827, -0.019647056236863136, 0.0017437104834243655, -0.012296488508582115, -0.0014115344965830445, -0.013833549804985523, 0.012597070075571537, -0.02196972630918026, -0.018075838685035706, 0.003969033248722553, 0.007049987092614174, -0.03459412232041359, 0.010704776272177696, -0.012931806966662407, -0.0029699436854571104, 0.012508261948823929, 0.008245479315519333, -0.03576911985874176, 0.0064795664511621, -0.03213482350111008, 0.05683710426092148, -0.018499383702874184, 0.004884438589215279, -0.0047068228013813496, 0.008839809335768223, -0.0129591329023242, 0.015561889857053757, 0.0018069007201120257, -0.009331668727099895, 0.007084143813699484, -0.02261187694966793, -0.0032124577555805445, -0.014687472954392433, 0.008908122777938843, 0.006718664895743132, 0.018567698076367378, 0.012515093199908733, -0.0017420025542378426, -0.006161907222121954, 0.0070021674036979675, -0.019892986863851547, 0.012822505086660385, -0.0013457824243232608, 0.01189343724399805, -0.030604595318436623, -0.04052376374602318, 0.012385296635329723, 0.013970177620649338, -0.012480936013162136, 0.008047368377447128, -0.03970399498939514, 0.0012108625378459692, -0.03325517103075981, -0.022256644442677498, 0.0005802405648864806, -0.007268591318279505, -0.01908688247203827, 0.004372084978967905, 0.0022680191323161125, 0.021737460047006607, -0.014373228885233402, 0.03076854720711708, -0.012296488508582115, 0.002595925470814109, -0.014031659811735153, 0.0024302643723785877, -0.0016130602452903986, -0.005041560623794794, -0.03699876740574837, -0.02787204086780548, -0.010568149387836456, 0.010991694405674934, -0.026068557053804398, -0.004744395148009062, -0.01241945382207632, 0.00914038997143507, -0.04229992255568504, 0.022297633811831474, -0.015097355470061302, -0.013430498540401459, -0.004119323566555977, -0.00391096668317914, -0.019141534343361855, -0.03142436221241951, -0.003975864499807358, -0.1741182804107666, 0.02553570829331875, 0.026464777067303658, -0.019278161227703094, 0.00986451655626297, 0.008928617462515831, 0.030440641567111015, -0.02079472877085209, 0.00075572170317173, -0.011934425681829453, 0.01202323380857706, -0.016258690506219864, -0.032790638506412506, -0.025426406413316727, -0.024237746372818947, 0.007842427119612694, -0.003343961900100112, 0.004590689204633236, 0.019770020619034767, 0.035987723618745804, 0.030795874074101448, -0.013628608547151089, -0.010554485954344273, -0.012357971630990505, -0.004413073416799307, -0.003361040260642767, 0.023745886981487274, 0.011012189090251923, 0.0024883311707526445, 0.002920416183769703, -0.0015481620794162154, -0.0011510879267007113, 0.013252882286906242, 0.004525790922343731, 0.005717867519706488, -0.006189232692122459, 0.00259763328358531, -0.030331339687108994, -0.01268587727099657, -0.0034942522179335356, 0.03481272608041763, 0.017816245555877686, -0.01567119173705578, 0.021915076300501823, 0.00044446683023124933, 0.011251287534832954, 0.01254925038665533, -0.009379488416016102, 0.027284542098641396, -0.03787318617105484, 0.01998862624168396, -0.0362883061170578, 0.0005025335703976452, 0.00294091016985476, 0.02643745020031929, 0.007869753055274487, 0.018786301836371422, -0.007500858046114445, -0.034676097333431244, -0.03169761598110199, -0.006506891921162605, -0.019920311868190765, -0.003661621129140258, 0.008675855584442616, -0.009563935920596123, -0.00664351973682642, -0.007084143813699484, -0.0024490507785230875, -0.03287261351943016, -0.006380511447787285, -0.0179118849337101, 0.0048605287447571754, 0.02184676192700863, 0.0036001387052237988, 0.006889449432492256, 0.0210406593978405, -0.01852671056985855, -0.007118300534784794, 0.009283849038183689, 0.0035898915957659483, -0.04115225002169609, 0.014455205760896206, -0.01655927114188671, 0.033337146043777466, -0.0043994104489684105, 0.0028469788376241922, -0.0044643087312579155, -0.01986565999686718, 0.008853471837937832, 0.010950706899166107, 0.01129910722374916, -0.027311867102980614, 0.00026471607270650566, 0.010561317205429077, -0.0009811572963371873, 0.0060047851875424385, 0.01668223738670349, -0.0005853641196154058, -0.006974841933697462, -0.012569744139909744, 0.0009683484677225351, -0.03153366222977638, -0.018608685582876205, 0.007070481311529875, 0.01813049055635929, 0.007582834921777248, 0.014796774834394455, 0.013505643233656883, 0.031779590994119644, 0.0013466363307088614, -0.013314364477992058, -0.0032961422111839056, -0.010021638125181198, 0.02380053699016571, 0.013369016349315643, 0.028883086517453194, 0.0042354571633040905, -0.025481058284640312, 0.009078907780349255, 0.012672214768826962, 0.04997839406132698, -0.03224412724375725, 0.008375274948775768, -0.0027718334458768368, 0.015493575483560562, -0.003422522684559226, -0.09170448035001755, 0.004324265290051699, -0.010212916880846024, 0.02075374126434326, -0.010124108754098415, -0.004314017947763205, -0.02444268763065338, 0.04180806130170822, -0.04079701751470566, 0.028965063393115997, -0.03423888981342316, -0.028855759650468826, -0.003743597771972418, 0.030304012820124626, -0.014523519203066826, 0.03161563724279404, -0.021901413798332214, 0.002614711644127965, 0.014031659811735153, 0.02893773652613163, 0.0024268487468361855, -0.015192994847893715, 0.020876705646514893, 0.0033525009639561176, 0.005622228141874075, 0.021368565037846565, -0.011722652241587639, 0.02444268763065338, 0.022406935691833496, -0.02483890764415264, -0.012897650711238384, -0.022652864456176758, 0.026396462693810463, 0.002963112201541662, -0.007384724915027618, -0.02037118375301361, -0.007924403995275497, -0.0003240637306589633, 0.021382227540016174, -0.009099401533603668, -0.01335535291582346, 0.0032722323667258024, -0.006988504435867071, -0.001502050319686532, 0.006377095822244883, -0.017310723662376404, -0.03314586728811264, 0.02839122712612152, 0.005974044091999531, -0.025166813284158707, -0.01695549115538597, -0.006930437870323658, -0.0253854189068079, -0.027011286467313766, 0.030877849087119102, 0.014906076714396477, 0.010014806874096394, 0.010206085629761219, 0.007227602880448103, 0.02471594326198101, -0.0036172170657664537, 0.003420814871788025, -0.0018803380662575364, -0.0033883657306432724, 0.02852785401046276, 0.002939202357083559, -0.009024256840348244, -0.013266544789075851, -0.009352162480354309, -0.0026847333647310734, -0.005072301719337702, -0.007241265848278999, -0.044267360121011734, 0.02658774144947529, -0.019674381241202354, 0.0370534211397171, -0.030304012820124626, -0.012870324775576591, 0.016135726124048233, 0.006664013955742121, 0.006950932089239359, 0.010021638125181198, -0.025303442031145096, 6.0521779232658446e-05, 0.008914954029023647, 0.010848235338926315, 0.014550845138728619, 0.007015829905867577, 0.019223511219024658, -0.047027237713336945, 0.0005909146275371313, 0.018253454938530922, -0.0007040593773126602, -0.026779020205140114, 0.009502453729510307, 0.014154625125229359, -0.022816818207502365, -0.011305938474833965, -0.0006319028907455504, -0.011633845046162605, -0.017829908058047295, -0.017966536805033684, -0.035304587334394455, 0.02669704332947731, 0.023090073838829994, -0.015288634225726128, -0.014222938567399979, 0.0023243778850883245, 0.0016899133333936334, -0.01241945382207632, -0.003195379162207246, 0.0017180927097797394, -0.02404646761715412, 0.020453160628676414, -0.02918366715312004, -0.019797347486019135, -0.0230217594653368, -0.014468868263065815, 0.013977008871734142, 0.004648755770176649, 0.023172050714492798, 0.012146198190748692, 0.003243198851123452, 0.011736315675079823, -0.0059911226853728294, 0.02037118375301361, -0.0033969050273299217, -0.023609258234500885, 0.010766259394586086, -0.0037572605069726706, -0.008921786211431026, -0.01997496373951435, 0.02076740376651287, -0.01920984871685505, 0.012439947575330734, 0.007289085537195206, 0.015507238917052746, -0.01855403557419777, -0.003159514395520091, 0.010602305643260479, 0.02235228382050991, -0.005106458440423012, -0.015165669843554497, -0.005044976249337196, 0.006278040818870068, -0.032162148505449295, -0.00829329900443554, 0.016204040497541428, -0.01709211990237236, 0.007008998654782772, -0.004546285141259432, 0.012494598515331745, 0.048338863998651505, 0.014482531696557999, 0.003934876527637243, -0.03448481857776642, -0.0157804936170578, -0.04656270518898964, 0.019305488094687462, 0.02355460822582245, 0.008901291526854038, 0.0056939576752483845, 0.03104180283844471, -0.007466701325029135, 0.00687578646466136, -0.02130025066435337, -0.009358994662761688, -0.01532962266355753, -0.013983840122818947, 0.027585122734308243, 0.012501430697739124, -0.024237746372818947, -0.00978937093168497, -0.0012731989845633507, 0.032954588532447815, 0.011504048481583595, -0.0028674728237092495, -0.009727888740599155, -0.029156342148780823, -0.007931235246360302, -0.0013030862901359797, 0.0093384999781847, 0.013601282611489296, -0.021614495664834976, -0.006684508174657822, 0.004331096541136503, 0.025412743911147118, 0.03407493606209755, -0.028965063393115997, 0.0011579194106161594, 0.021231938153505325, -0.010089952498674393, -0.009188209660351276, 0.0018803380662575364, -0.01263122633099556, -0.0031970872078090906, 0.013491980731487274, 0.005758855491876602, 0.004044178407639265, -0.015425262041389942, 0.013826718553900719, -0.0045770262368023396, 0.0017078457167372108, 0.017843572422862053, -0.008320624008774757, -0.0023380406200885773, 0.0037709232419729233, 0.0031714693177491426, -0.0003614228335209191, -0.024674953892827034, 0.0016079366905614734, 0.029784828424453735, -0.00295969657599926, 0.01698281802237034, -0.01855403557419777, 0.009037919342517853, 0.007111469283699989, 0.0015592630952596664, -0.0016583180986344814, -0.0028879670426249504, -0.021122634410858154, 0.0049254270270466805, -0.022010715678334236, -0.015029042027890682, 0.017461014911532402, -0.007733125239610672, 0.04172608628869057, 0.0023465799167752266, -0.029129015281796455, -0.042819105088710785, 0.026259835809469223, -0.01216669287532568, 0.0015865886816754937, -0.005717867519706488, -0.012275994755327702, -0.0033115127589553595, 0.009850854054093361, -0.021600831300020218, 0.0005678586894646287, -0.000604577362537384, -0.013464655727148056, 0.06399638950824738, 0.00829329900443554, -0.002554937032982707, 0.010048964060842991, -0.021122634410858154, 0.0010443476494401693, 0.005369466729462147, 0.01879996433854103, -0.016135726124048233, -0.02619152143597603, 0.041480157524347305, 0.017133107408881187, -0.003079245798289776, 0.007876584306359291, -0.007282253820449114, 0.00875783246010542, 0.005816922523081303, 0.019305488094687462, 0.00014409948198590428, -0.009481959044933319, 0.03063192032277584, 0.012412622570991516, 0.021272925660014153, -0.0008966189925558865, -0.007275422569364309, -0.0027274296153336763, 0.007220771629363298, -0.002884551417082548, -0.014892414212226868, -0.028172621503472328, -0.0023636585101485252, 0.01308892946690321, -0.0315609872341156, -0.009440970607101917, -8.819421964290086e-06, -0.003740181913599372, 0.0067289117723703384, 8.758046169532463e-05, 0.012153029441833496, 0.005700788926333189, 0.015206658281385899, 0.007282253820449114, -0.03038598969578743, 0.009454634040594101, -0.022926120087504387, -0.016504621133208275, -0.004348175134509802, -0.02500286139547825, -0.025740649551153183]","[-0.013589990325272083, 0.03297155350446701, 0.02471519634127617, -0.01785959117114544, -0.027934232726693153, 0.030627986416220665, -0.019772157073020935, -0.02269488014280796, -0.021482691168785095, -0.013239802792668343, 0.02611594833433628, 0.001229025423526764, -0.0038554358761757612, 0.005478423088788986, 0.016243338584899902, 0.003586060367524624, 0.0034412711393088102, -0.003538919845595956, 0.015273586846888065, -0.006690612528473139, -0.014249959960579872, 0.006431338377296925, 0.014236491173505783, 0.02785342000424862, -0.02439194545149803, 0.007225995883345604, 0.039625126868486404, -0.02058028243482113, 0.009886078536510468, 0.010411360301077366, 0.028957858681678772, -0.010115047916769981, -0.019920313730835915, -0.04328863322734833, -0.03267524018883705, -0.009596499614417553, -0.020472532138228416, 0.0018048153724521399, 0.03509961813688278, -0.012007409706711769, 0.022102253511548042, -0.00682193273678422, -0.012364332564175129, -0.019516250118613243, 0.0016886472003534436, 0.00330153270624578, -0.009010608308017254, -0.038035809993743896, -0.011562940664589405, 0.006805096752941608, 0.008189013227820396, 0.05007689446210861, -0.05101970583200455, -0.011434987187385559, 0.0021617377642542124, 0.009071217849850655, 0.03579999506473541, 0.023758912459015846, 0.007683934178203344, 0.017953872680664062, 0.01842528022825718, 0.011967003345489502, -0.0221561286598444, -0.005333633627742529, -0.03984062746167183, -0.0017728271195665002, 0.007805153261870146, -0.010687470436096191, -0.0059262593276798725, 0.013785287737846375, 0.014586679637432098, 0.031193675473332405, 0.0024647852405905724, -0.0015345981810241938, 0.01290981750935316, -0.007044167723506689, -0.019893376156687737, 0.013980585150420666, 0.005811775103211403, 0.0015270219882950187, 0.0044615305960178375, -0.009684046730399132, -0.009246312081813812, -0.006579495035111904, 0.011367643252015114, 0.007933106273412704, 0.011320502497255802, 0.013401428237557411, -0.003010270418599248, -0.00021613169519696385, 0.00928671844303608, 0.01171783171594143, 0.02928110957145691, 0.017644090577960014, 0.00826982595026493, 0.02169819176197052, -0.029765985906124115, 0.01783265359699726, 0.0029345087241381407, -0.01206801924854517, -0.0023065272253006697, -0.00642460398375988, -0.03412986919283867, -0.012115160003304482, 2.676655276445672e-05, -0.010404625907540321, -0.0017795613966882229, -0.007791684474796057, 0.006202369462698698, -0.011650487780570984, 0.0031348566990345716, 0.03140917420387268, 0.028338296338915825, -0.03143611177802086, -0.0006351367919705808, -0.008027387782931328, -0.0023166288156062365, -0.0035591227933764458, -0.03814356029033661, 0.005815142299979925, 0.02256019227206707, 0.009434874169528484, 0.026102479547262192, -0.010189125314354897, 0.04013694077730179, 0.0036938106641173363, 0.012579833157360554, -0.0153543995693326, -0.012916551902890205, -0.01825018599629402, 0.03795499727129936, 0.01985296979546547, -0.0033554076217114925, 0.046898264437913895, 0.0021398509852588177, -0.011967003345489502, 0.010613392107188702, 0.025092322379350662, -0.029765985906124115, -0.03865537419915199, 0.018613843247294426, 0.011111736297607422, -0.0019765421748161316, -0.01090970542281866, -0.021886754781007767, 0.034480053931474686, 0.00015741627430543303, -0.010721142403781414, 0.015273586846888065, -0.0017172683728858829, -0.013394693844020367, 0.003690443467348814, 0.011239689774811268, -0.008848982863128185, -0.018236717209219933, -0.01550255622714758, 0.019368093460798264, -0.020917002111673355, 0.019166061654686928, 0.0032409231644123793, 0.015273586846888065, 0.007434762082993984, -0.002193726133555174, 0.004121444188058376, -0.00223244889639318, 0.029496610164642334, 0.005879119038581848, -0.016633933410048485, -0.003562489990144968, -0.021159440279006958, 0.022021440789103508, 0.017455527558922768, -0.023947475478053093, 0.016458839178085327, -0.031786300241947174, -0.002863797591999173, 0.01842528022825718, 0.017455527558922768, -0.007973512634634972, -0.014155679382383823, 0.0013797072460874915, 0.013792022131383419, 0.012936755083501339, 0.0473831370472908, -0.02297772467136383, -0.001623828778974712, 0.002823391230776906, 0.013697740621864796, 0.0011187498457729816, 0.0018014481756836176, -0.006192267872393131, 0.010027500800788403, -0.016108650714159012, -0.026668168604373932, -0.6331400275230408, -0.0035591227933764458, -0.016081713140010834, -0.008087997324764729, -0.0027038559783250093, 0.006044111214578152, -0.0006944835186004639, 0.0007138449000194669, -0.0400022529065609, 0.05511421337723732, -0.0008085471927188337, 0.01855996809899807, -0.013138786889612675, -0.007050902117043734, 0.002471519634127617, -0.022075315937399864, 0.022802630439400673, -0.020324377343058586, 0.00035229255445301533, -0.006805096752941608, -0.02697794884443283, 0.01156967505812645, -0.0188293419778347, 0.047329261898994446, 0.019246874377131462, -0.011367643252015114, -0.005963298492133617, -0.012364332564175129, 0.005323532037436962, 0.027637919411063194, -0.02528088353574276, 0.004235928878188133, 0.009145296178758144, 0.014492398127913475, 0.04568607360124588, -0.006300018168985844, -0.02226387895643711, 0.004407655447721481, -0.014654023572802544, 0.0382782481610775, -0.03340255469083786, 0.0017341043567284942, 0.021455753594636917, -0.02600819803774357, 0.015381337143480778, -0.015758462250232697, 0.03256748989224434, -0.006690612528473139, 0.018613843247294426, -0.004256132058799267, 0.0027897192630916834, 0.008202482014894485, -0.003986756317317486, 0.009185702539980412, 0.003939615562558174, 0.0004693025257438421, 0.020216627046465874, -0.011987206526100636, 0.0014159046113491058, -0.011839049868285656, 0.023960944265127182, -0.006367361638695002, -0.02410910092294216, 0.010000563226640224, -0.0339682437479496, 0.011758238077163696, 0.02300466224551201, 0.0008203323814086616, -0.004976711235940456, -0.01249902043491602, 0.01583927497267723, 0.01176497247070074, 0.002498457208275795, 0.001907514757476747, 0.012768395245075226, 0.027610981836915016, 0.01855996809899807, -0.030358610674738884, -0.021752066910266876, 0.0172939021140337, 0.02769179455935955, -0.007495371624827385, -0.04126831516623497, 0.0018957295687869191, 0.003375610802322626, 0.003892475040629506, -0.034641679376363754, -0.019637469202280045, 0.007562715094536543, 0.01943543739616871, 0.018883217126131058, 0.023341381922364235, 0.0042460304684937, -0.008128403685986996, 0.008451654575765133, 0.02742241881787777, 0.0012896348489448428, -0.0014781976351514459, 0.016458839178085327, -0.021779004484415054, -0.020324377343058586, -0.010929908603429794, -0.007879231125116348, 0.01156967505812645, 0.034911055117845535, 0.0029345087241381407, -0.013091646134853363, 0.002134800422936678, 0.03668893501162529, -0.02586004137992859, -0.020943939685821533, -0.013387959450483322, -0.00027842476265504956, 0.017051465809345245, 0.021226784214377403, -0.02914642170071602, 0.019044842571020126, -0.004932937677949667, -0.015798868611454964, -0.00331668509170413, -0.002809922443702817, 0.02540210261940956, 0.022196535021066666, -0.022385098040103912, -0.013125318102538586, 0.019879907369613647, 0.015313993208110332, -0.009030811488628387, 0.01699759066104889, 0.0019512883154675364, 0.004872328136116266, -0.007084574084728956, 0.01084909588098526, 0.0013081544311717153, 0.022479379549622536, -0.02798810787498951, -0.0024664688389748335, -0.007993715815246105, 0.001958022592589259, -0.012229644693434238, -0.006030642427504063, -0.007609855849295855, -0.001769459922797978, -0.01521971169859171, 0.03493799269199371, -0.015516025014221668, -0.027058761566877365, 0.013751615770161152, -0.015516025014221668, 0.018937092274427414, -0.02925417199730873, 0.007131714373826981, -0.00900387391448021, -0.009569562040269375, -0.013596724718809128, -0.01064032968133688, -0.000984062091447413, -0.0376586839556694, -0.008081262931227684, -0.008162075653672218, -0.01744205877184868, 0.03415680676698685, -0.013185927644371986, -0.015933556482195854, -0.0033099506981670856, -0.03445311635732651, -0.025307821109890938, 0.013462036848068237, -0.011354174464941025, -0.013098380528390408, -0.017603684216737747, 0.009178968146443367, 0.011387846432626247, -0.0359346829354763, -0.004697233904153109, 0.015044618397951126, -0.027880357578396797, 0.0060037048533558846, -0.03014311008155346, -0.004835288971662521, 0.009306921623647213, 0.004687132313847542, 0.0055390321649611, 0.008202482014894485, 0.04557832330465317, 0.030035361647605896, -0.0022543356753885746, 0.014155679382383823, -0.022183066233992577, 0.030493298545479774, 0.0057680015452206135, -0.004310006741434336, -0.005535664968192577, -0.00963690597563982, -0.008263091556727886, 0.015475618652999401, 0.03324092924594879, -0.0015952076064422727, 0.018667718395590782, 0.01014198549091816, 0.0104315634816885, 0.021307596936821938, 0.009394467808306217, 0.014236491173505783, 0.03596162050962448, -0.01520624291151762, -0.010256469249725342, -0.02525394596159458, 0.014788711443543434, 0.00900387391448021, -0.0025523321237415075, -0.009178968146443367, 0.003852068679407239, -0.01683596521615982, 0.008370841853320599, 0.01598743163049221, -0.03270217776298523, -0.0025893712881952524, -0.004437960218638182, 0.006606432609260082, 0.027799544855952263, -0.01671474613249302, 0.04043325409293175, 0.005256188102066517, -0.004680397920310497, 0.023193225264549255, 0.0004448903491720557, 0.02386666275560856, -0.006225939840078354, -0.007414558902382851, 0.011071329936385155, -0.017011059448122978, -0.011192549020051956, 0.0032661771401762962, 0.010182390920817852, 0.019624000415205956, 0.018479155376553535, -0.028742358088493347, 0.036769747734069824, -0.026021666824817657, -0.011980472132563591, 0.01744205877184868, 0.026358386501669884, -0.03431842848658562, -0.003200516803190112, 0.01570458710193634, 0.013832428492605686, 0.014667492359876633, 0.003187048016116023, 0.04493182152509689, -0.010808689519762993, 0.006862339098006487, -0.0009251362644135952, 0.019179530441761017, 0.007050902117043734, -0.005118133034557104, 0.005104664247483015, 0.03453392907977104, 0.003801560727879405, 0.035342056304216385, 0.016175994649529457, -0.020768845453858376, 0.02168472297489643, -0.0257253535091877, 0.013253271579742432, 0.0052393521182239056, -0.0040204282850027084, -0.0003491358074825257, 0.0031567432451993227, -0.02441888302564621, 0.014882992953062057, -0.04342332109808922, -0.011583143845200539, -0.009455077350139618, 0.02699141763150692, -0.014734836295247078, 0.00467366399243474, 0.011367643252015114, 0.018923623487353325, 0.005680454429239035, -0.048622265458106995, 0.001617936184629798, 0.010384422726929188, 0.006161963101476431, 0.019246874377131462, -0.026317980140447617, 0.008067794144153595, 0.02157697267830372, -0.006710815243422985, 0.006222572643309832, 0.008875920437276363, 0.020890064537525177, 0.007091308478266001, -0.01442505419254303, -0.02397441305220127, 0.03418374061584473, 0.025658009573817253, 0.020512938499450684, 0.003353724256157875, 0.010189125314354897, 0.01026993803679943, 0.0147078987210989, -0.02556372806429863, -0.03685056045651436, 0.035180430859327316, -0.009077952243387699, -0.007690668571740389, -0.026439199224114418, 0.002245917683467269, 0.011280096136033535, -0.008094731718301773, -0.014478929340839386, 0.0018351201433688402, 0.01136090885847807, 0.001793030183762312, -0.001479881233535707, -0.00792637187987566, -0.014020991511642933, 0.012600036337971687, 0.02070150151848793, -0.010162188671529293, -0.01641843281686306, -0.02858073264360428, 0.019610531628131866, 0.044204507023096085, 0.02357035130262375, -0.02284303680062294, -0.015542962588369846, -0.012876145541667938, 0.03782030940055847, -0.021172909066081047, -0.013051239773631096, 0.016351088881492615, -0.018667718395590782, -0.01958359405398369, -0.01420955453068018, 0.037793371826410294, -0.01997418887913227, 0.0066232685931026936, -0.012121894396841526, -0.0018519561272114515, 0.003264493541792035, 0.0026802856009453535, -0.005724227987229824, -0.012344129383563995, 0.005680454429239035, 0.018344467505812645, 0.027934232726693153, 0.01714574545621872, 0.024769071489572525, 0.004468264989554882, -0.004596218466758728, 0.007643527816981077, -0.010317078791558743, 0.0007210001931525767, 0.02157697267830372, 0.01714574545621872, 0.008822045288980007, 0.003261126345023513, 0.0499691441655159, 0.021913692355155945, 0.00956282764673233, -0.006845503114163876, 0.008747966960072517, 0.003959818743169308, 0.019772157073020935, -0.0017088503809645772, -0.006034009624272585, -0.005330266430974007, -0.007805153261870146, -0.02412256971001625, 0.002838543616235256, 0.013953647576272488, -0.004963242448866367, -0.024041756987571716, -0.023758912459015846, -0.011946800164878368, -0.011670690961182117, 0.02687019854784012, 0.009077952243387699, 0.004936304874718189, -0.022048378363251686, -0.029523547738790512, -0.047490887343883514, -0.01377855334430933, -0.01756327785551548, 0.04013694077730179, 0.0032190363854169846, -0.00841798260807991, -0.019044842571020126, -0.022910380735993385, 0.02371850609779358, -0.018398342654109, -0.0007083732052706182, -0.013098380528390408, -0.02544250898063183, -0.022331222891807556, -0.000301363761536777, 0.05158539488911629, 0.035907745361328125, 0.02053987607359886, 0.011589878238737583, -0.008242888376116753, 0.008034122176468372, -0.019920313730835915, -0.03666199743747711, 0.0020556712988764048, -0.0018856279784813523, -0.001995061757043004, 0.008101466111838818, -0.003385712392628193, -0.006077783182263374, -0.024742133915424347, 0.030196985229849815, -0.0022947420366108418, -0.005124867428094149, 0.015677649527788162, -0.020095407962799072, 0.027503231540322304, -0.022048378363251686, 0.0031314895022660494, 0.014128741808235645, 0.015179305337369442, -0.006949886213988066, 0.003986756317317486, 0.031651612371206284, 0.010586454533040524, -0.01939503103494644, -0.0024799376260489225, 0.008007184602320194, 0.017374714836478233, 0.01900443620979786, -0.010216062888503075, -0.02458050847053528, -0.005000281613320112, -0.023314444348216057, 0.032917678356170654, -0.003966553136706352, 0.00592289213091135, 0.010741345584392548, 0.02171166054904461, 0.0218463484197855, -0.0052763912826776505, 0.010956846177577972, 0.0020506205037236214, -0.008397779427468777, 0.03509961813688278, 0.014115273021161556, -0.02612941712141037, -0.01583927497267723, -0.01985296979546547, -0.01298389583826065, 0.0019378195283934474, -0.005629946477711201, 0.010822158306837082, 0.00941467098891735, -0.03843987360596657, -0.0075021060183644295, -0.03313317894935608, -0.004198889713734388, 0.007704137358814478, 0.010074641555547714, 0.0019597061909735203, 0.013307146728038788, -0.004646726418286562, -0.006434705574065447, -0.0236915685236454, 0.014317303895950317, -0.0011002302635461092, -0.01811549812555313, -0.03496493026614189, 0.005060891155153513, 0.022762224078178406, 0.019785625860095024, 0.01142151840031147, 0.008478592149913311, -0.02541557140648365, -0.008545935153961182, -0.0285537950694561, -0.015610306523740292, 0.005963298492133617, 0.0070306989364326, 0.042345818132162094, 0.024917228147387505, 0.01967787556350231, -0.021927161142230034, 0.03895168751478195, -0.023085474967956543, 0.0023401989601552486, 0.021590441465377808, 0.0038823734503239393, 0.0133542874827981, -0.01597396284341812, 0.009852406568825245, 0.03184017539024353, -0.010007297620177269, 0.023166287690401077, -0.01897749863564968, 0.021348003298044205, 0.024809477850794792, -0.020297439768910408, 0.011953534558415413, -0.025011509656906128, -0.03542286902666092, 0.010674001649022102, 0.0285537950694561, 0.0064818463288247585, -0.0019479211186990142, -0.03515349328517914, -0.005235984921455383, 0.013886303640902042, 0.0015287055866792798, 0.015138898976147175, -0.008377576246857643, 0.018452217802405357, 0.008168810047209263, -0.0169841218739748, -0.018021216616034508, 0.026169823482632637, -0.028041983023285866, -0.006485213525593281, -0.01656658947467804, -0.000586312438827008, -0.007165386341512203, -0.0042527648620307446, 0.03143611177802086, 0.011549471877515316, -0.008350638672709465, -0.022869974374771118, -0.00045835913624614477, -0.007017230149358511, -0.0023317812010645866, -0.004064201842993498, -0.009354062378406525, -0.005929626524448395, -0.023314444348216057, 0.00928671844303608, 0.0055895401164889336, 0.024769071489572525, 0.04670970141887665, -0.0036230995319783688, 0.008182278834283352, -0.026937542483210564, -0.021496159955859184, 0.0024445820599794388, -0.017172683030366898, 0.04670970141887665, -0.0017526239389553666, 0.02553679049015045, 0.0025893712881952524, 0.0056400480680167675, -0.010559516958892345, 0.006555924657732248, 0.00511139864102006, 0.009098155423998833, 0.02111903391778469, 0.02058028243482113, -0.009865875355899334, -0.030951237305998802, -0.014465460553765297, -0.01811549812555313, -0.006798362359404564, -0.020351313054561615, -0.0006225098040886223, -0.014249959960579872, -0.004646726418286562, 0.009185702539980412, 0.029361922293901443, -0.024014819413423538, 0.008310232311487198, 0.009616702795028687, 0.014357710257172585, 0.00328638032078743, -0.008384310640394688, -0.020324377343058586, -0.0003203042142558843, -0.0013014200376346707, 0.03208261355757713, 0.01257309876382351, -0.008882654830813408, -0.02097087725996971, -0.0075155748054385185, -0.03970593959093094, 0.035342056304216385, 0.006158595904707909, 0.02938885986804962, -0.011549471877515316, 0.007892699912190437, 0.020324377343058586, 0.02199450321495533, -0.005818509496748447, -0.003461474319919944, -0.0038588030729442835, 0.028015045449137688, 0.002249284880235791, -0.006114822346717119, 5.5716518545523286e-05, 0.019368093460798264, -0.0026550316251814365, 0.01100398600101471, -0.031328361481428146, -0.020499469712376595, -0.007798418868333101, -0.0075021060183644295, 0.023098943755030632, 0.008249622769653797, -0.027206918224692345, -0.013239802792668343, -0.005936360917985439, 0.0035456542391330004, -0.021065158769488335, 0.015273586846888065, 0.006811831146478653, -0.01262697298079729, -0.011744769290089607, 0.010094844736158848, -0.01656658947467804, 0.04765251278877258, -0.020176220685243607, -0.014519335702061653, 0.009057749062776566, 0.020512938499450684, -0.015044618397951126, 0.03644649684429169, -0.004680397920310497, -0.01971828192472458, -0.02712610550224781, 0.0016692859353497624, -0.011179080232977867, -0.008815310895442963, 0.003612997941672802, -0.02484988421201706, -0.016943715512752533, -0.01155620627105236, 0.01629721373319626, 0.004027162678539753, 0.004535608924925327, -0.029469672590494156, -0.001135585829615593, -0.0014647289644926786, 0.020809251815080643, -0.020890064537525177, -0.01668780855834484, 0.028311358764767647, 0.00032514455961063504, -0.006929683033376932, -0.002082608873024583, 0.00885571725666523, -0.004831921774893999, -0.021738598123192787, -0.00471406988799572, -0.0066603077575564384, -0.027099167928099632, -0.025307821109890938, 0.0077378093264997005, 0.0018081825692206621, 0.008276560343801975, -0.007414558902382851, -0.02113250270485878, -0.0007395197171717882, -0.011111736297607422, 0.02099781483411789, 0.0021634213626384735, -0.015744993463158607, 0.014115273021161556, -0.0011995624518021941, 0.002961446065455675, 0.009751390665769577, -0.027018355205655098, -0.01954318769276142, -0.015569900162518024, -0.030951237305998802, -0.03426455333828926, 0.0053673055954277515, 0.0009537573787383735, 0.0024041756987571716, 0.020782314240932465, 0.006683878134936094, -0.005488524679094553, -0.001857006922364235, -0.03725462406873703, -0.019179530441761017, -0.026183292269706726, 0.014357710257172585, 0.03084348700940609, 0.026668168604373932, -0.0048891641199588776, 0.01670127734541893, 0.02140187844634056, 0.019058311358094215, -0.024378476664423943, -0.0019883273635059595, -0.01740165241062641, -0.009542624466121197, 0.00592289213091135, -0.009178968146443367, -0.018506092950701714, -0.005791571922600269, -0.0049396720714867115, -0.02000112645328045, 0.0285537950694561, 0.010761548765003681, -0.013751615770161152, -0.022910380735993385, -0.017361246049404144, -0.022358160465955734, 0.028607670217752457, -0.016162525862455368, 0.024028288200497627, -0.02511925995349884, -0.044204507023096085, 0.012882879935204983, 0.001036253641359508, -0.022910380735993385, 3.2330313842976466e-05, 0.010014032013714314, -0.031786300241947174, 0.01050564181059599, -0.013616927899420261, -0.0017559911357238889, -0.019179530441761017, -0.0014832484303042293, 0.04382738471031189, 0.02028397098183632, 0.006720916833728552, 0.029765985906124115, 0.01499074324965477, 0.018209779635071754, -0.01768449693918228, 0.03208261355757713, -0.007333746179938316, 0.0012374434154480696, 0.015125430189073086, -0.021226784214377403, -0.004842023365199566, -0.03415680676698685, -0.0041618505492806435, -0.02181941084563732, 0.03041248582303524, -0.0017913465853780508, -0.009111624211072922, -0.025886978954076767, -0.00439081946387887, 0.02183287963271141, -0.04743701219558716, -0.014451991766691208, 0.008673888631165028, -0.0058959550224244595, -0.00864695105701685, -0.03439924120903015, 0.0005349627463147044, -0.018452217802405357, -0.01967787556350231, 0.015744993463158607, 0.007333746179938316, -0.06152534857392311, -0.03243280202150345, 0.01825018599629402, -0.006555924657732248, 0.005306696053594351, 0.19588981568813324, 0.012189238332211971, 0.02229081653058529, 0.02642573043704033, -0.0022290816996246576, 0.010579720139503479, 0.0026836527977138758, -0.005485157482326031, -0.025388633832335472, 0.008114934898912907, -0.005326899234205484, 0.00014152732910588384, -0.011522534303367138, -0.0018166005611419678, -0.013563052751123905, -0.006310119293630123, -0.043046195060014725, -0.002897469559684396, -0.028472982347011566, 0.013307146728038788, 0.020351313054561615, 0.02441888302564621, -0.009724453091621399, -0.013677537441253662, 0.0045894840732216835, 0.0020674564875662327, 0.01442505419254303, 0.004400921054184437, 0.022735286504030228, 0.0037510530091822147, -0.0169841218739748, 0.00467366399243474, 0.026304511353373528, 0.003198833204805851, -0.035611432045698166, -0.018075091764330864, 0.01940849982202053, -0.000296102516585961, 0.021873285993933678, 0.00720579270273447, -0.030062299221754074, -0.020189689472317696, 0.004586116876453161, 0.005286492872983217, -0.005885853432118893, 0.007744543720036745, -0.003237555967643857, 0.0006435547256842256, 0.01212862879037857, 0.04964589327573776, -0.052474334836006165, -0.0011945116566494107, 0.030870424583554268, 0.016768621280789375, -0.0070374333299696445, -0.005380774382501841, 0.03652730956673622, 0.006465010344982147, -0.010195859707891941, 0.0320018008351326, -0.012835739180445671, -0.005586172919720411, 0.014317303895950317, 0.0032594427466392517, -0.01163028459995985, -0.00027589936507865787, -0.020890064537525177, -0.023610755801200867, 0.002649980830028653, -0.02557719685137272, 0.00383859989233315, -0.03342949226498604, 0.0027796176727861166, -0.001197878853417933, 0.002395757706835866, -0.019772157073020935, -0.005326899234205484, 0.018182842060923576, 0.00942813977599144, 0.011906393803656101, -0.01927381195127964, -0.0169841218739748, -0.011488862335681915, 0.006434705574065447, -0.008377576246857643, -0.0017543075373396277, -0.012398004531860352, 0.009589765220880508, -0.017603684216737747, -0.011542737483978271, 0.0011759920744225383, 0.00013353023678064346, -0.03628487139940262, 0.0007079523056745529, -0.008997139520943165, 0.0040204282850027084, 0.00957629643380642, 0.009663843549787998, -0.03558449447154999, -0.0009276616619899869, -0.033321741968393326, 0.051208268851041794, -0.023368319496512413, -0.0011810428695753217, 0.0015623775543645024, -0.002419328084215522, -0.010613392107188702, 0.011610081419348717, 0.002434480469673872, -0.009145296178758144, 0.008121669292449951, -0.023233631625771523, -0.006276447791606188, -0.013616927899420261, 0.008795107714831829, 0.008451654575765133, 0.006522252690047026, 0.013401428237557411, -0.00602727523073554, -0.00649868231266737, 0.01070093922317028, -0.019219936802983284, 0.0030069032218307257, -0.003650037106126547, 0.020310908555984497, -0.024041756987571716, -0.03488411754369736, 0.006815198343247175, 0.012855942361056805, -0.016041306778788567, 0.008754701353609562, -0.04299231991171837, 0.0058454470708966255, -0.03113980032503605, -0.017388183623552322, -0.008734498172998428, -0.010552782565355301, -0.013219599612057209, -0.0027678324840962887, -0.0051484378054738045, 0.024082163348793983, -0.008465123362839222, 0.02639879286289215, -0.012674113735556602, -0.0012542793992906809, -0.011367643252015114, -0.00044657394755631685, -0.005619844887405634, -0.005616477690637112, -0.03711993619799614, -0.0246747899800539, -0.010680736042559147, 0.013940178789198399, -0.026156354695558548, -0.00042132000089623034, -0.009609968401491642, 0.013024302199482918, -0.04299231991171837, 0.02925417199730873, -0.008222685195505619, -0.01586621254682541, -0.008054325357079506, 0.009690781123936176, -0.010519110597670078, -0.03027779795229435, -0.005040687974542379, -0.17089177668094635, 0.01954318769276142, 0.028472982347011566, -0.01958359405398369, 0.009017342701554298, 0.012014144100248814, 0.03157079964876175, -0.01811549812555313, 0.00950221810489893, -0.01220270711928606, 0.0070239645428955555, -0.0236915685236454, -0.03270217776298523, -0.026493074372410774, -0.0281227957457304, -0.00439081946387887, -0.0028031880501657724, 0.0011734666768461466, 0.021469222381711006, 0.030035361647605896, 0.02995454892516136, -0.014451991766691208, -0.011165611445903778, -0.01628374494612217, -0.002673551207408309, -0.004434593021869659, 0.01857343688607216, 0.0036062635481357574, 0.0016541335498914123, -0.001623828778974712, -0.0004962400416843593, 0.003116337116807699, 0.005842079874128103, 0.0015825806185603142, 0.005377407185733318, 0.0006835401873104274, -0.0013148888247087598, -0.030789611861109734, -0.011967003345489502, 0.0017543075373396277, 0.028930921107530594, 0.022789161652326584, -0.00671754963696003, 0.010916439816355705, -0.0016684441361576319, 0.019354624673724174, 0.014478929340839386, -0.006300018168985844, 0.02427072636783123, -0.03054717369377613, 0.02599472925066948, -0.02629104256629944, 0.00023759754549246281, -0.0010194176575168967, 0.02995454892516136, -0.004650093615055084, 0.021805942058563232, -0.00414164736866951, -0.030385548248887062, -0.025631071999669075, -0.0039564515464007854, -0.01998765766620636, 0.008189013227820396, 0.021388409659266472, -0.003650037106126547, -0.002197093330323696, -0.009684046730399132, -0.0018048153724521399, -0.036608122289180756, -0.005198945757001638, -0.02938885986804962, 0.007044167723506689, 0.018735060468316078, -0.0022139293141663074, 0.0014958754181861877, 0.020364781841635704, -0.017644090577960014, -0.005205680150538683, 0.009091421030461788, 0.007731074932962656, -0.034210678189992905, 0.01014198549091816, -0.013859366066753864, 0.033618055284023285, -0.002059038495644927, 0.0070239645428955555, 0.0033486734610050917, -0.022088784724473953, 0.00539424316957593, 0.0035187166649848223, 0.013327349908649921, -0.023664630949497223, -0.004212358500808477, 0.006879175081849098, -0.005858915857970715, 0.004481733776628971, 0.01625680737197399, -0.0015834224177524447, -0.006363994441926479, -0.02157697267830372, 0.006363994441926479, -0.03245973959565163, -0.026722043752670288, 0.0045760152861475945, 0.01900443620979786, 0.01334081869572401, 0.010377688333392143, 0.008694091811776161, 0.03531511873006821, -0.004481733776628971, -0.01499074324965477, -0.005808407906442881, -0.005185476969927549, 0.025159666314721107, 0.013152255676686764, 0.025455977767705917, 0.007966778241097927, -0.02456703968346119, 0.012707785703241825, 0.027166511863470078, 0.04614401236176491, -0.0232605691999197, 0.0017896629869937897, -0.00834390427917242, 0.021967565640807152, -0.001831752946600318, -0.08339863270521164, 0.011946800164878368, -0.00942813977599144, 0.019516250118613243, -0.013596724718809128, -0.004205624107271433, -0.018344467505812645, 0.043180882930755615, -0.04466244578361511, 0.02383972518146038, -0.030170047655701637, -0.02938885986804962, 0.002649980830028653, 0.023812787607312202, -0.017617153003811836, 0.035476744174957275, -0.023624224588274956, -0.006751221604645252, 0.02440541423857212, 0.026479605585336685, 0.008263091556727886, -0.016862902790308, 0.01900443620979786, 0.008303497917950153, 0.0006629161071032286, 0.02055334486067295, -0.011818846687674522, 0.017172683030366898, 0.014896461740136147, -0.016351088881492615, -0.015165836550295353, -0.015879681333899498, 0.01854649931192398, 0.0028688483871519566, -0.004993547219783068, -0.021334534510970116, -0.013731412589550018, 0.0009554409771226346, 0.02955048531293869, -0.006017173640429974, -0.013536115176975727, 0.006889276672154665, -0.0044480618089437485, 0.001034570042975247, 0.002688703592866659, -0.025671478360891342, -0.025388633832335472, 0.025886978954076767, 0.005283125676214695, -0.021226784214377403, -0.01149559672921896, -0.008222685195505619, -0.026156354695558548, -0.03299849107861519, 0.03652730956673622, 0.009374264627695084, 0.006316853687167168, 0.014020991511642933, -0.0010817106813192368, 0.026169823482632637, 0.00542454794049263, -0.0007104777032509446, 0.00645490875467658, -0.0060542128048837185, 0.02243897318840027, 0.004737640265375376, -0.005586172919720411, -0.019381562247872353, -0.006471744738519192, -0.010438297875225544, -0.004751109052449465, -0.009812000207602978, -0.052312709391117096, 0.022950787097215652, -0.02200797200202942, 0.04215725511312485, -0.021374940872192383, -0.01099051721394062, 0.006592963822185993, 0.006525619886815548, 0.00624951021745801, 0.008801842108368874, -0.030951237305998802, 0.0056535168550908566, 0.007071105297654867, 0.003210618393495679, 0.01754980906844139, 0.007111511658877134, 0.017361246049404144, -0.04794882610440254, 0.0038049279246479273, 0.015596837736666203, -0.0027206919621676207, -0.023206694051623344, 0.009690781123936176, 0.002836860017850995, -0.0134148970246315, -0.007286605425179005, -0.007784950081259012, -0.011354174464941025, -0.022102253511548042, -0.02114597149193287, -0.03429149091243744, 0.020203158259391785, 0.0246747899800539, -0.011428252793848515, -0.005929626524448395, 0.005468321498483419, 0.005205680150538683, -0.010034235194325447, -0.002245917683467269, 0.004394186660647392, -0.027516700327396393, 0.02084965817630291, -0.033779680728912354, -0.02282956801354885, -0.026910604909062386, -0.008296763524413109, 0.016310682520270348, 0.0008140188874676824, 0.02272181771695614, 0.0012702735839411616, 0.0020253665279597044, 0.007656996604055166, -0.0046669295988976955, 0.019489312544465065, -0.0006018857238814235, -0.02185981720685959, 0.005946462508291006, 0.008034122176468372, -0.012492286041378975, -0.01971828192472458, 0.023772381246089935, -0.018586905673146248, 0.008020653389394283, 0.008902858011424541, 0.012364332564175129, -0.023758912459015846, -0.004906000103801489, 0.013509177602827549, 0.017388183623552322, -0.007017230149358511, -0.0047982498072087765, -0.010579720139503479, 0.005650149658322334, -0.03194792568683624, -0.007050902117043734, 0.014519335702061653, -0.015529493801295757, 0.008539201691746712, -0.000667966902256012, 0.01520624291151762, 0.043881259858608246, 0.014249959960579872, 0.00041942595271393657, -0.03601549565792084, -0.011839049868285656, -0.048756953328847885, 0.01171783171594143, 0.024661321192979813, 0.014802180230617523, -0.0037207482382655144, 0.0339682437479496, -0.012148831970989704, 0.010202594101428986, -0.021172909066081047, -0.010559516958892345, -0.017590215429663658, -0.012734723277390003, 0.02868848294019699, 0.011684159748256207, -0.0294157974421978, -0.0043066395446658134, -0.008956733159720898, 0.034641679376363754, 0.012842473573982716, 0.0010884450748562813, -0.010088110342621803, -0.03081654943525791, -0.006697346922010183, -0.004222460091114044, 0.011414784006774426, 0.016202932223677635, -0.020028064027428627, -0.007158651947975159, 0.00841798260807991, 0.03014311008155346, 0.037200748920440674, -0.026775918900966644, 0.002021999331191182, 0.021752066910266876, -0.007731074932962656, -0.008700826205313206, -0.0035355526488274336, -0.014155679382383823, -0.00993321929126978, 0.012916551902890205, 0.014344241470098495, 0.0022543356753885746, -0.015179305337369442, 0.009071217849850655, 0.0023620857391506433, 0.007057636510580778, 0.01163028459995985, -0.004757843445986509, 0.0002050830953521654, 0.002914305543527007, 0.006209103856235743, -0.003461474319919944, -0.026614293456077576, -0.0049396720714867115, 0.02981986105442047, -0.010330547578632832, 0.026089010760188103, -0.007071105297654867, 0.008983670733869076, 0.01571805588901043, 0.006225939840078354, 0.0007390988175757229, -0.006714182440191507, -0.022600598633289337, -0.0002866323047783226, -0.020068470388650894, -0.01469442993402481, 0.020351313054561615, -0.0066872453317046165, 0.035907745361328125, 0.014263428747653961, -0.023651162162423134, -0.038628436625003815, 0.030520236119627953, -0.004646726418286562, 0.002511925995349884, -0.010168922133743763, -0.009630171582102776, -0.007623324636369944, 0.010397891514003277, -0.029334984719753265, 0.002284640446305275, -0.0022880076430737972, -0.017186151817440987, 0.059478096663951874, 0.003936248365789652, -0.007798418868333101, 0.004549077711999416, -0.013286943547427654, -0.0005054998327977955, 0.007293339818716049, 0.021644316613674164, -0.01771143451333046, -0.02382625639438629, 0.04471632093191147, 0.021078627556562424, -0.005131601821631193, 0.006626635789871216, 0.000822436879388988, 0.02211572229862213, -0.005710759200155735, 0.016795558854937553, 0.012930020689964294, -0.01427689753472805, 0.029631298035383224, 0.013334084302186966, 0.013179193250834942, -0.0006347158923745155, -0.007576183881610632, -0.008310232311487198, 0.012148831970989704, 0.0021516361739486456, -0.019947251304984093, -0.03725462406873703, 0.002825074829161167, 0.009434874169528484, -0.033914368599653244, -0.013603459112346172, 0.0010993884643539786, -0.006030642427504063, 0.0015724791446700692, -0.0012568047968670726, 0.0196913443505764, 0.011340705677866936, 0.014829117804765701, 0.0036567714996635914, -0.02598126046359539, 0.005646782461553812, -0.02612941712141037, -0.01682249642908573, -0.010721142403781414, -0.019879907369613647, -0.023166287690401077]","[-0.010963053442537785, -0.003044596640393138, 0.008958380669355392, -0.04315057769417763, -0.018881510943174362, 0.023316849023103714, 0.005478394217789173, -0.03184923529624939, 0.005785360001027584, -0.023016147315502167, 0.002571619115769863, -0.0019498573383316398, -0.0023132043424993753, -0.004165960475802422, 0.013431306928396225, -0.005425145383924246, 0.024670002982020378, -0.011182314716279507, -0.005136973690241575, -0.007279467303305864, -0.012629437260329723, 0.003027368802577257, -0.005265397951006889, -0.025684867054224014, -0.01517286617308855, -0.005299853160977364, 0.015185395255684853, -0.01054332498461008, -0.003429869655519724, -0.023868132382631302, 0.006765770260244608, 0.008306861855089664, -0.03355320915579796, -0.015348274260759354, -0.028842227533459663, 0.006784563884139061, 0.0015888597117736936, 0.0015974735142663121, 0.009960716590285301, 0.008100130595266819, -0.002508973004296422, -0.012867492623627186, 0.010737528093159199, -0.006834680680185556, -0.023016147315502167, 0.005785360001027584, -0.00687226839363575, -0.01308048889040947, -0.01083776168525219, 0.005484658759087324, 0.006032811477780342, 0.0008480704855173826, -0.01365683227777481, -0.034405194222927094, -0.015811854973435402, 0.01602485217154026, 0.004441602621227503, 0.020610541105270386, 0.0018950420198962092, -0.011031963862478733, -0.011038228869438171, -0.020948829129338264, -0.00011932109191548079, 0.026912730187177658, -0.015373333357274532, -0.013681890442967415, 0.0061800298281013966, 0.011075816117227077, 0.01685177907347679, -0.013531540520489216, 0.0019498573383316398, 0.028666818514466286, -0.0023993426002562046, 0.01598726399242878, 0.019821200519800186, -0.0017431254964321852, -0.0027799170929938555, 0.0017932422924786806, -0.019370149821043015, 0.001790110021829605, 0.02445700578391552, -0.033653441816568375, 0.00037411419907584786, 0.01006721518933773, 0.009472077712416649, 0.0010375747224316, 0.0010704637970775366, 0.016764074563980103, -0.01677660457789898, -0.019908905029296875, 0.01108834519982338, 0.029568921774625778, 0.01498492807149887, -0.013067959807813168, 0.017165008932352066, 0.02856658399105072, 0.009791572578251362, 0.041421547532081604, 0.01715248078107834, -0.005359367001801729, -0.04495478421449661, -0.0071792337112128735, -0.01015491969883442, -0.006142442114651203, -0.018054582178592682, -0.03014526516199112, 0.01447123009711504, -0.035933755338191986, 0.002012503333389759, -0.008219157345592976, -0.04036909341812134, 0.001708670170046389, -0.009835424832999706, -0.028992578387260437, -0.015686562284827232, 0.0011448559816926718, 0.0006190209533087909, 0.003718041116371751, -0.007241879589855671, -0.02038501389324665, 0.009847953915596008, -0.003382885130122304, 0.027890007942914963, 0.004144034348428249, 0.02188851870596409, -0.005202752072364092, -0.01851816289126873, -0.019282445311546326, 0.0007286515319719911, -0.005631877109408379, 0.02562222257256508, 0.005318647250533104, 0.035106830298900604, 0.006978766527026892, -0.005268529988825321, 0.03375367447733879, 0.0038308040238916874, -0.006815887056291103, -4.556518979370594e-05, -0.01615014299750328, 0.017528356984257698, 0.03575834631919861, 0.01822999119758606, 0.01636314019560814, -0.004485454875975847, -0.003937302157282829, 0.003890317864716053, 0.008394566364586353, -0.0054000867530703545, -0.018242521211504936, -0.009171376936137676, -0.04207306727766991, 0.0016789133660495281, 0.009428225457668304, 0.009660015814006329, 0.009259081445634365, -0.013205780647695065, -0.005277927033603191, -0.009960716590285301, -0.008601298555731773, -0.0023664534091949463, 0.0005364065291360021, 0.036885976791381836, -0.0018229990964755416, 0.02042260207235813, 0.04397750645875931, 0.006186294369399548, 0.0009302934049628675, 0.005641274154186249, -0.004187886603176594, 0.04242388531565666, 0.004485454875975847, -0.024156304076313972, 0.0030586919747292995, -0.003155793296173215, 0.018956685438752174, 0.009660015814006329, 0.008563710376620293, 0.003093147184699774, 0.010668616741895676, 0.02794012427330017, 0.012403911910951138, 4.2971252696588635e-05, 0.03648504242300987, 0.015110219828784466, -0.0008840919472277164, 0.00950966589152813, -0.01432088017463684, 0.002975685987621546, -0.016926953569054604, 0.003573955502361059, 0.00911499559879303, 0.000636248616501689, -0.01532321609556675, -0.6711643934249878, -0.026837553828954697, 0.02296603098511696, -0.008244216442108154, 0.011877684853971004, 0.010599706321954727, -0.017616059631109238, 0.009478342719376087, -0.01706477627158165, 0.012573055922985077, 0.0016021719202399254, 0.012942667119204998, -0.03072160854935646, -0.008031219244003296, 0.010186242870986462, -0.012360059656202793, 0.017052246257662773, 0.0013492386788129807, 0.00014222603931557387, 0.021449996158480644, -0.03741220384836197, 0.011702276766300201, -0.023241672664880753, -0.005052401218563318, -0.016764074563980103, -0.000974145601503551, 0.01615014299750328, -0.01422064658254385, 0.0075049931183457375, 0.012660760432481766, -0.030445965006947517, -0.00574150774627924, -0.03407943621277809, -0.0205478947609663, 0.04189765825867653, 0.0016883101779967546, -0.029167985543608665, 0.019495440647006035, -0.010330328717827797, 0.055780015885829926, -0.0353824719786644, -0.02926822006702423, 0.003692982718348503, 0.006336644757539034, -0.012215973809361458, 0.010762586258351803, 0.017052246257662773, 0.013493952341377735, -0.01797940768301487, -0.015836913138628006, 0.01355659868568182, -0.030871957540512085, 0.00903355609625578, 0.011495544575154781, 0.0010806438513100147, -0.011896478943526745, 0.013606715016067028, -0.02088618278503418, 0.009584841318428516, 0.01202177070081234, 9.421373761142604e-07, 0.01253546867519617, -0.015686562284827232, -0.011057022027671337, -0.012291149236261845, 0.0026170373894274235, -0.025346579030156136, 0.008344450034201145, 0.02703802101314068, 0.0075112576596438885, 0.030095146968960762, -0.0049427710473537445, -0.018129758536815643, 0.02042260207235813, 0.015674034133553505, 0.042574234306812286, 0.006133045069873333, -0.021324705332517624, 0.01071246899664402, 0.003652262967079878, -0.0005786925903521478, -0.0015027213376015425, 0.01611255668103695, -0.029719270765781403, 0.018405400216579437, -0.013982591219246387, -0.011057022027671337, -0.024820351973176003, -0.023241672664880753, -0.002999178133904934, -0.002836298430338502, 0.016839249059557915, 0.005396954715251923, -0.017578473314642906, -0.007555109914392233, 0.018117228522896767, 0.0057321107015013695, 0.012491616420447826, 0.025020819157361984, -0.027188371866941452, -0.01507263258099556, 0.007893398404121399, 0.01205935887992382, -0.005666332319378853, 0.0074235531501472, -0.0002200441376771778, -0.004980358295142651, 0.029418570920825005, 0.045481011271476746, -0.013306014239788055, 0.013631774112582207, -0.0024463271256536245, -0.007379700895398855, -0.02196369506418705, 0.018944155424833298, -0.03187429532408714, 0.008595033548772335, -0.003354694228619337, 0.01876874640583992, -0.017741352319717407, 0.0057383752427995205, -0.0068534743040800095, 0.009409432299435139, -0.03698620945215225, 0.008751648478209972, 0.02951880358159542, 0.04097049683332443, -0.013531540520489216, -0.031949467957019806, -0.011420369148254395, -0.00977904349565506, 0.007285731844604015, 0.02146252617239952, -0.015811854973435402, -0.006339777261018753, -0.008701532147824764, 0.02611086145043373, 0.0025168037973344326, 0.028516467660665512, -0.021600347012281418, -0.01618773117661476, 0.017991935834288597, 0.016463374719023705, -0.032325346022844315, 0.0031432639807462692, -0.01898174360394478, 0.0040438007563352585, 0.005819815210998058, 0.00021632453717757016, -0.005807286128401756, 0.009165112860500813, -0.019783612340688705, -0.0029600244015455246, 0.017378006130456924, 0.018543221056461334, -0.023341907188296318, 0.0016695164376869798, -0.012942667119204998, 0.005948239471763372, -0.01980867050588131, 0.005976430140435696, 0.022226806730031967, -0.01351901050657034, 0.002001540269702673, -0.007291996385902166, -0.02628627046942711, 0.006515185814350843, 0.04284987598657608, 0.008876941166818142, -0.025183700025081635, 0.020372485741972923, -0.02262774296104908, 0.016764074563980103, 0.002538729924708605, 0.010411768220365047, 0.02017201855778694, -0.0008887904114089906, -0.003039898118004203, -0.015210453420877457, -0.005296721123158932, -0.009484607726335526, 0.000641730148345232, -0.003130734898149967, -0.0007196461665444076, 0.01333107240498066, 0.0033703558146953583, 0.01643831469118595, 0.00659036124125123, -0.018718630075454712, 0.012272355146706104, 0.010555854067206383, -0.0010117331985384226, 0.006621684413403273, 0.0011605174513533711, 0.00315109477378428, -0.0014847106067463756, 0.020247193053364754, 0.007317055016756058, -0.01120737288147211, -0.0017493900377303362, 0.039341699331998825, -0.03217499703168869, 0.026561912149190903, -0.012128269299864769, -0.004366427659988403, -0.023229144513607025, 0.001225512707605958, -0.03848971426486969, 0.0006045340560376644, -0.01632555201649666, -0.006991295609623194, -0.004510513506829739, -0.01108834519982338, 0.0006174548179842532, 0.025559576228260994, 0.012930138036608696, 0.004714112728834152, -0.006609154865145683, -0.04437844082713127, -0.01380718220025301, -0.0015841611893847585, -0.007091529201716185, 0.022289453074336052, 0.02346719801425934, -0.013055430725216866, 0.010098538361489773, 0.012203444726765156, 0.003680453635752201, 0.014295822009444237, -0.015122748911380768, -0.0026342649944126606, 0.0024353640619665384, 0.009885542094707489, 0.017791468650102615, 0.0054063512943685055, 0.01685177907347679, 0.010812702588737011, -0.014295822009444237, 0.023279260843992233, -0.02237715758383274, 0.004200415685772896, 0.014483759179711342, 0.013218309730291367, -0.009992039762437344, 0.016100026667118073, 0.023868132382631302, 0.01526057068258524, -0.009816630743443966, 0.0011440729722380638, 0.007586433086544275, 0.00998577568680048, 0.012090682052075863, -0.0033860174007713795, -0.007385965436697006, 0.0008637320133857429, 0.0065214503556489944, 0.023229144513607025, 0.011514338664710522, 0.034355077892541885, 0.03949205204844475, 0.002892680000513792, 0.013067959807813168, 0.02341708168387413, -0.03247569501399994, 0.013456365093588829, 0.006333512719720602, -0.005631877109408379, -0.007862075231969357, 0.007686666678637266, 0.006014017853885889, 0.0031432639807462692, -0.0006624816451221704, 0.002264653565362096, 0.01399512030184269, 0.013544069603085518, 0.013055430725216866, -0.0005121311987750232, -0.009979510679841042, -0.006803357508033514, 0.011921537108719349, -0.00357082299888134, -0.016225319355726242, -0.0029443628154695034, 0.00753631629049778, 0.005453336052596569, -0.027890007942914963, -0.010812702588737011, 0.002573185134679079, -0.02524634636938572, -0.008118923753499985, 0.02213910222053528, 0.011407840065658092, -0.02196369506418705, -0.003411075798794627, 0.016225319355726242, 0.0006342909182421863, 0.01665131188929081, 0.0004702366713900119, 0.020197076722979546, -0.012905079871416092, 0.015674034133553505, 0.0017572208307683468, -0.03841453790664673, -0.022677859291434288, 0.004704716149717569, 0.014421113766729832, -0.0017728823004290462, -0.016425786539912224, -0.0007419637986458838, 0.0017243316397070885, -0.021688051521778107, -0.02819070778787136, -0.019445324316620827, -0.01848057471215725, -0.003470589406788349, -0.020572952926158905, -0.007874604314565659, 0.01281111128628254, 0.04039415344595909, -0.001230994239449501, 0.010299005545675755, -0.02591039426624775, -0.020159488543868065, -0.0017258977750316262, 0.08775454014539719, 0.008313126862049103, 0.017378006130456924, 0.019482912495732307, -0.002659323625266552, 0.0022787488996982574, -0.013055430725216866, -0.009898071177303791, 0.004736038856208324, -0.002158155431970954, 0.0014565199380740523, 0.009484607726335526, 0.014634110033512115, -0.0015089859953150153, 0.033402856439352036, 0.028741993010044098, -0.003874656278640032, -0.001027394668199122, 0.009634957648813725, -0.03265110403299332, -0.015060102567076683, 0.03089701570570469, 0.023592490702867508, 0.033603325486183167, 0.027664482593536377, 0.03438013419508934, 0.028040358796715736, -0.0024197024758905172, -0.005136973690241575, -0.01573668047785759, -0.011533131822943687, 0.017841586843132973, -0.008764178492128849, -0.007880869321525097, -0.01110713928937912, 0.01399512030184269, -0.00026918211369775236, -0.0023210349027067423, 0.009227758273482323, -0.0011472052428871393, -0.022038869559764862, -0.0060453410260379314, 0.017428122460842133, -0.02440688945353031, -0.007116587832570076, -0.02673732116818428, -0.02391825057566166, 0.049314945936203, -0.002223933581262827, -0.030746666714549065, 0.023304319009184837, 0.011226166971027851, -0.014195587486028671, -0.006346041802316904, -0.003320239018648863, 0.004059461876749992, -0.0303457323461771, -0.029593979939818382, 0.0016522887162864208, -0.009616163559257984, 0.002975685987621546, -0.02047271840274334, 0.016751546412706375, -0.014396055601537228, -0.021124238148331642, -0.004178489558398724, -0.01772882416844368, -0.005957636516541243, -0.011971654370427132, -0.00021652030409313738, -0.010179977864027023, -0.0008363243541680276, -0.023517316207289696, -0.007956044748425484, 0.02345466986298561, 0.01308048889040947, -0.014796989969909191, -0.004958432633429766, 0.015749208629131317, 0.004112711176276207, 0.0018057714914903045, -0.026712263002991676, 0.010418033227324486, -0.024532180279493332, -0.006023414898663759, 0.008463476784527302, -0.011551925912499428, 0.007956044748425484, -0.013093017973005772, -0.0002591978991404176, 0.013193251565098763, 0.007085264660418034, -0.005688258446753025, -0.028842227533459663, 0.00723561504855752, -0.004385221283882856, 0.02300361730158329, 0.01893162727355957, 0.01789170317351818, -0.013168193399906158, 0.00780569389462471, -0.01810470037162304, 0.005635009612888098, -0.019169682636857033, 0.0011002207174897194, 0.01896921545267105, 0.01719006709754467, 0.0020203341264277697, -0.011777451261878014, 0.002404040889814496, 0.012829904444515705, -0.013280956074595451, -0.00394356669858098, -0.02408112958073616, 0.01661372371017933, 0.023655137047171593, 0.004989755339920521, -0.0046107470989227295, -0.006227014120668173, 0.006533979903906584, -0.024482063949108124, -0.016200261190533638, 0.02706308104097843, -0.0035207062028348446, -0.008363243192434311, 0.027915066108107567, 0.004447867162525654, -0.03525717929005623, -0.01577426679432392, 0.01361924409866333, 0.0002576317638158798, 0.003132300917059183, -0.002988215070217848, -0.02881716936826706, -0.0061612362042069435, 0.0013727309415116906, -0.02192610688507557, 0.01166468858718872, -0.026461677625775337, -0.020447660237550735, -0.024594826623797417, 0.002054789336398244, 0.004673392977565527, -0.00212213397026062, -0.028767051175236702, -0.03337780013680458, -0.0017869777511805296, 0.03014526516199112, 0.002128398511558771, 0.01260437909513712, -0.01498492807149887, -0.00029071667813695967, -0.02391825057566166, -0.016450844705104828, -0.024519652128219604, -0.033778734505176544, -0.028616702184081078, -0.018455516546964645, 0.03387896716594696, 0.04046932980418205, 0.020159488543868065, 0.00460761459544301, 0.015009986236691475, 0.013794653117656708, -0.0013680324191227555, -0.0036992474924772978, -0.00451677804812789, 0.009660015814006329, -0.034480370581150055, 0.018204933032393456, 0.02648673765361309, 0.016626253724098206, -0.0009326426079496741, -0.030821841210126877, 0.01517286617308855, 0.01355659868568182, -0.005678861401975155, 0.0011855759657919407, 0.008914528414607048, -0.035056713968515396, -0.0024494593963027, -0.005268529988825321, -0.0028222030960023403, 0.0015724151162430644, 0.010549589991569519, -0.011815039440989494, 0.01909450627863407, -0.0030868826434016228, 0.017014658078551292, -0.013769594952464104, 0.013506481423974037, -0.008024955168366432, 0.03310215473175049, 0.0030947134364396334, -9.005365427583456e-05, -0.01093799527734518, -0.002947495086118579, -0.024594826623797417, -0.0011370251886546612, -0.01577426679432392, 0.019445324316620827, 0.027188371866941452, -0.019282445311546326, -0.005666332319378853, -0.028466351330280304, 0.008306861855089664, -0.02329178899526596, -0.011658424511551857, 0.006255204789340496, -0.00611425144597888, -0.008288068696856499, -0.006014017853885889, -0.02129964716732502, -0.012823640368878841, -0.005826079752296209, 0.0015731981256976724, -0.012172121554613113, -0.00801242608577013, 0.013042900711297989, -0.009390638209879398, -0.00828180368989706, 0.014809519052505493, 0.038640063256025314, 0.013243368826806545, 0.014959868974983692, 0.005381293129175901, 0.0033609590027481318, 0.0006981116021052003, -0.005797889083623886, 0.004704716149717569, 0.020121902227401733, 0.0033045774325728416, 0.048187319189310074, -0.0038840530905872583, -0.029243161901831627, 0.003279519034549594, 0.010762586258351803, -0.00612364849075675, -0.028040358796715736, 0.0197585541754961, -0.009948187507689, 0.01909450627863407, -0.013606715016067028, -0.005055533722043037, -0.033803790807724, 0.0020563555881381035, 0.0010712469229474664, 0.004996019881218672, 0.0007728952332399786, 0.01513527799397707, -0.0015700658550485969, 0.03914123401045799, -0.008732855319976807, 0.012002977542579174, -0.008169041015207767, -0.01814228668808937, 0.017127420753240585, -0.014070295728743076, -0.017991935834288597, 0.0060829282738268375, 0.011182314716279507, 0.02357996068894863, -0.019207268953323364, 0.02088618278503418, -0.0028973782900720835, 0.007655343506485224, -0.028516467660665512, -0.006452539935708046, 0.0025042747147381306, 0.023229144513607025, -0.02461988478899002, -0.0006526932120323181, -0.010123596526682377, -0.0018762482795864344, 0.019821200519800186, 0.0033390328753739595, -0.007799429353326559, -0.018831392750144005, -0.016450844705104828, 0.0031996453180909157, 0.014446171931922436, -0.011351458728313446, 0.007035147864371538, 0.013255897909402847, -0.018217463046312332, -0.020460190251469612, 0.0020250326488167048, 0.0056130834855139256, 0.006828416138887405, -0.020109372213482857, -0.004059461876749992, -0.03250075504183769, -0.004115843679755926, 0.014308351092040539, 0.01859333924949169, -0.02603568509221077, 0.008306861855089664, 0.029619038105010986, -0.007943515665829182, 0.010718734003603458, -0.007429817691445351, 0.0483376681804657, -0.05417627841234207, 0.028341058641672134, 0.011451692320406437, -0.053173940628767014, -0.01044309139251709, -0.0048989187926054, -0.018831392750144005, -0.014195587486028671, 0.007373436354100704, -0.0017024055123329163, -0.01598726399242878, 0.0012114173732697964, 0.015586329624056816, 0.003611542982980609, 0.01102569978684187, -0.02743895724415779, -0.0395171083509922, 0.024319184944033623, -0.01393247488886118, 0.004238003399223089, -0.0008277105516754091, 0.014634110033512115, -0.004620143678039312, 0.0022771828807890415, 0.025196228176355362, 0.007968573831021786, -0.032325346022844315, -0.008858147077262402, -0.01308048889040947, -0.0007689798949286342, -0.018442988395690918, -0.02366766519844532, -0.005384425166994333, -0.024920586496591568, -0.012002977542579174, 0.007279467303305864, 0.008212893269956112, -0.0017869777511805296, -0.006790828425437212, 0.02383054606616497, -0.0015152505366131663, -0.0011644328478723764, -0.015686562284827232, -0.007260673679411411, 0.011495544575154781, -0.010662352666258812, -0.011708540841937065, -0.026812495663762093, -0.020811008289456367, 0.010812702588737011, 0.009409432299435139, -0.025559576228260994, -0.008663944900035858, -0.0045073810033500195, -0.011119668371975422, 0.025334050878882408, -0.001563018187880516, -0.015310687012970448, 0.028666818514466286, -0.022928442806005478, 0.0025418621953576803, 0.02282821014523506, 0.005324911791831255, -0.0007270853384397924, -0.018129758536815643, -0.008808029815554619, 0.010455620475113392, 0.030671490356326103, 0.02341708168387413, -0.010737528093159199, -0.0502421073615551, -0.00857624039053917, 0.01336866058409214, 0.017628589645028114, 0.0007963874959386885, 0.00882682390511036, -0.00782448798418045, -0.010963053442537785, -0.019282445311546326, 0.02411871775984764, 0.01365683227777481, 0.007724253926426172, -0.004585688468068838, -0.05131961777806282, -0.001191057381220162, -0.003821407211944461, -0.004028139170259237, -0.006098589859902859, -0.030420906841754913, 0.01308048889040947, 0.0014220646116882563, 0.017616059631109238, -0.005396954715251923, -0.017791468650102615, 0.006515185814350843, -0.02413124591112137, -0.0021847798489034176, -0.0071729691699147224, -0.04284987598657608, 0.024093659594655037, 0.017540885135531425, -0.001394656952470541, 0.0015136844012886286, 0.010198771953582764, 0.011019434779882431, -0.004153430927544832, -0.0019764818716794252, -0.02067318558692932, -0.012754729017615318, -0.00035199231933802366, 0.016012322157621384, -0.0436016283929348, 0.009528459049761295, -0.009941923432052135, 0.009941923432052135, -0.0028065417427569628, 0.005578627809882164, 0.013481423258781433, 0.007367171812802553, 0.0011981051648035645, -0.004989755339920521, -0.02503334917128086, 0.011307606473565102, -0.004191018640995026, -0.006753240711987019, -0.024494593963027, -0.026261210441589355, 0.017741352319717407, 0.010530795902013779, -0.013030371628701687, 0.008363243192434311, 0.011883949860930443, 0.0009913732064887881, 0.022389687597751617, 0.19455347955226898, -0.0046232761815190315, 0.003733702702447772, 0.025183700025081635, 0.010894143022596836, 0.036309633404016495, 0.0040563298389315605, 0.002845695475116372, 0.020372485741972923, 0.014909752644598484, -0.009365580044686794, 0.015410920605063438, -0.014195587486028671, 0.008476006798446178, 0.02307879365980625, -0.0020140695851296186, -0.021913576871156693, -0.010844025760889053, -0.020121902227401733, 0.00021397530508693308, 0.026837553828954697, 0.017803998664021492, 0.0016820456366986036, -0.012485351413488388, 0.05447697639465332, 0.0020140695851296186, -0.022740505635738373, 0.01726524345576763, 0.01148301549255848, -0.012573055922985077, -0.0022959765046834946, -0.02097388729453087, 0.00801242608577013, 0.0019749158527702093, -0.01652601920068264, -0.020748361945152283, 0.004006213042885065, -0.015598858706653118, 0.026436619460582733, 0.0012129835085943341, -0.0018997405422851443, 0.00499288784340024, 0.015035044401884079, -0.02648673765361309, -0.013017842546105385, 0.004090785048902035, 0.006784563884139061, -0.018655983731150627, -0.0014189323410391808, 0.00962869357317686, -0.010530795902013779, -0.02591039426624775, 0.01355659868568182, 0.04350139573216438, -0.004197283182293177, 0.015009986236691475, 9.81291159405373e-05, -0.026962846517562866, 0.01262317318469286, 0.01586197130382061, -0.007743048015981913, 0.03495647758245468, -0.021825872361660004, 0.00896464567631483, -0.031498417258262634, 0.0186434555798769, 0.018668513745069504, 0.010060951113700867, 0.018693571910262108, -0.015210453420877457, -0.0012709310976788402, -0.009910600259900093, 0.0031808516941964626, 0.004081388004124165, -0.00432883994653821, -0.03132300823926926, 0.020071784034371376, 0.014671697281301022, 0.006255204789340496, -0.0015262136003002524, 0.0073483781889081, 0.0040625943802297115, -0.006941178813576698, -0.013418776914477348, -0.03500659391283989, -0.03217499703168869, 0.015122748911380768, 0.002994479611515999, 0.005343705415725708, 0.004761097487062216, -0.013280956074595451, -0.014796989969909191, -0.016100026667118073, -0.006026546936482191, 0.015047573484480381, 0.03625951707363129, -0.006148706655949354, 0.027263548225164413, -0.011946596205234528, 0.028516467660665512, -0.0070539419539272785, -0.015962205827236176, 0.006220749579370022, 0.002524634590372443, -0.018054582178592682, -0.01475940179079771, -0.0071792337112128735, 0.014132942073047161, 0.014646639116108418, -0.016413256525993347, 0.002513671526685357, 0.006349173840135336, 0.021763227880001068, 0.009503400884568691, 0.01930750347673893, 0.029543861746788025, -0.003542632330209017, -0.020046725869178772, 0.00998577568680048, -0.01542344968765974, 0.030245497822761536, -0.0265368539839983, 0.008050013333559036, -0.012479087337851524, -0.009434490464627743, -0.0031463962513953447, -0.02591039426624775, 0.00873911939561367, 0.015924617648124695, -0.024344243109226227, 0.010637294501066208, 0.0041502988897264, 0.01643831469118595, -0.018054582178592682, -0.01702718809247017, -0.0021518906578421593, 0.0028503937646746635, -0.011595778167247772, -0.010887878015637398, 0.006602890323847532, 0.005844873376190662, 0.013782124035060406, -0.009177641943097115, 0.0013915246818214655, 0.01835528388619423, -0.024983232840895653, -0.0005587241612374783, -0.0009827594039961696, -0.02155023068189621, 0.006330380216240883, -8.405822882195935e-06, 0.001148771378211677, -0.00593571038916707, 0.006095457822084427, 0.02989467978477478, -0.016926953569054604, -0.015887031331658363, -0.048638369888067245, -0.024005955085158348, 0.003332768101245165, 0.00046632130397483706, -0.002095509320497513, 0.02578510157763958, -0.029619038105010986, -0.006634213495999575, -0.01702718809247017, -0.15696586668491364, 0.024193892255425453, 0.014671697281301022, -0.009854218922555447, 0.03199958801269531, 0.009265346452593803, 0.003862126963213086, 0.005810418166220188, 0.005506584886461496, -0.012854963541030884, 0.03202464431524277, 0.011827568523585796, -0.027288606390357018, 0.013945003971457481, 0.0045011164620518684, 0.022026339545845985, -0.017415592446923256, 0.024269068613648415, 0.029418570920825005, 0.02151264250278473, 0.02188851870596409, -0.03425484150648117, 0.004830007907003164, 0.012096946127712727, 0.013919945806264877, -0.005635009612888098, 0.0010172147303819656, 0.01896921545267105, -0.024269068613648415, -0.006978766527026892, -0.015047573484480381, -0.002269352087751031, -8.393587631871924e-05, 0.00714164599776268, 0.002472951542586088, -0.0019091374706476927, 0.020159488543868065, -0.025058407336473465, 0.008382037281990051, 0.01418305840343237, 0.014345938339829445, 0.005995224229991436, -0.0029647229239344597, 0.03493142127990723, 0.023529844358563423, 0.02889234386384487, 0.024594826623797417, -0.004316310863941908, 0.0040563298389315605, -0.00857624039053917, 0.0031072425190359354, -0.014771930873394012, -0.014909752644598484, -0.02537163719534874, 0.018818864598870277, 0.009948187507689, -0.02641156129539013, 0.0060516055673360825, 0.013093017973005772, -0.005487791262567043, -0.014558934606611729, -0.039542168378829956, 0.007755577098578215, -0.014709285460412502, -0.005882461089640856, 0.018079640343785286, -0.03976769372820854, -0.009960716590285301, -0.006577832158654928, 0.007730518933385611, 0.029293278232216835, -0.031072424724698067, 0.008444683626294136, 0.00452617509290576, 0.03237546235322952, 0.003226269967854023, -0.030746666714549065, 0.008839352987706661, 0.00035551615292206407, -0.03202464431524277, 0.014421113766729832, 0.03262604773044586, -0.0036992474924772978, 0.0010595008498057723, -0.01393247488886118, 0.012591850012540817, -0.000776027562096715, -0.015849443152546883, -0.005998356267809868, 0.0014784460654482245, 0.02964409627020359, 0.008463476784527302, -0.022953500971198082, -5.099777627037838e-05, 0.0178541149944067, 0.011201107874512672, -0.003912243992090225, -0.01498492807149887, -0.003833936294540763, -0.011063287034630775, -0.02063559927046299, -0.004695319104939699, -0.02761436440050602, 0.014245704747736454, 0.024056071415543556, -0.0028237693477422, 0.00714164599776268, 0.016588665544986725, 0.01636314019560814, -0.0008723458158783615, -0.007411024067550898, 0.0451803095638752, 0.010693675838410854, 0.012284884229302406, 0.01668890006840229, 0.02416883409023285, -0.010605971328914165, -0.03503165394067764, 0.005541040562093258, -0.008776707574725151, 0.03944193199276924, -0.026186035946011543, -0.012322472408413887, -0.008770442567765713, 0.011627101339399815, 0.00031929893884807825, -0.11807521432638168, -0.03059631586074829, 0.02345466986298561, 0.033402856439352036, -0.004532439634203911, 0.0032763867639005184, 0.007667872589081526, 0.0032294022385030985, -0.01665131188929081, 0.01950797066092491, -0.019608203321695328, 0.0035676907282322645, -0.019896375015378, -0.023642607033252716, 0.012880021706223488, -0.004306913819164038, 0.0027689540293067694, 0.019069448113441467, -0.028842227533459663, 0.014771930873394012, -0.028416234999895096, 0.0015293459873646498, 0.0005857402575202286, 0.006878532934933901, -0.0024494593963027, -0.008501064963638783, -0.020861124619841576, 0.024720119312405586, 0.015749208629131317, 0.004504248965531588, 0.018380342051386833, -0.004147166386246681, 0.03458060324192047, -0.028867285698652267, -0.012096946127712727, -0.017841586843132973, 0.0016851779073476791, -0.010486943647265434, 0.02225186675786972, -0.024569768458604813, -0.0074235531501472, 0.001996841747313738, 0.022853268310427666, -0.02553451806306839, 0.01177118718624115, -0.0156489759683609, -0.011896478943526745, 0.013030371628701687, -0.0023664534091949463, -0.025334050878882408, -0.03357826545834541, -0.006446275394409895, -0.025271404534578323, -0.030045030638575554, 0.03084689937531948, 0.010399239137768745, 0.007868340238928795, 0.008244216442108154, -0.03533235564827919, 0.009578576311469078, 0.011150991544127464, 0.0074987285770475864, -0.018154816702008247, 0.017002129927277565, 0.007661608047783375, -0.03109748475253582, 0.0007094661705195904, -0.013055430725216866, 0.021951165050268173, -0.0118526266887784, 0.0028754521626979113, 0.03177406266331673, -0.030496081337332726, -0.005024210549890995, -0.017803998664021492, 0.009484607726335526, -0.015097690746188164, -0.017114892601966858, 0.02325420267879963, 0.005713317077606916, -0.013418776914477348, -0.008501064963638783, 0.004538704175502062, -0.006997560150921345, 0.017014658078551292, -0.02151264250278473, 0.014671697281301022, 0.0024901791475713253, 0.018706101924180984, -0.03713655844330788, -0.022076457738876343, 0.006154971197247505, 0.009728927165269852, -0.023605020716786385, -0.011363987810909748, 0.00725440913811326, -0.01735294796526432, 0.014170529320836067, 0.011094610206782818, -0.01765364781022072, -0.023016147315502167, 0.008707796223461628, -0.049264829605817795, 0.025509458035230637, 0.0014134508091956377, 0.017215125262737274, 0.006026546936482191, -0.005578627809882164, 0.012215973809361458, 0.003179285442456603, 0.005306117702275515, -0.01955808699131012, -0.0388655886054039, 0.020572952926158905, -0.008438418619334698, 0.002048524795100093, -0.007786900270730257, 0.0027689540293067694, 0.01814228668808937, 0.011551925912499428, 0.019946493208408356, 0.0009381241397932172, 0.0045136455446481705, -0.008344450034201145, -0.010856554843485355, 0.002012503333389759, -0.013631774112582207, 0.019031859934329987, 0.0038840530905872583, 0.0016836117720231414, -0.018818864598870277, -0.00799363199621439, -0.00816277600824833, -0.01355659868568182, 0.005187090486288071, 0.0006104071508161724, -0.024381831288337708, -0.018919097259640694, 0.01380718220025301, 0.024005955085158348, 0.023392023518681526, -0.020234664902091026, -0.016926953569054604, -0.010418033227324486, 0.004488587379455566, -0.019069448113441467, 0.006092325318604708, -0.0014377260813489556, -0.04653346166014671, 0.02200128138065338, 0.015974733978509903, 0.00023590141790919006, 0.018618397414684296, 0.0025121052749454975, -0.020961357280611992, -0.013042900711297989, -0.015999794006347656, -0.019006801769137383, -0.004209812264889479, -0.009992039762437344, -0.00593571038916707, -0.03027055598795414, 0.03488130494952202, -0.010875348933041096, 0.011263754218816757, -0.004454132169485092, 0.016751546412706375, 0.011182314716279507, -0.019959021359682083, 0.018994273617863655, -0.0008840919472277164, -0.02901763655245304, -0.01064982358366251, -0.0026264344342052937, -0.012071887962520123, -0.016500961035490036, 0.024632414802908897, 0.005005416925996542, -0.010555854067206383, -0.01118857879191637, -0.0328766293823719, 0.01731535978615284, 0.030997250229120255, -0.005017946008592844, -0.013030371628701687, 0.025434283539652824, 0.04061967879533768, 0.027413897216320038, -0.002472951542586088, 0.0022035737056285143, 0.010198771953582764, 0.026561912149190903, -0.04019368439912796, -0.009171376936137676, 0.023692725226283073, 0.022226806730031967, 0.031122542917728424, 0.004122108221054077, 0.008156511932611465, 0.03275134041905403, 0.010956788435578346, 0.01566150411963463, -0.024933116510510445, -0.011652159504592419, -0.020435132086277008, 0.0014847106067463756, -0.0006754024070687592, 0.0060641346499323845, -0.027789773419499397, -0.007642814423888922, -0.022890854626893997, -0.002427533268928528, 0.03312721475958824, 0.0006808839389123023, 0.00894585158675909, 0.01517286617308855, -0.013205780647695065, 0.010944259352982044, -0.0005152635276317596, -0.022189220413565636, -0.025521988049149513, 0.0188063345849514, 0.010023362934589386, 0.020485248416662216, 0.012842433527112007, 0.013055430725216866, 0.02357996068894863, 0.015724150463938713, 0.005362499039620161, -0.010825231671333313, -0.013067959807813168, -0.005747772287577391, 0.014132942073047161, -0.022452333942055702, -0.030746666714549065, -0.002264653565362096, -0.004391485825181007, 0.023229144513607025, -0.005193355027586222, 0.01652601920068264, -0.019921433180570602, 0.043902330100536346, 0.008306861855089664, 0.005757169332355261, 0.007110323291271925, -0.00040289221215061843, 0.025421755388379097, 0.009954452514648438, -0.008338185027241707, -0.012291149236261845, -0.010693675838410854, 0.011445427313446999, -0.016576137393712997, 0.02811553329229355, -0.007598962169140577, -0.016588665544986725, -0.020447660237550735, 0.005685126408934593, 0.01073126308619976, -0.024231480434536934, -0.011965389363467693, 0.03430496156215668, -0.0017760146874934435, 0.005202752072364092, 0.009622428566217422, 0.0025700528640300035, -0.014609051868319511, 0.01885645091533661, -0.027789773419499397, -0.0035144416615366936, -0.018906569108366966, -0.030095146968960762, 0.002695344854146242, -0.0025590898003429174, 0.003126036375761032, 0.013418776914477348, 0.01668890006840229, -0.004169092513620853, -0.020585481077432632, 0.01905691809952259, 0.03831430524587631, 0.00921522919088602, 0.021487584337592125, -0.017954349517822266, -0.030320672318339348, 0.04227353259921074, -0.013130605220794678, -0.01855575107038021, -0.00535623449832201, -0.006452539935708046]"
7202,"Setdifference giving incorrect results<p>We are trying to print the difference of 2 arrays,retrieved from different collections as below.However,the setdifference does not seem to work .<br>
What may be wrong?<br>
Expected output:</p>

<pre><code>{ ""request"" : [{ ""requestId"" : ""REQ4"" }], ""unsent"" : [""1234""] }
</code></pre>

<p>Code excerpt and stage output as below :  </p>

<pre><code>AggregateIterable&lt;Document&gt; diff = 
                    scrips.aggregate(Arrays.asList(
                        Aggregates.group(null, Accumulators.addToSet(""global"", ""$scrip""))
                    ,Aggregates.lookup(""requests"",new ArrayList&lt;Bson&gt;(Arrays.asList(new Document(
                            Document.parse(""{\""$match\"": { \""requestId\"":'"" + reqparam + ""'}}"")))),""request"")
</code></pre>

<p>[output here: { ""_id"" : null, ""global"" : [""3553"", ""5647"", ""0001""], ""request"" : [{ ""_id"" : { ""$oid"" : ""5d6e37db1886a24e70b88b42"" }, ""requestId"" : ""REQ4"", ""scrips"" : [""3553"", ""5647"", ""1234""] }] }]</p>

<pre><code>        ,Aggregates.project(
                    Projections.fields(
                    Projections.excludeId(),
                    Projections.computed(""unsent"", 
                            Document.parse(""{ $setDifference: [\""$request.scrips\"", \""$global\""] }""))
                )
            )
</code></pre>

<p>[output here: { ""request"" : [{ ""requestId"" : ""REQ4"" }], ""unsent"" : [[""3553"", ""5647"", ""1234""]] }]</p>
",This gives me an error: Error	1	No overload for method 'ToString' takes 1 arguments,"Embed Field: Setdifference giving incorrect results<p>We are trying to print the difference of 2 arrays,retrieved from different collections as below.However,the setdifference does not seem to work .<br>
What may be wrong?<br>
Expected output:</p>

<pre><code>{ ""request"" : [{ ""requestId"" : ""REQ4"" }], ""unsent"" : [""1234""] }
</code></pre>

<p>Code excerpt and stage output as below :  </p>

<pre><code>AggregateIterable&lt;Document&gt; diff = 
                    scrips.aggregate(Arrays.asList(
                        Aggregates.group(null, Accumulators.addToSet(""global"", ""$scrip""))
                    ,Aggregates.lookup(""requests"",new ArrayList&lt;Bson&gt;(Arrays.asList(new Document(
                            Document.parse(""{\""$match\"": { \""requestId\"":'"" + reqparam + ""'}}"")))),""request"")
</code></pre>

<p>[output here: { ""_id"" : null, ""global"" : [""3553"", ""5647"", ""0001""], ""request"" : [{ ""_id"" : { ""$oid"" : ""5d6e37db1886a24e70b88b42"" }, ""requestId"" : ""REQ4"", ""scrips"" : [""3553"", ""5647"", ""1234""] }] }]</p>

<pre><code>        ,Aggregates.project(
                    Projections.fields(
                    Projections.excludeId(),
                    Projections.computed(""unsent"", 
                            Document.parse(""{ $setDifference: [\""$request.scrips\"", \""$global\""] }""))
                )
            )
</code></pre>

<p>[output here: { ""request"" : [{ ""requestId"" : ""REQ4"" }], ""unsent"" : [[""3553"", ""5647"", ""1234""]] }]</p>; Answer: This gives me an error: Error	1	No overload for method 'ToString' takes 1 arguments","[-0.027064546942710876, 0.01496114768087864, -0.00034167765988968313, -0.02359042316675186, -0.021335044875741005, 0.020886771380901337, 0.016768252477049828, -0.021853361278772354, -0.0409330278635025, -0.03062272258102894, 0.011402972042560577, 0.0017615770921111107, 0.003125661052763462, -0.018827510997653008, 0.010835625231266022, 0.017006397247314453, 0.014372787438333035, -0.009161601774394512, -0.002469009719789028, -0.02127901092171669, -0.013826454058289528, 0.027807001024484634, -0.012649734504520893, 0.006233811378479004, -0.015017181634902954, 0.01749669760465622, 0.0175667405128479, -0.009946080856025219, -0.00012771871115546674, 0.014001560397446156, 0.012859863229095936, -0.00022523145889863372, -0.00823003239929676, -0.021783318370580673, -0.02995031140744686, -0.027989113703370094, -0.020186342298984528, -0.023548398166894913, 0.04009251296520233, -0.01999022252857685, 0.024655073881149292, 0.004416200332343578, -0.018505314365029335, -0.021951422095298767, -0.013105012476444244, 0.03213564679026604, -0.001573337009176612, -0.02775096707046032, -0.008482186123728752, 0.01683829538524151, 0.012208464555442333, 0.02657424844801426, -0.04435111582279205, 0.007557620760053396, -0.013175055384635925, -0.017258552834391594, 0.035637788474559784, 0.021124916151165962, -0.0017913453048095107, 0.0070533123798668385, 0.00035612398642115295, 0.003414587816223502, -0.006790651939809322, -0.00015278090722858906, -0.01822514273226261, -0.025957871228456497, 0.008643284440040588, -0.024052705615758896, 0.011038749478757381, -0.006156764458864927, 0.03039858676493168, 0.0065314932726323605, -0.03205159679055214, -0.0063563864678144455, 0.033900726586580276, -0.02179732732474804, -0.00173443544190377, -0.006209296640008688, 0.04451921954751015, 0.013483243994414806, 0.009203627705574036, 0.006485965568572283, -0.02628006786108017, 0.008972485549747944, 0.016333986073732376, 0.024893220514059067, 0.011157821863889694, 0.03527356684207916, 0.015787653625011444, -0.0019139201613143086, 0.01372839417308569, 0.00998110231012106, 0.043426550924777985, -0.01738462969660759, 0.006661072839051485, 0.011220860294997692, -0.001647757482714951, 0.04306232929229736, -0.0024182286579161882, -0.02995031140744686, -0.040260616689920425, -0.004885487258434296, -0.01304897852241993, -0.0013089253334328532, -0.004664852283895016, 0.015899721533060074, 0.015353387221693993, -0.014064599759876728, -0.014484856277704239, -0.009441772475838661, -0.021138925105333328, -0.004584303125739098, -0.014022573828697205, -0.014526882208883762, -0.016600150614976883, -0.01188626792281866, -0.0008733464637771249, -0.05440926551818848, -0.035301584750413895, -0.002120546530932188, 0.00204875273630023, -0.008223027922213078, 0.048749808222055435, -0.030958928167819977, 0.01760876551270485, 0.013777423650026321, 0.005999167915433645, -0.0021468126215040684, 0.009210631251335144, -0.027358727529644966, 0.021895388141274452, 0.018141092732548714, 0.027176616713404655, 0.01550748199224472, -0.019457897171378136, 0.027666917070746422, -0.015339379198849201, 0.014512873254716396, -0.020522547885775566, -0.019836127758026123, -0.01192829292267561, 0.03135116770863533, -0.005915116518735886, -0.01907966658473015, -0.02499127946794033, 0.015941746532917023, 0.01657213270664215, 0.012971931137144566, 0.019640007987618446, -0.01962599903345108, 0.03303219750523567, 0.0010480157798156142, -0.01889755390584469, 0.004349659662693739, -0.002148563740774989, -0.006577021442353725, -0.007564625237137079, 0.007333484012633562, 0.0007551492308266461, 0.01716049201786518, 0.034349001944065094, 0.03006238117814064, -0.0023044089321047068, 0.016852304339408875, 0.006146257743239403, 0.011592087335884571, -0.004388182889670134, -0.033648572862148285, -0.03238780423998833, -0.049450233578681946, 0.006247819866985083, 0.006622549146413803, -0.006815167143940926, 0.026041923090815544, 0.005410808138549328, -0.006783647462725639, 0.005473847035318613, 0.018771477043628693, -0.025523604825139046, -0.03392874449491501, 0.0033340384252369404, 0.02234366163611412, 0.00815998949110508, 0.03975630924105644, -0.016221918165683746, -0.021250993013381958, -0.003568681888282299, 0.017986997961997986, 0.0006562137277796865, 0.009511815384030342, 0.01609584130346775, -0.0019366841297596693, -0.010814612731337547, -0.01999022252857685, -0.5666184425354004, -0.01595575548708439, 0.00990405585616827, -0.013448222540318966, 0.0033217810560017824, 0.022918011993169785, -0.00340933445841074, 0.0026073441840708256, -0.02485119365155697, 0.044855426996946335, -0.011087778955698013, 0.022511763498187065, -0.010709548369050026, -0.01379843708127737, -0.005631443113088608, -0.01349024847149849, -0.014470848254859447, -0.0253555029630661, -0.012565682642161846, 0.020074274390935898, -0.0104924151673913, 0.026434162631630898, -0.02168525941669941, -0.003496888093650341, -0.012789820320904255, -0.023016072809696198, -0.006048197858035564, -0.0005892352783121169, 0.017720835283398628, 0.03432098403573036, -0.027554847300052643, 0.004048475529998541, 5.381806113291532e-05, -0.0007892950670793653, 0.06696093827486038, 0.0014279980678111315, -0.02936195209622383, -0.013784428127110004, 0.006759132724255323, 0.03913993015885353, -0.01479304488748312, -0.004524766467511654, 0.005610430147498846, -0.013140033930540085, -0.0053442674688994884, -0.012264498509466648, 0.004850465804338455, -0.021587198600172997, 0.01657213270664215, -0.017594758421182632, -0.005400301888585091, -0.001155706588178873, -0.0033603045158088207, 0.019611991941928864, 0.021839352324604988, -0.031070997938513756, 0.01031030435115099, -0.01028929091989994, 0.02506132237613201, 0.011914284899830818, 0.010884654708206654, 7.537812052760273e-06, -0.01181622501462698, 0.0023797049652785063, -0.03429296612739563, -0.002148563740774989, 0.001910418039187789, -0.01672622747719288, 0.03726278245449066, 0.0037542954087257385, 0.00974295660853386, 0.0015041696606203914, -0.011269890703260899, -0.008804382756352425, 0.01907966658473015, 0.019247768446803093, 0.013062986545264721, -0.02679838426411152, -0.00790083035826683, 0.014596925117075443, 0.012068378739058971, -0.0061357514932751656, -0.02899773046374321, -0.006605038419365883, 0.027218641713261604, 0.0035319095477461815, -0.02804514765739441, -0.006139253731817007, 0.02770894207060337, 0.01346923504024744, 0.024192791432142258, 0.033312369138002396, -0.018981605768203735, -0.017216525971889496, 0.030202466994524002, 0.028381353244185448, 0.009280674159526825, 0.015045198611915112, 0.012656738981604576, -0.03804726153612137, -0.03653433918952942, 0.014540890231728554, -0.002358692232519388, 0.026083948090672493, 0.02175530232489109, 0.01455489918589592, -0.00590811250731349, -0.016712218523025513, 0.025075331330299377, -0.03109901398420334, -0.0032657466363161802, -0.00011157603148603812, -0.021110907196998596, -0.0039819348603487015, -0.014989164657890797, -0.04180155694484711, 0.019121691584587097, -0.027666917070746422, 0.014260719530284405, 0.006626051384955645, -0.015325370244681835, 0.02286197803914547, 0.0044197021052241325, -0.02230163663625717, 0.001322933821938932, 0.025117358192801476, -0.0008685310604050756, -0.0011206852504983544, 0.010352329351007938, -0.00209953379817307, -0.023688483983278275, -0.0038838747423142195, 0.022133532911539078, -0.010940689593553543, 0.016347995027899742, -0.0053197527304291725, 0.016922347247600555, -0.011423984542489052, 0.00533025898039341, -0.0037052654661238194, 0.00572249898687005, 0.011634113267064095, 0.027792993932962418, -0.03006238117814064, 0.01519929338246584, -0.015185284428298473, -0.03479727730154991, -0.008727336302399635, -0.01830919459462166, 0.014050590805709362, -0.006783647462725639, -0.0008085568551905453, -0.017818894237279892, -0.011732173152267933, -0.02069065161049366, -0.007417535409331322, 0.00860125944018364, -0.027666917070746422, 0.0025460566394031048, -0.04199767857789993, 0.00739652244374156, 0.026083948090672493, -0.03420891612768173, -0.019836127758026123, -0.019275786355137825, -0.026910454034805298, -0.03583391010761261, -0.004461728036403656, 0.027694933116436005, -0.02415076643228531, -0.007893826812505722, 0.02311413176357746, 0.0016757745761424303, 5.629418410535436e-06, -0.009091558866202831, 0.02143310382962227, -0.02797510474920273, 0.005102619994431734, -0.01914970763027668, -0.0071723852306604385, 0.009827008470892906, 0.031659357249736786, -0.0005984283634461462, 0.006412420887500048, 0.016151875257492065, 0.009805995970964432, 0.006321365013718605, -0.019794102758169174, -0.009161601774394512, 0.04832955077290535, 2.563676935096737e-05, 0.008608262985944748, -0.021377069875597954, -0.008643284440040588, -0.02062060870230198, -0.001582092372700572, 0.01620790921151638, -0.005267220549285412, 0.009182614274322987, 0.027218641713261604, 0.027260668575763702, 0.006097227800637484, 0.017006397247314453, 0.010079162195324898, 0.02374451793730259, -0.027484804391860962, 0.006769638974219561, -0.011466010473668575, 0.03348046913743019, 0.039532169699668884, 0.024388911202549934, -0.0012520154705271125, -0.000689046282786876, 0.009693927131593227, -0.023604432120919228, 0.05222393199801445, -0.012663742527365685, -0.004825950600206852, 0.0170904491096735, -0.0014954142970964313, -0.025957871228456497, 0.008082942105829716, 0.008503198623657227, -0.009623884223401546, -0.014723001979291439, -0.0035966990981251, 0.015717610716819763, 0.005316250491887331, -0.008573241531848907, -0.003869866020977497, 0.005697983782738447, 0.0046403370797634125, 0.005736507475376129, 0.003022348042577505, 0.02480916865170002, 0.020928796380758286, 0.031771425157785416, -0.006850188132375479, 0.02524343505501747, -0.016880320385098457, 0.01786092109978199, 0.04516361281275749, 0.022329652681946754, -0.029754191637039185, 0.02127901092171669, 0.00028892664704471827, 0.03583391010761261, 0.0312390998005867, -0.00171342259272933, 0.039083898067474365, -0.002600339939817786, 0.0006527116056531668, -0.026994505897164345, -0.0072494326159358025, 0.013518265448510647, -0.011494027450680733, -0.003374313237145543, 0.02410874143242836, 0.0017965984297916293, 0.021307026967406273, 0.004353161435574293, -0.030090397223830223, 0.02550959773361683, 0.0012712773168459535, 0.007130359765142202, 0.009827008470892906, -0.009925068356096745, -0.016011789441108704, -0.026336101815104485, -0.012243486009538174, 0.02462705783545971, -0.05185970664024353, -0.013903500512242317, -0.030958928167819977, -0.016151875257492065, 0.022469738498330116, 0.028913678601384163, 0.01752471551299095, 0.04435111582279205, 0.009707936085760593, -0.011150818318128586, -0.009119575843214989, 0.012957923114299774, 0.0007433294667862356, -0.010303299874067307, -0.009217635728418827, 0.012789820320904255, -0.003164184745401144, -0.023436330258846283, 0.006822171155363321, -0.019710050895810127, 0.007928848266601562, -0.002243121387436986, 0.024192791432142258, 0.017132475972175598, 0.024010680615901947, 0.010037137195467949, 0.014323757961392403, -0.004885487258434296, 0.02730269357562065, 0.016992390155792236, 0.04185759276151657, -0.01370738074183464, 1.552707180962898e-05, 0.04325845092535019, 0.009925068356096745, -0.006065708585083485, -0.030678758397698402, -0.0004911753349006176, 0.013238093815743923, -0.005407306365668774, -0.005918618757277727, 0.014919121749699116, 0.013889492489397526, 0.0166141577064991, -0.00030140302260406315, -0.013770419172942638, -0.01749669760465622, 0.013280119746923447, 0.016376012936234474, -0.006503476295620203, -0.038719672709703445, -0.01497515570372343, -0.012467622756958008, 0.01008616667240858, 0.051327381283044815, -0.018365228548645973, -0.002623103791847825, -0.012390576303005219, 0.021307026967406273, -0.030118415132164955, -0.0351334810256958, -0.004899495746940374, -0.019794102758169174, -0.04269810765981674, -0.020242376253008842, 0.024080723524093628, -0.007655680645257235, -0.0013877234887331724, 0.004016955848783255, 0.010905668139457703, -0.007928848266601562, -0.009651901200413704, 0.010338321328163147, -0.014765027910470963, 0.006902720313519239, -0.005768026690930128, 0.03378865867853165, 0.009126580320298672, 0.018869537860155106, 0.01903763972222805, -0.009714939631521702, 0.0058660865761339664, -0.018463289365172386, -0.02091478742659092, 0.0018141091568395495, 0.037655021995306015, -0.0007849174435250461, -0.006601536180824041, 0.0584997683763504, 0.023800551891326904, -0.009441772475838661, 0.02370249293744564, 0.001999722560867667, -0.009588862769305706, 0.02422080934047699, -0.008419147692620754, 0.012124412693083286, 0.002884013345465064, -0.02646217867732048, -0.016936354339122772, -0.004594809375703335, 0.006461450830101967, -0.0026598763652145863, 0.0030801333487033844, -0.021517155691981316, 0.005480851046741009, -0.005078104790300131, 0.016039807349443436, 0.010415367782115936, -0.026630282402038574, -0.018183117732405663, -0.0449955128133297, -0.03785114362835884, -0.012859863229095936, -0.011837237514555454, 0.030930912122130394, -0.02524343505501747, -0.03829941526055336, -0.015717610716819763, -0.018253160640597343, 0.01609584130346775, 0.005064096301794052, 0.025047315284609795, 0.005442327354103327, -0.003127412172034383, -0.01914970763027668, 0.013168050907552242, 0.014253715053200722, 0.006580523680895567, 0.021377069875597954, -0.005673469044268131, 0.0002641927858348936, 0.001391225610859692, -0.011970318853855133, -0.03146323561668396, 0.014456839300692081, 0.008538220077753067, -0.026027914136648178, -0.009504811838269234, -0.0015759635716676712, -0.011234869249165058, -0.006584025453776121, 0.03454511985182762, 0.0014936632942408323, 0.02025638520717621, -0.004976542666554451, -0.0056139323860406876, 0.028395362198352814, -0.012208464555442333, -0.016768252477049828, 0.059228211641311646, 0.006783647462725639, 0.0013667106395587325, -0.002332426141947508, -0.005116628482937813, -0.009315695613622665, -0.012306524440646172, -0.026322094723582268, 0.007844796404242516, -0.030090397223830223, 0.011900275945663452, -0.02385658584535122, -0.023394303396344185, 0.00786580890417099, -0.03782312572002411, 0.013315141201019287, 0.0004333899705670774, 0.02322620153427124, -0.0014647706411778927, -0.0023394303862005472, 0.01616588421165943, -0.007305466569960117, -0.008888434618711472, -0.007466565351933241, -0.017734844237565994, 0.015829678624868393, -0.00902151595801115, -0.006766136735677719, 0.002181834075599909, -0.002110040048137307, -0.06326267868280411, 0.0007332608220167458, 0.00041172048076987267, -0.003897883230820298, -0.0028279791586101055, 0.003719273954629898, 0.009287678636610508, -0.03479727730154991, -0.0030888887122273445, 0.012901888228952885, 0.013196068815886974, 0.01393151842057705, 0.011466010473668575, -5.45020739082247e-05, -0.0195559561252594, -0.004447719547897577, -0.01790294609963894, -0.02399667166173458, -0.03603002801537514, -0.008426152169704437, 0.025257442146539688, -0.004776920657604933, 0.018071049824357033, 0.02910979837179184, 0.0019454394932836294, -0.01833721250295639, -0.006380901206284761, -0.01903763972222805, -0.013336153700947762, -0.027218641713261604, 0.012138421647250652, 0.025187399238348007, 0.04460327327251434, 0.03804726153612137, -0.015101233497262001, 0.03443305194377899, -0.01639002189040184, 0.0146249420940876, -0.0013386935461312532, 0.01926177740097046, -0.022721892222762108, 0.00860125944018364, -0.017216525971889496, 0.022623833268880844, -0.00612874748185277, 0.012957923114299774, -0.01992017962038517, 0.028017129749059677, 0.026602264493703842, -0.0321076326072216, -0.009693927131593227, -0.014484856277704239, -0.030118415132164955, 0.007207406684756279, 0.02888566069304943, -0.002873506862670183, -0.010324312373995781, -0.027610881254076958, 0.0018053537933155894, -0.004808439873158932, -0.028913678601384163, 0.0037858146242797375, -0.025159383192658424, 0.040148548781871796, 0.027961095795035362, 0.001707293908111751, -0.00352840730920434, -0.019766084849834442, -0.025705717504024506, -0.02381456084549427, -0.02238568663597107, -0.027288684621453285, -0.00970093160867691, -0.023842578753829002, 0.01650208979845047, 0.019359836354851723, 0.0037157719489187002, -0.014849078841507435, 0.02752683125436306, -0.004377676639705896, 0.016418037936091423, -0.004920508712530136, -0.026322094723582268, -0.019415872171521187, -0.011269890703260899, -0.01021924801170826, -0.005792541895061731, 0.02256779931485653, 0.004279616754502058, -0.024066714569926262, 0.004346157424151897, -0.029866261407732964, -0.024136757478117943, 0.015871703624725342, -0.034236934036016464, 0.05424116551876068, 0.013784428127110004, 0.01999022252857685, 0.01878548599779606, -0.016782261431217194, -0.014638950116932392, -0.002199344802647829, 0.02209150791168213, -0.012117409147322178, 0.03420891612768173, 0.05978855490684509, -0.019387854263186455, 0.007207406684756279, -0.04846963658928871, -0.016642175614833832, 0.0017440663650631905, -0.014849078841507435, 0.004461728036403656, -0.026602264493703842, -0.002404219936579466, -0.010338321328163147, 0.0051306369714438915, -0.03157530725002289, 0.011550062336027622, -0.025971880182623863, 0.006811664905399084, -0.0018246156396344304, -0.017468681558966637, -0.030258500948548317, 0.019640007987618446, -0.01304897852241993, 0.0527842752635479, 0.02693847008049488, 0.0073685054667294025, -0.02616799995303154, -0.022904004901647568, -0.009686922654509544, 0.0287735927850008, 0.003918895963579416, 0.038019247353076935, -0.031295135617256165, 0.006881707813590765, -0.008853413164615631, 0.000353059615008533, -0.02646217867732048, -0.025271451100707054, -0.01568959280848503, 0.03278004378080368, -0.006692592054605484, 0.014821061864495277, 0.008202014490962029, 0.0016591394087299705, 0.021236984059214592, -0.007221415173262358, -0.013273115269839764, -0.01797298900783062, -0.010114183649420738, 0.024388911202549934, 0.02933393605053425, 0.024613048881292343, 0.03334038332104683, -0.016011789441108704, -0.0047594099305570126, -0.004405693616718054, 0.0027877045795321465, -0.021110907196998596, 0.017580749467015266, -0.01240458432585001, 0.001940186251886189, -0.00819501094520092, -0.005151649937033653, 0.029446003958582878, 0.005235701333731413, -0.0005170035874471068, 0.03432098403573036, -0.012460618279874325, -0.02238568663597107, 0.008391130715608597, 0.0016127360286191106, 0.007942856289446354, -0.03619813174009323, 0.0022291128989309072, 0.0008028658921830356, -0.01892557181417942, 0.019934188574552536, -0.005859082564711571, -0.04199767857789993, -0.013294128701090813, -0.006895716302096844, 0.012068378739058971, 0.0016591394087299705, -0.015325370244681835, 0.0007582135731354356, -0.01519929338246584, 0.004412698093801737, -0.019527940079569817, -0.03619813174009323, 0.04432310163974762, -0.0011346937390044332, 0.002171327592805028, -0.0025495588779449463, -0.009126580320298672, 0.00895147304981947, -0.0032692488748580217, 0.024304861202836037, 0.004818946588784456, -0.034461069852113724, -0.012768806889653206, 0.02256779931485653, 0.028101181611418724, -0.024528997018933296, -0.02403869852423668, -0.059228211641311646, -0.02587381936609745, -0.01240458432585001, 0.013609320856630802, 0.007844796404242516, -0.01702040620148182, 0.017734844237565994, 0.011837237514555454, -0.03230375051498413, 0.0003401454596314579, -0.011122800409793854, -0.003176442114636302, -0.04028863459825516, -0.02447296306490898, -0.02084474451839924, 0.004311135970056057, -0.002743927761912346, 0.02947402186691761, 0.0044337110593914986, -0.0034723731223493814, -0.007935851812362671, -0.004531770944595337, -0.023212192580103874, -0.006682085804641247, 0.008678305894136429, 0.007116351276636124, 0.03715071454644203, 0.023716500028967857, -0.002341181505471468, 0.049814458936452866, 0.019541949033737183, 0.015703601762652397, -0.025495588779449463, -0.0036142098251730204, 0.011262886226177216, -0.013133029453456402, 0.01284585427492857, -0.015969764441251755, -0.015101233497262001, -0.0007717843982391059, 0.008384126238524914, 0.003897883230820298, 0.05177565664052963, 0.021769309416413307, -0.006366892717778683, -0.03381667658686638, -0.0036422270350158215, -0.01042237225919962, 0.004293625243008137, -0.007767749484628439, 0.0026090953033417463, -0.028969712555408478, -0.00984802097082138, -0.021419096738100052, 0.005845073610544205, 0.006930737756192684, 0.014526882208883762, 0.01702040620148182, 0.004472234286367893, 0.00939274299889803, -0.014372787438333035, 0.003607205580919981, -0.0322757326066494, -0.03345245495438576, 0.023170167580246925, 0.005981657188385725, -0.0038418490439653397, 0.04070889204740524, 0.009042528457939625, 0.013518265448510647, 0.01360231637954712, -0.004619324579834938, 0.010555453598499298, -0.006517484784126282, -0.010779591277241707, -0.014708993025124073, -0.0002933043288066983, -0.027134589850902557, 0.0027982108294963837, 0.009827008470892906, 0.006594532169401646, 0.011108792386949062, -0.008244040422141552, -0.025523604825139046, 0.009791987016797066, 0.009007507003843784, -0.011914284899830818, 0.0055403877049684525, 0.012348550371825695, -0.0022466236259788275, -0.010744569823145866, -0.0031922017224133015, -0.0005034328205510974, -0.014751018956303596, -0.012411588802933693, -0.03051065467298031, -0.02399667166173458, -0.031547289341688156, 0.022651849314570427, 0.008524212054908276, -0.004713882226496935, -0.02231564372777939, 0.18782684206962585, 0.006520987022668123, 0.021082891151309013, 0.04028863459825516, -0.0006290721357800066, 0.02462705783545971, -0.012698763981461525, -0.012397579848766327, -0.05973252281546593, 0.01896759681403637, 0.017986997961997986, -0.0038033253513276577, -0.018841519951820374, 0.01052743662148714, -0.009918063879013062, -0.003988938871771097, -0.031659357249736786, -0.009876038879156113, -0.02403869852423668, 0.006296849809587002, 0.02836734429001808, -0.008454169146716595, 0.006076215300709009, -0.03006238117814064, 0.03885975852608681, -0.02204948104918003, 0.02238568663597107, -0.009210631251335144, 0.0019121691584587097, -0.00946278590708971, -0.03580589219927788, -0.01196331437677145, -0.0021415594965219498, 0.002563567366451025, -0.024458954110741615, -0.004206071607768536, 0.009308691136538982, -0.0021660744678229094, -0.000332922296365723, 0.02168525941669941, -0.011199847795069218, -0.019541949033737183, 0.004356663674116135, 0.000979723990894854, -0.012950918637216091, -0.022875986993312836, 0.006380901206284761, -0.006184781435877085, 0.01627795211970806, 0.03653433918952942, -0.01573161780834198, -0.02281995303928852, 0.024669082835316658, 0.026560239493846893, 0.007112849038094282, -0.007326479535549879, 0.028969712555408478, -0.00560342613607645, -0.007578633725643158, 0.034573137760162354, -0.02557964064180851, 0.022609824314713478, 0.0044197021052241325, 0.01697838120162487, -0.025201408192515373, 0.029670141637325287, -0.024318868294358253, -0.02017233334481716, -0.0011416980996727943, 0.006401914171874523, 0.00739652244374156, -0.04079294204711914, 0.006230309139937162, 0.008405138738453388, 0.0003189137496519834, -0.010835625231266022, 0.023618441075086594, -0.00399594334885478, 0.015717610716819763, 0.02992229536175728, -0.022946029901504517, -0.021657241508364677, -0.021965431049466133, 0.007095338311046362, -0.02333826944231987, -0.002500528935343027, 0.00179834954906255, 0.011276895180344582, -0.013105012476444244, 0.0026353613939136267, -0.01896759681403637, -0.012012344785034657, -0.02132103592157364, -0.0008571490761823952, 0.0041185179725289345, 0.0006071837269701064, 0.019611991941928864, 0.009686922654509544, -0.011388963088393211, 0.00173443544190377, -0.036114081740379333, 0.04177354276180267, 0.015605541877448559, 0.008629276417195797, -0.016950363293290138, -0.005242705345153809, -0.011529048904776573, 0.0224137045443058, 0.009357721544802189, -0.018029022961854935, 0.0004084372194483876, -0.03675847500562668, 0.0015146761434152722, -0.01407860778272152, 0.0012485133484005928, 0.015423430129885674, -0.003397077089175582, -0.018071049824357033, -8.662327309139073e-05, -0.012306524440646172, 0.020270394161343575, -0.02863350696861744, -0.021405087783932686, 0.004773418419063091, -0.014680976048111916, -0.021363060921430588, -0.010275282897055149, 0.014190676622092724, 0.01086364220827818, -0.013483243994414806, 0.01702040620148182, -0.03678649291396141, 0.009245652705430984, -0.02922186627984047, -0.01323108933866024, 0.00815998949110508, 0.010961702093482018, -0.02175530232489109, -0.007655680645257235, 0.004675358533859253, 0.01849130541086197, -0.011508036404848099, 0.007564625237137079, -0.006885209586471319, -0.012978935614228249, -0.04589205980300903, 0.028801610693335533, -0.022623833268880844, 0.01538140419870615, -0.013427210040390491, -0.031211083754897118, -0.022469738498330116, 0.03356452286243439, -0.013567294925451279, 0.019710050895810127, -0.030370568856596947, 0.005911614280194044, -0.038607604801654816, 0.0195559561252594, -0.010352329351007938, -0.026027914136648178, 0.022833961993455887, 0.0025863314513117075, -0.02197943814098835, -0.015353387221693993, -0.003971428144723177, -0.17706826329231262, 0.023058097809553146, 0.012593699619174004, -0.031519271433353424, 0.022147541865706444, 0.021110907196998596, 0.025117358192801476, -0.008349104784429073, -0.015563515946269035, -0.00812496803700924, 0.028829626739025116, 0.0013885990483686328, -0.021811336278915405, -0.005666464567184448, -0.025537613779306412, -0.005599923897534609, -0.01267775148153305, 0.016446055844426155, 0.037767089903354645, 0.06443940103054047, 0.024571023881435394, -0.03053867258131504, 0.012712772935628891, -0.011501031927764416, 0.018463289365172386, 0.03950415551662445, 0.013378179632127285, 0.034236934036016464, -0.016347995027899742, -0.005277726799249649, -0.012152430601418018, -0.0019822120666503906, 0.020088283345103264, -0.010702543891966343, 0.004913504235446453, -0.0033900728449225426, -0.02426283434033394, -0.0025180396623909473, -0.015045198611915112, 0.0013535775942727923, 0.00813897605985403, 0.012026352807879448, -0.009126580320298672, -0.0028069661930203438, 0.031295135617256165, 0.034012794494628906, 0.020830735564231873, 0.000190866703633219, 0.010450389236211777, -0.024234818294644356, 0.00815998949110508, -0.01786092109978199, -0.017062433063983917, 0.007494582328945398, 0.022175557911396027, -0.0019734567031264305, 0.002553060883656144, 0.023492364212870598, -0.02899773046374321, -0.006163768470287323, 0.018645400181412697, -0.011332929134368896, -0.012432601302862167, 0.007459560874849558, -0.029502037912607193, 0.02557964064180851, -0.02367447502911091, 0.0028822622261941433, -0.04807739704847336, 0.022623833268880844, -0.023576414212584496, -0.029642123728990555, -0.0024900224525481462, -0.014596925117075443, -0.004507255740463734, 0.006678583566099405, -0.0340968482196331, 0.008923456072807312, 0.005270722787827253, -0.013959535397589207, -0.018127083778381348, 0.03532960265874863, -0.020340437069535255, 0.030090397223830223, 0.022245600819587708, 0.008258049376308918, -0.00703930389136076, 0.007459560874849558, 0.03468520566821098, 0.004339152947068214, 0.011031745001673698, -0.026952479034662247, 0.015451447106897831, 0.0024182286579161882, 0.011970318853855133, 0.01720251888036728, 0.00661554466933012, 0.012852858752012253, 0.026041923090815544, -0.013427210040390491, -0.008145980536937714, -0.021601207554340363, -0.010191231034696102, 0.011508036404848099, 0.005887099541723728, 0.018883544951677322, 0.010324312373995781, -0.01811307482421398, 0.046872660517692566, 0.01154305785894394, -0.03709467872977257, -0.005288233514875174, -0.005708490498363972, 0.03216366469860077, 0.005974653176963329, 0.00823003239929676, 0.012495639733970165, 0.005358275957405567, 0.03185547888278961, -0.01531136129051447, 0.05855580046772957, -0.010065154172480106, -0.0027596873696893454, 0.007144368253648281, 0.004969538655132055, 0.018869537860155106, -0.06600835919380188, -0.04065285623073578, 0.006048197858035564, 0.018141092732548714, -0.008384126238524914, -0.015171276405453682, -0.02315615862607956, 0.023688483983278275, -0.02562166564166546, 0.040260616689920425, -0.015521490015089512, -0.03546968847513199, 0.010982715524733067, 0.03569382429122925, 0.019541949033737183, -0.0012677751947194338, -0.014358779415488243, -0.004402191378176212, 0.008804382756352425, 0.023954646661877632, 0.009308691136538982, -0.013034969568252563, 0.02230163663625717, 0.0097779780626297, -0.011655125766992569, 0.006804660428315401, -0.007508590817451477, 0.0063248672522604465, 0.024571023881435394, 0.002796459710225463, 0.007494582328945398, -0.002833232283592224, 0.02899773046374321, -0.011108792386949062, -0.012628721073269844, -0.01801501400768757, -0.05001057684421539, -0.012110404670238495, 0.018953587859869003, -0.033648572862148285, 0.007844796404242516, 0.01137495506554842, -0.0063563864678144455, 0.017832903191447258, -0.007126857526600361, -0.006710102781653404, -0.005929125007241964, 0.03112703189253807, 0.009098563343286514, -0.02800312079489231, -0.01910768263041973, 0.00034911971306428313, -0.011185838840901852, -0.02032642811536789, 0.027358727529644966, 0.044154997915029526, 0.007690702099353075, 0.006279339548200369, -0.024725116789340973, -0.014821061864495277, -0.020900778472423553, 0.002383207203820348, -0.01657213270664215, 0.03213564679026604, 0.01407860778272152, 0.018141092732548714, -0.006783647462725639, -0.008664297871291637, -0.01550748199224472, 0.009518819861114025, -0.031211083754897118, 0.02182534523308277, -0.03053867258131504, -0.0104924151673913, -0.014877095818519592, 0.02338029444217682, 0.006100730039179325, -0.017874930053949356, 0.019359836354851723, -0.012110404670238495, -0.0070287976413965225, -0.005655958317220211, 0.0030293522868305445, -0.003971428144723177, 0.03737485036253929, 0.006626051384955645, 0.019303802400827408, 0.012719777412712574, 0.00187889882363379, -0.04267008975148201, 0.009000503458082676, -0.0056454516015946865, 0.005582413170486689, -0.04589205980300903, -0.023800551891326904, 0.014807052910327911, -0.01052743662148714, -0.005421314854174852, -0.026742350310087204, -0.005620936863124371, -0.0005839820369146764, 0.008265053853392601, -0.0584997683763504, 0.02642015367746353, -0.0009009258355945349, -0.023968655616044998, -0.008012899197638035, -0.008832400664687157, -0.0001586907746968791, -0.013308136723935604, 0.020718667656183243, 0.03261194005608559, -0.045107580721378326, 0.0023254218976944685, -0.016151875257492065, -0.004051977302879095, -0.03737485036253929, -0.0143867963925004, -0.006902720313519239, 0.02094280533492565, 0.028801610693335533, 0.013553286902606487, -0.014652959071099758, -0.025453563779592514, 0.009105566889047623, 0.006902720313519239, -0.01793096400797367, -0.0021415594965219498, 0.006902720313519239, 0.014134642668068409, -0.008538220077753067, -0.025299469009041786, 0.01260770857334137, -0.01201934926211834, 0.0032499870285391808, 0.01944388821721077, 0.0229740459471941, -0.002701902063563466, -0.0012099897721782327, 0.03681451082229614, 0.03493736311793327, -0.0043076337315142155, -0.018883544951677322, -0.04171750694513321, 0.004570294171571732, -0.029025746509432793, -0.007424539420753717, -0.005939631722867489, 0.002353438874706626, -0.0015173027059063315, 0.007326479535549879, -0.0009613377624191344, 0.05547391623258591, 0.009560845792293549, 0.0028962709475308657, -0.02359042316675186, -0.012117409147322178, -0.03193952888250351, 0.002181834075599909, 0.012320533394813538, 0.027764976024627686, 0.01999022252857685, 0.05048687011003494, 0.00795686524361372, 0.0032797553576529026, -0.005361778195947409, 0.015451447106897831, -0.009525824338197708, -0.014134642668068409, -0.0019839629530906677, 0.01573161780834198, -0.007263441104441881, -0.007389517966657877, 0.002661627484485507, 0.012159434147179127, 0.01889755390584469, 0.025201408192515373, 0.0015155515866354108, 0.008692314848303795, -0.0060552023351192474, -0.00021735164045821875, -0.008860417641699314, 0.00582406111061573, -0.020130308344960213, -0.023548398166894913, 0.004741899203509092, 0.018477298319339752, 0.015241319313645363, -0.025187399238348007, 0.04902997985482216, -0.02333826944231987, 0.012509648688137531, -0.004048475529998541, 0.01985013671219349, -0.04314637929201126, 0.01987815462052822, 0.006272335071116686, 0.01208939217031002, -0.004065986257046461, 0.0023394303862005472, 0.012467622756958008, 0.01179521158337593, 0.012488636188209057, 0.023254217579960823, -0.002351687988266349, -0.0015453197993338108, -0.03126711770892143, 0.00993907731026411, -0.01497515570372343, -0.014708993025124073, 0.009953085333108902, 0.023170167580246925, -0.0024847693275660276, -0.02175530232489109, -0.03241581842303276, 0.01110178790986538, -0.021699266508221626, -0.005733005236834288, -0.006976265460252762, 0.00018309633014723659, -0.03597399592399597, 0.02333826944231987, 0.01639002189040184, -0.005981657188385725, 0.03135116770863533, 0.0011084277648478746, 0.053820908069610596, 0.006258326582610607, -0.014050590805709362, -0.003314776811748743, 0.0026983998250216246, 0.027947086840867996, -0.017258552834391594, -0.002097782678902149, -0.013476239517331123, -0.02223159372806549, 0.002372700721025467, 0.0003672870807349682, 0.012103400193154812, 0.03308822959661484, -0.025411536917090416, 0.08959878236055374, -0.003566931001842022, 0.024683091789484024, 0.0026213526725769043, -0.02653222158551216, -0.004286620765924454, 0.0039013854693621397, -0.0027316701598465443, -0.01199833583086729, -0.0380752794444561, 0.01657213270664215, -0.015227310359477997, 0.010184226557612419, -0.03051065467298031, 0.0028454898856580257, -0.007746736519038677, -0.005088611505925655, 0.04547180235385895, 0.0156615749001503, 0.00399594334885478, 0.0205085389316082, 0.0195559561252594, 0.035301584750413895, 0.013630334287881851, 0.010093171149492264, 0.006265330594033003, 0.004486242774873972, -0.00714086601510644, -0.015717610716819763, -0.0032937638461589813, 0.002815721556544304, 0.023898612707853317, -0.01034532580524683, -0.01201934926211834, -0.0017361865611746907, -0.01396653987467289, -0.00851020310074091, -0.013098007999360561, 0.0032289742957800627, -0.024458954110741615, 0.01881350390613079, 0.03233176842331886, -0.029053764417767525, -0.01550748199224472, -0.02076069265604019, -0.03619813174009323, -0.007844796404242516, -0.014204684644937515, -0.011900275945663452]","[-0.0230180025100708, 0.012392740696668625, 0.00410938635468483, -0.019224723801016808, -0.0094152195379138, 0.02428242936730385, 0.018177831545472145, -0.015852918848395348, -0.03562147915363312, -0.028497185558080673, 0.012345154769718647, 0.001808266039006412, 0.001244032639078796, -0.028578760102391243, 0.00844990462064743, 0.013439631089568138, 0.008402318693697453, -0.00890536978840828, 0.006845578551292419, -0.022460566833615303, -0.006655234843492508, 0.015553806908428669, -0.012589882127940655, 0.008116803131997585, -0.01689980924129486, 0.0050237164832651615, 0.02062510885298252, -0.013759137131273746, 0.0014743146020919085, 0.005472383927553892, 0.005815682467073202, 0.0026631136424839497, -0.01698138564825058, -0.015866514295339584, -0.033745236694812775, -0.02474469318985939, -0.015812130644917488, -0.02396972104907036, 0.027953345328569412, -0.022338204085826874, 0.014710855670273304, -0.0005298185278661549, -0.011631364934146404, -0.024296024814248085, -0.02243337593972683, 0.028687529265880585, -0.001811665017157793, -0.02474469318985939, 0.004823175724595785, 0.01405824813991785, 0.010666050016880035, 0.017117345705628395, -0.03741615265607834, 0.0027378913946449757, -0.006410507019609213, -0.010747626423835754, 0.03926520422101021, 0.026811283081769943, -0.012460720725357533, 0.009272461757063866, 0.0063221328891813755, 0.004211356397718191, -0.011889688670635223, -0.007919661700725555, -0.02435040846467018, -0.03127076476812363, 0.020149249583482742, -0.02792615257203579, 0.015186714939773083, -0.0030675942543894053, 0.04046165198087692, 0.007192275952547789, -0.03689950332045555, -0.012515104375779629, 0.03706265613436699, -0.010033836588263512, -0.0022229435853660107, -0.004082194529473782, 0.037117037922143936, 0.014207804575562477, 0.013820318505167961, 0.008456702344119549, -0.021128160879015923, 0.006723214406520128, 0.020611513406038284, 0.02333071082830429, 0.020448362454771996, 0.03491448983550072, 0.016532717272639275, -0.008014833554625511, 0.015309079550206661, 0.013616379350423813, 0.04293612018227577, -0.0170629620552063, 0.005550561007112265, 0.014697260223329067, -0.002739591058343649, 0.035322368144989014, -0.00742340786382556, -0.03377242758870125, -0.02972082421183586, -0.007450599689036608, -0.011046738363802433, 0.005676324013620615, -0.006366319954395294, 0.01413982454687357, 0.004391503054648638, -0.015852918848395348, -0.01362997479736805, -0.020149249583482742, -0.029149791225790977, -0.014289380051195621, -0.01604326255619526, -0.020366786047816277, -0.013167711906135082, -0.02082904987037182, -0.0012287371791899204, -0.04369749501347542, -0.03333735466003418, -0.004738200921565294, -0.00017303015920333564, -0.01843615621328354, 0.05283399671316147, -0.034261882305145264, 0.024486368522047997, 0.017973892390727997, 0.0016986484406515956, -0.00564913172274828, 0.005788490641862154, -0.02969363145530224, 0.01999969407916069, 0.011407031677663326, 0.02043476514518261, 0.005536965094506741, -0.010339746251702309, 0.02039397694170475, -0.008116803131997585, 0.019360681995749474, -0.0067979926243424416, -0.01462928019464016, -0.015852918848395348, 0.0351320244371891, -0.009442411363124847, -0.022936426103115082, -0.028170881792902946, 0.026729706674814224, 0.017049364745616913, 0.003660718910396099, 0.016016069799661636, -0.015023563988506794, 0.023208346217870712, -0.0056355358101427555, -0.023548245429992676, -0.0026070300955325365, -0.0028347629122436047, -0.016913404688239098, -0.008388723246753216, -0.006753805559128523, -0.010706838220357895, 0.00892576389014721, 0.018640095368027687, 0.015757746994495392, 0.0005591348744928837, 0.016029667109251022, 0.006927154492586851, 0.012270377017557621, -0.0025832371320575476, -0.0365460067987442, -0.030835693702101707, -0.05030514672398567, 0.0015354965580627322, -0.0007681731367483735, 0.0032494403421878815, 0.022365394979715347, 0.005625338759273291, -0.0062473551370203495, 0.011441021226346493, 0.0188304390758276, -0.01507794763892889, -0.02936732769012451, 0.01037373673170805, 0.02322194166481495, 0.013242489658296108, 0.04182124882936478, -0.009659947827458382, -0.020108461380004883, -0.0011174200335517526, 0.023194750770926476, -0.0024676714092493057, 0.007029124069958925, 0.015703363344073296, -0.008572268299758434, -0.011760527268052101, -0.030373429879546165, -0.5895218849182129, -0.021753575652837753, 0.00543159618973732, -0.015404251404106617, 0.0054044038988649845, 0.03458818793296814, 0.006165779195725918, 0.005516570992767811, -0.028714720159769058, 0.05321468412876129, -0.0071786800399422646, 0.03322858735918999, -0.010754424147307873, -0.015363463200628757, -0.011339051648974419, -0.02027161419391632, -0.013065741397440434, -0.020217230543494225, -0.010448514483869076, 0.013514408841729164, -0.008973349817097187, 0.023303518071770668, -0.023521054536104202, -0.004316725302487612, -0.013772732578217983, -0.024092085659503937, -0.0017130940686911345, -0.0019051374401897192, 0.02482626959681511, 0.031107613816857338, -0.022134263068437576, 0.004425493068993092, -0.007586559746414423, -0.007974045351147652, 0.07048158347606659, 0.012114022858440876, -0.019428662955760956, -0.010230978950858116, 0.015105139464139938, 0.0327119417488575, -0.019075166434049606, -0.003674315055832267, 0.018259407952427864, -0.0022246430162340403, -0.002800772897899151, -0.01314051914960146, 0.012780225835740566, -0.02411927841603756, 0.0156489796936512, -0.021984707564115524, 0.002557744737714529, -0.012467518448829651, -0.0030472001526504755, 0.02016284503042698, 0.015173119492828846, -0.025397300720214844, 0.012630670331418514, -0.015485826879739761, 0.024839865043759346, 0.003983623813837767, 0.018463347107172012, -0.01088358648121357, 0.0007974894833751023, 0.001297566806897521, -0.04010815545916557, 0.0063459258526563644, 0.011658557690680027, -0.01654631458222866, 0.03401715308427811, 0.00853148102760315, 0.0007116648484952748, -0.005958440247923136, -0.00778370164334774, -0.006179375108331442, 0.020815452560782433, -0.0012151411501690745, 0.011345849372446537, -0.0230180025100708, 0.004765392746776342, 0.0015745849814265966, -0.0021532641258090734, -0.00206319079734385, -0.030019935220479965, -0.017226113006472588, 0.024010509252548218, 0.009068521670997143, -0.018422558903694153, -0.010815606452524662, 0.029231367632746696, 0.015349866822361946, 0.026756899431347847, 0.03306543454527855, -0.007110700011253357, -0.02305879071354866, 0.039945002645254135, 0.033935580402612686, 0.0008811897714622319, 0.013167711906135082, 0.013092933222651482, -0.045900046825408936, -0.03477853164076805, 0.02212066762149334, -0.006954346317797899, 0.020679492503404617, 0.01819142885506153, 0.007124296389520168, -0.00695094745606184, -0.016247201710939407, 0.028170881792902946, -0.018463347107172012, -0.0014148321934044361, 0.003959830850362778, -0.012460720725357533, -0.010536888614296913, -0.01760680042207241, -0.033908385783433914, 0.017348477616906166, -0.033119820058345795, 0.008816996589303017, 0.005496176891028881, -0.011651759035885334, 0.008952956646680832, 0.010210584849119186, -0.025791583582758904, 0.0008378525963053107, 0.01839536800980568, 0.003426188137382269, 0.0009296254720538855, 0.012888994067907333, -0.007525377906858921, -0.026539362967014313, -0.010951565578579903, 0.004928544629365206, -0.010108615271747112, 0.019319895654916763, -0.02172638475894928, 0.008341137319803238, -0.010217382572591305, 0.006814987398684025, -0.008422712795436382, 0.00564573286101222, 0.0061351885087788105, 0.013976672664284706, -0.023344306275248528, 0.020149249583482742, -0.010618464089930058, -0.02576439268887043, -0.0026138280518352985, -0.012549093924462795, 0.02020363323390484, -0.014493320137262344, 0.0026614139787852764, -0.018952803686261177, -0.019238319247961044, -0.019632602110505104, -0.0054044038988649845, 0.008497490547597408, -0.020094865933060646, 0.002705601043999195, -0.03929239511489868, -8.720549521967769e-05, 0.02732793055474758, -0.022569335997104645, -0.023697802796959877, -0.024894248694181442, -0.025274936109781265, -0.024935036897659302, 0.0028347629122436047, 0.016559910029172897, -0.03203213959932327, -0.023398689925670624, 0.023779377341270447, 0.008096409030258656, 0.004503670148551464, -0.007110700011253357, 0.01785152778029442, -0.018109852448105812, 0.008456702344119549, -0.02082904987037182, -0.009326845407485962, 0.01729409396648407, 0.028796296566724777, 0.005139282438904047, 0.005948243662714958, 0.025845967233181, 0.006580456625670195, 0.012868599966168404, -0.023126769810914993, -0.01937427930533886, 0.04576408490538597, -0.0072398618794977665, 0.01033294852823019, -0.01415342092514038, -0.014819623902440071, -0.018381772562861443, -0.0057103135623037815, 0.016070455312728882, -0.004575049038976431, 0.02259652689099312, 0.02255573868751526, 0.0302374716848135, 0.008211974985897541, 0.009347239509224892, 0.0144117446616292, 0.019428662955760956, -0.024812672287225723, 0.013147317804396152, -0.01008142251521349, 0.034805722534656525, 0.02701522223651409, 0.022025495767593384, -0.005689919926226139, 0.00019321170111652464, 0.007620549760758877, -0.021114565432071686, 0.05220858380198479, -0.0035281581804156303, -0.006400309968739748, 0.016491929069161415, 0.00032545390422455966, -0.010985556058585644, 0.007267054170370102, 0.014425340108573437, -0.006213365122675896, -0.01386110670864582, -0.005451989825814962, 0.02936732769012451, 0.01010181661695242, -0.010224181227385998, 0.008089611306786537, 0.00282286643050611, 0.009122906252741814, -0.0071786800399422646, -0.0007898417534306645, 0.022052688524127007, 0.021862344816327095, 0.027980538085103035, -0.015009967610239983, 0.01551301870495081, -0.013269681483507156, 0.024839865043759346, 0.0372529998421669, 0.027110394090414047, -0.036763545125722885, 0.022650910541415215, 0.0015754348132759333, 0.0369538888335228, 0.0269064549356699, 0.0038136737421154976, 0.04364311322569847, -0.006621244829148054, 0.003042101627215743, -0.028959447517991066, -0.004694013856351376, 0.02066589705646038, -0.02239258773624897, 0.007736115716397762, 0.02153604105114937, 0.014724452048540115, 0.022814063355326653, 0.0001980977540370077, -0.03127076476812363, 0.028334032744169235, -0.003650522092357278, 0.002039397833868861, 0.005078100599348545, -0.004391503054648638, -0.017117345705628395, -0.023942530155181885, -0.01666867733001709, 0.03290228545665741, -0.054492708295583725, -0.017579609528183937, -0.0267025139182806, -0.012229588814079762, 0.019904522225260735, 0.030835693702101707, 0.013786328956484795, 0.047123685479164124, 0.005282040219753981, -0.015445038676261902, -0.011407031677663326, 0.004245346412062645, 0.0035825420636683702, 0.0015303980326279998, -0.013011357747018337, 0.01972777396440506, -0.008286752738058567, -0.01764758862555027, 0.0055607580579817295, -0.018640095368027687, 0.01321529783308506, -0.0023147165775299072, 0.025043804198503494, 0.012188800610601902, 0.020761068910360336, 0.010183393023908138, 0.019700583070516586, 0.0008038626401685178, 0.04212036356329918, 0.021631212905049324, 0.033473316580057144, -0.01409903634339571, -0.004683816805481911, 0.0464438833296299, 0.0069339522160589695, -0.0018881424330174923, -0.034098729491233826, 0.004177366383373737, 0.005982233677059412, -0.004636230878531933, -0.006379915867000818, 0.0184769444167614, 0.014126228168606758, 0.01862649992108345, 0.0017674780683591962, -0.016872618347406387, -0.018340984359383583, 0.015553806908428669, 0.01484681572765112, -0.006845578551292419, -0.038068756461143494, -0.013310469686985016, -0.015635382384061813, 0.0005000773235224187, 0.05704875290393829, -0.009931867010891438, -0.012100426480174065, -0.021943919360637665, 0.026525767520070076, -0.021114565432071686, -0.02129131183028221, -0.010428120382130146, -0.01643754541873932, -0.029285751283168793, -0.020067673176527023, 0.020448362454771996, 0.0014641176676377654, -0.00893936026841402, 0.0035349561367183924, 0.009530785493552685, -0.0004376207652967423, -0.02364341728389263, 0.004061800427734852, 0.00776330754160881, -0.003956431522965431, 0.006634840741753578, 0.032575979828834534, -0.00020202784799039364, 0.02666172757744789, 0.021196139976382256, -0.004541059024631977, 0.007212670054286718, -0.02713758684694767, -0.01910235919058323, -0.0017487836303189397, 0.03167864680290222, 0.005380610935389996, 0.0047551956959068775, 0.047314029186964035, 0.025465279817581177, -0.003844264894723892, 0.01733488030731678, -0.005377212073653936, -0.012569488026201725, 0.023439478129148483, -0.004823175724595785, 0.000788142264354974, 0.001687601674348116, -0.01991811767220497, -0.01080201007425785, 0.0013290075585246086, 0.013147317804396152, -0.005101893562823534, 0.00016814409173093736, -0.026484979316592216, -0.0035145620349794626, 0.002447277307510376, 0.025274936109781265, 0.005424798000603914, -0.027151182293891907, -0.021236928179860115, -0.03434345871210098, -0.042256321758031845, 0.0019782157614827156, -0.002041097264736891, 0.022542143240571022, -0.024581540375947952, -0.035866208374500275, -0.01764758862555027, -0.016532717272639275, 0.014425340108573437, -0.006182774435728788, 0.02846999280154705, -0.001660409732721746, -0.004520664922893047, -0.025397300720214844, 0.012882196344435215, 0.020366786047816277, 0.011944073252379894, 0.017633993178606033, 0.0010953265009447932, 0.00680479034781456, 0.004768791608512402, -0.025859564542770386, -0.03105323016643524, 0.015091543085873127, 0.009911472909152508, -0.01972777396440506, -0.013888298533856869, 0.004982928745448589, -0.011012747883796692, -0.010509696789085865, 0.023357901722192764, -0.005322827957570553, 0.019578218460083008, 0.011121516115963459, -0.013004560023546219, 0.023276327177882195, -0.0127462362870574, -0.017865125089883804, 0.055390045046806335, 0.010339746251702309, -0.0034975672606378794, -0.001784473075531423, 0.004639629740267992, -0.013018155470490456, -0.012392740696668625, -0.02863314375281334, 0.0013434533029794693, -0.032331254333257675, 0.007804095279425383, -0.033908385783433914, -0.020856240764260292, 0.01199845690280199, -0.036845117807388306, 0.007518579717725515, -0.004252144135534763, 0.013765934854745865, -0.005418000277131796, -0.0034907690715044737, 0.023385094478726387, -0.0034227892756462097, -0.008130399510264397, -0.014126228168606758, -0.011339051648974419, 0.010407726280391216, -0.003844264894723892, -0.00671641668304801, -0.0040312097407877445, -0.005944844335317612, -0.060257405042648315, -0.0008777907933108509, -0.0017360373167321086, -0.0035791429691016674, -0.001560139236971736, 0.009326845407485962, 0.0038952496834099293, -0.031977757811546326, 0.009313249960541725, 0.017905913293361664, 0.003606335027143359, 0.007049518171697855, 0.016845425590872765, -0.001098725595511496, -0.024771884083747864, -0.004928544629365206, -0.010509696789085865, -0.018762459978461266, -0.03216810151934624, -0.00729424599558115, 0.020951412618160248, -0.006203168071806431, 0.01573055423796177, 0.030536582693457603, -0.002423484344035387, -0.025288531556725502, -0.013595985248684883, -0.023208346217870712, -0.01964619755744934, -0.022229434922337532, 0.007559367921203375, 0.032412827014923096, 0.04663423076272011, 0.03167864680290222, -0.014207804575562477, 0.0288234893232584, -0.009014138020575047, 0.00988428108394146, -0.005713712889701128, 0.018422558903694153, -0.010095018893480301, -0.0018830439075827599, -0.009591967798769474, 0.023208346217870712, -0.01409903634339571, 0.003990421537309885, -0.015852918848395348, 0.02470390498638153, 0.02709679864346981, -0.020094865933060646, -0.010944767855107784, -0.011026344262063503, -0.03486010432243347, -0.004408498294651508, 0.017905913293361664, 0.0075457715429365635, -0.004422094207257032, -0.0226645078510046, -0.00844990462064743, -0.008755814284086227, -0.021971112117171288, 0.004547857213765383, -0.027246354147791862, 0.04657984524965286, 0.026920050382614136, -0.002809270517900586, 0.003684511873871088, -0.00847029872238636, -0.029068216681480408, -0.018884822726249695, -0.02314036712050438, -0.02239258773624897, -0.010468908585608006, -0.02231101132929325, 0.01800108514726162, 0.027504676952958107, -0.006203168071806431, -0.003334415378049016, 0.018640095368027687, -0.008850986137986183, 0.016818232834339142, -0.003993820399045944, -0.01854492351412773, -0.018653690814971924, -0.007171882316470146, -0.013283277861773968, -0.002471070270985365, 0.017973892390727997, 0.0007804945344105363, -0.026267442852258682, -0.0013893396826460958, -0.03545833006501198, -0.027355121448636055, 0.021617615595459938, -0.02753186970949173, 0.05479181930422783, 0.011923679150640965, 0.03140672668814659, 0.01199845690280199, -0.021073777228593826, -0.015105139464139938, -0.006648436654359102, 0.013154115527868271, -0.007260255981236696, 0.028877872973680496, 0.060529325157403946, -0.01745724491775036, 0.0014224799815565348, -0.05125686526298523, -0.0028347629122436047, 0.005424798000603914, -0.02297721430659294, 0.0038476637564599514, -0.02745029330253601, -0.001431827200576663, -0.005914253648370504, 0.002887447364628315, -0.038666982203722, 0.011107919737696648, -0.027314333245158195, 0.00742340786382556, -0.00035540753742679954, -0.016165627166628838, -0.028932256624102592, 0.015662575140595436, -0.016927001997828484, 0.04777629300951958, 0.025750795379281044, 0.009027734398841858, -0.020693089812994003, -0.015676170587539673, -0.01366396527737379, 0.025845967233181, 0.006730012595653534, 0.024567944929003716, -0.03953712433576584, 0.0014097336679697037, -0.007212670054286718, -0.003905446734279394, -0.020842645317316055, -0.01980935037136078, -0.018925610929727554, 0.026879262179136276, 0.004925145767629147, 0.001952723367139697, 0.012100426480174065, -0.004405098967254162, 0.016016069799661636, -0.006662032566964626, -0.011964467354118824, -0.009476401843130589, -0.009401624090969563, 0.026797685772180557, 0.025424491614103317, 0.0344250351190567, 0.03219529241323471, -0.017307689413428307, -0.0027005025185644627, -0.0115090012550354, -0.008076014928519726, -0.02027161419391632, 0.02097860537469387, -0.004262341186404228, 0.006927154492586851, 0.0014709156239405274, -0.0016391659155488014, 0.027654234319925308, 0.006682426668703556, 0.003263036487624049, 0.0341259241104126, -0.013935884460806847, -0.016287989914417267, 0.03007431887090206, 0.0032358444295823574, -0.0002532252110540867, -0.03537675365805626, 0.0069339522160589695, 0.0018065664917230606, -0.022691698744893074, 0.023629821836948395, -0.020489148795604706, -0.04016254097223282, -0.015132331289350986, 0.00019947859982494265, 0.012263578362762928, -0.0023521054536104202, -0.014697260223329067, 0.004660023842006922, -0.011944073252379894, -0.0025900350883603096, -0.016287989914417267, -0.033826809376478195, 0.036056552082300186, -0.011515798978507519, -0.0032426423858851194, -0.0009262264939025044, -0.01201885100454092, 0.017158133909106255, -0.009122906252741814, 0.0323040597140789, 0.005968637298792601, -0.03526798635721207, -0.02133210003376007, 0.020298805087804794, 0.03567586466670036, -0.01752522401511669, -0.028361225500702858, -0.049244657158851624, -0.026145080104470253, -0.01345322746783495, 0.015268291346728802, 0.013283277861773968, -0.013018155470490456, 0.021087372675538063, 0.00778370164334774, -0.03567586466670036, 0.0051222871989011765, -0.003973426762968302, 0.00185585196595639, -0.04073357209563255, -0.02231101132929325, -0.02395612560212612, -0.00011407881538616493, 0.0008590962970629334, 0.030726926401257515, 0.002790575847029686, 0.002313016913831234, -0.0029333338607102633, -0.012188800610601902, -0.013888298533856869, -0.0062711481004953384, 0.01015620119869709, 0.01737566851079464, 0.04062480479478836, 0.01980935037136078, -0.005163075402379036, 0.04152213782072067, 0.023031597957015038, 0.011515798978507519, -0.016532717272639275, -0.012460720725357533, 0.02309957891702652, -0.02133210003376007, 0.014792432077229023, -0.014955583959817886, -0.030373429879546165, -0.006288143340498209, 0.014085440896451473, 0.012419932521879673, 0.05136563256382942, 0.02176717296242714, -0.002204249147325754, -0.024486368522047997, -0.004479877185076475, -0.0014913096092641354, 0.0077157216146588326, -0.008123600855469704, 0.005295636132359505, -0.029584864154458046, -0.011712941341102123, -0.0216040201485157, 0.003568946151062846, -0.005570955108851194, 0.012875397689640522, 0.008191580884158611, 0.01276663038879633, 0.008694632910192013, -0.014928391203284264, -0.00455805379897356, -0.030047127977013588, -0.022229434922337532, 0.020570725202560425, 0.005384010262787342, -0.0012712245807051659, 0.03431626781821251, 0.01337165106087923, 0.012780225835740566, 0.019170338287949562, -0.004163770470768213, 0.011400233954191208, -0.0010536888148635626, 0.0017402861267328262, -0.005142681300640106, 0.00776330754160881, -0.02682487852871418, -0.0032885288819670677, -0.0007337583228945732, 0.013963076286017895, 0.003939436748623848, -0.002722596051171422, -0.016559910029172897, 0.011196293868124485, 0.010033836588263512, -0.010815606452524662, 0.013786328956484795, 0.010475706309080124, -0.0035009661223739386, -0.010258170776069164, 0.0006636540056206286, -0.001391888945363462, -0.023629821836948395, -0.007199074141681194, -0.0315970703959465, -0.021508848294615746, -0.0312979593873024, 0.012046042829751968, 0.0013867905363440514, 0.0005111240898258984, -0.022854851558804512, 0.1870807558298111, 0.007450599689036608, 0.018245812505483627, 0.03842225298285484, -0.009211279451847076, 0.022922830656170845, -0.015268291346728802, -0.010836000554263592, -0.05704875290393829, 0.019333491101861, 0.011237082071602345, -0.00893936026841402, -0.01486041210591793, 0.011461415328085423, -0.017470840364694595, -0.002197451191022992, -0.023425882682204247, -0.00778370164334774, -0.01631518267095089, 0.00740301376208663, 0.028170881792902946, -0.00892576389014721, 0.0016298186965286732, -0.03121638111770153, 0.031189190223813057, -0.01573055423796177, 0.020856240764260292, -0.010448514483869076, 0.003155968151986599, -0.009231673553586006, -0.033310163766145706, -0.011515798978507519, -0.006230360362678766, 0.006573658902198076, -0.01781073957681656, -0.007810893468558788, 0.014792432077229023, -0.002420085249468684, 1.2520521522674244e-05, 0.0013978371862322092, -0.017633993178606033, -0.014928391203284264, 0.003128776093944907, 0.0024863658472895622, -0.014167016372084618, -0.025669218972325325, 0.002901043277233839, -0.0030098112765699625, 0.024989420548081398, 0.03486010432243347, -0.01323569193482399, -0.019265510141849518, 0.01956462301313877, 0.02262371964752674, 0.0017572810174897313, -0.01110112201422453, 0.025859564542770386, -0.0009355737129226327, -0.00485376687720418, 0.028225265443325043, -0.02430962212383747, 0.016342373564839363, 0.008606258779764175, 0.014466128312051296, -0.01941506750881672, 0.03404434770345688, -0.013867904432117939, -0.02568281628191471, -0.005006721708923578, 0.009700735099613667, 0.019347086548805237, -0.042501050978899, 0.020108461380004883, 0.010536888614296913, 0.006237158086150885, -0.011536193080246449, 0.022419778630137444, -0.0021685597021132708, 0.016641486436128616, 0.02694724313914776, -0.010781615972518921, -0.023208346217870712, -0.01949664205312729, 0.005190267227590084, -0.02004048228263855, 0.0035349561367183924, 0.0032749329693615437, 0.010149402543902397, -0.017008576542139053, 0.0016960991779342294, -0.02120973728597164, -0.015594595111906528, -0.02227022312581539, -0.008082813583314419, 0.01745724491775036, 0.007613751571625471, 0.01347362156957388, 0.008558672852814198, -0.001687601674348116, -0.003193357028067112, -0.03980904445052147, 0.04130460321903229, 0.009014138020575047, 0.008762612007558346, -0.010849596001207829, -0.014887603931128979, -0.006124991457909346, 0.014343764632940292, 0.009734725579619408, -0.014887603931128979, 0.00508829765021801, -0.037552110850811005, -0.0025050602853298187, -0.008973349817097187, -0.002958826255053282, 0.020108461380004883, -0.0225149504840374, -0.02066589705646038, -0.0014683663612231612, -0.0070903063751757145, 0.028714720159769058, -0.02827964909374714, -0.024228045716881752, -0.0006942449836060405, -0.00968713965266943, -0.011597375385463238, -0.004150174558162689, 0.005040711257606745, 0.015241099521517754, -0.011576981283724308, 0.019972501322627068, -0.04516586288809776, 0.013310469686985016, -0.02659374661743641, -0.021617615595459938, 0.002488065278157592, 0.02297721430659294, -0.012494710274040699, -0.0041807652451097965, -0.0038476637564599514, 0.016016069799661636, 0.0026580151170492172, 0.01462928019464016, -0.01131185982376337, -0.013765934854745865, -0.046416692435741425, 0.02360263094305992, -0.02309957891702652, 0.009591967798769474, -0.012719044461846352, -0.029312944039702415, -0.029938358813524246, 0.03295666724443436, -0.007348630111664534, 0.017430052161216736, -0.028252456337213516, 0.002692005131393671, -0.03273913264274597, 0.016913404688239098, -0.0024081887677311897, -0.02509818784892559, 0.02172638475894928, 0.010006644763052464, -0.013711551204323769, -0.009802705608308315, -0.0013477019965648651, -0.17065680027008057, 0.019333491101861, 0.011814910918474197, -0.027287142351269722, 0.01129826344549656, 0.016410354524850845, 0.03388119488954544, -0.002212746534496546, -0.01106033381074667, -0.010190190747380257, 0.028578760102391243, -0.0030862886924296618, -0.01486041210591793, -0.0014666669303551316, -0.023153962567448616, -0.004829973913729191, -0.01055048406124115, 0.017783548682928085, 0.03972746804356575, 0.05791889503598213, 0.028578760102391243, -0.036654774099588394, 0.0034975672606378794, -0.01033294852823019, 0.02086983621120453, 0.022759679704904556, 0.0050984942354261875, 0.019047975540161133, -0.02180795930325985, -0.01248791255056858, -0.005791889503598213, 9.904887701850384e-05, 0.012583084404468536, 0.0017045966815203428, 0.008395520970225334, -0.0005073001957498491, -0.025995522737503052, 0.006257552187889814, -0.010380534455180168, 0.0053296261467039585, 0.005207262467592955, 0.014194208197295666, -0.005339823197573423, -0.0063731181435287, 0.03165145218372345, 0.03929239511489868, 0.020720280706882477, 0.006709618493914604, 0.008477096445858479, -0.010747626423835754, 0.005180070176720619, -0.007640943396836519, -0.022365394979715347, 0.0034941681660711765, 0.00849069282412529, -0.014941987581551075, 0.008368329145014286, 0.02478548139333725, -0.020815452560782433, -0.010985556058585644, 0.024064892902970314, -0.00992506928741932, 0.0004452685243450105, 0.010020241141319275, -0.02176717296242714, 0.026920050382614136, -0.024323217570781708, 0.002935033291578293, -0.053432222455739975, 0.021971112117171288, -0.026988031342625618, -0.015091543085873127, -0.0030064121820032597, -0.00866744015365839, -0.012107225134968758, 0.006240556947886944, -0.03877574950456619, 0.004731402732431889, 0.006655234843492508, -0.01823221519589424, -0.00844990462064743, 0.030019935220479965, -0.017266901209950447, 0.026566555723547935, 0.01835457980632782, 0.0024795678909868, 0.006386714056134224, -0.00034733492066152394, 0.027667829766869545, -0.003942835610359907, 0.010237776674330235, -0.026716111227869987, 0.01341243926435709, -0.0007804945344105363, 0.01041452493518591, 0.02153604105114937, 0.0073962160386145115, 0.014384551905095577, 0.03475133702158928, -0.025913948193192482, -0.013895097188651562, -0.01639675721526146, -0.013963076286017895, 0.00798084307461977, 0.004384705331176519, 0.017348477616906166, 0.009333644062280655, -0.023425882682204247, 0.03662758320569992, -0.0003842990263365209, -0.02988397516310215, -0.0033089229837059975, -0.008783006109297276, 0.030183086171746254, 0.0005013519548811018, 0.005778293590992689, 0.01250830665230751, 0.0043609123677015305, 0.035512711852788925, -0.01129826344549656, 0.04742279648780823, -0.0014505216386169195, -0.0008136347169056535, 0.0110807279124856, 0.007593357469886541, 0.016886213794350624, -0.06689224392175674, -0.032766323536634445, 0.010462110862135887, 0.018408963456749916, -0.01698138564825058, -0.016886213794350624, -0.021943919360637665, 0.024894248694181442, -0.03434345871210098, 0.03804156556725502, -0.0049217464402318, -0.03295666724443436, 0.011005950160324574, 0.02784457802772522, 0.018096257001161575, 0.0014743146020919085, -0.014928391203284264, -0.014561300165951252, 0.012970569543540478, 0.020013289526104927, 0.0041297804564237595, -0.021576829254627228, 0.02561483532190323, 0.01675025373697281, -0.0098434928804636, 0.005319429095834494, -0.003159367013722658, 0.005462186876684427, 0.021032989025115967, 0.01013580709695816, 0.012283972464501858, 0.0033769027795642614, 0.024255236610770226, -0.014384551905095577, -0.013330863788723946, -0.017117345705628395, -0.04184844344854355, -0.009571573697030544, 0.024486368522047997, -0.030618159100413322, 0.004102588631212711, 0.015064351260662079, -0.005737505853176117, 0.01675025373697281, -0.007001932244747877, -0.01409903634339571, 0.0016697569517418742, 0.030019935220479965, 0.0019952107686549425, -0.02070668525993824, -0.02008127048611641, 0.002508459147065878, -0.01088358648121357, -0.021875940263271332, 0.038259103894233704, 0.03972746804356575, 0.01431657187640667, 0.012120820581912994, -0.024595137685537338, -0.008823794312775135, -0.014738047495484352, 0.0017691776156425476, -0.014710855670273304, 0.03078131005167961, 0.005717111751437187, 0.01658710092306137, -0.012188800610601902, -0.007899267598986626, -0.013228893280029297, -0.006277946289628744, -0.025981927290558815, 0.02137288823723793, -0.034996066242456436, -0.013358055613934994, -0.01577134244143963, 0.027817385271191597, 0.014738047495484352, -0.01272584218531847, 0.014724452048540115, -0.023303518071770668, -0.003096485510468483, -0.011026344262063503, 0.0028619549702852964, -0.0055233691819012165, 0.03398996219038963, -2.3726586732664146e-05, 0.025845967233181, 0.010502898134291172, -0.005091696511954069, -0.03673635050654411, 0.004646427929401398, -0.0031950564589351416, 0.0005723059875890613, -0.03608374297618866, -0.01921112649142742, 0.014778835698962212, -0.00742340786382556, -0.0038068757858127356, -0.024418389424681664, -0.01647833362221718, 0.002292623044922948, 0.01221599243581295, -0.0552268922328949, 0.024092085659503937, 0.01270544808357954, -0.022637315094470978, 0.0007188877207227051, -0.011087525635957718, 0.005700116977095604, -0.010815606452524662, 0.021318504586815834, 0.024404793977737427, -0.050577063113451004, -0.004384705331176519, -0.017538821324706078, -0.008517884649336338, -0.04070638120174408, -0.012984165921807289, -0.00271579809486866, 0.01893920637667179, 0.02717837505042553, 0.014574895612895489, -0.01088358648121357, -0.024296024814248085, 0.013725146651268005, 0.0035009661223739386, -0.01588010974228382, 0.005815682467073202, 0.014003864489495754, 0.02568281628191471, -0.010740827769041061, -0.025356512516736984, 0.010869990102946758, -0.007736115716397762, 0.0060400161892175674, 0.007688529789447784, 0.0211009681224823, -0.0002260332548758015, -0.0032426423858851194, 0.04054322838783264, 0.030101511627435684, -0.005149479489773512, -0.02580517902970314, -0.0450299009680748, -0.0034295872319489717, -0.02819807268679142, -0.0065872548148036, -0.007464195601642132, -0.003868057858198881, 0.00776330754160881, 0.006012824364006519, -0.0045104678720235825, 0.053976062685251236, 0.010448514483869076, -0.00047288535279221833, -0.03219529241323471, -0.01029216032475233, -0.040053773671388626, -0.0012023949529975653, 0.01135264802724123, 0.029639247804880142, 0.00707671046257019, 0.04897273704409599, 0.004456084221601486, 0.007335033733397722, -0.00028402861789800227, 0.020366786047816277, -0.010978758335113525, -0.02337149903178215, -0.008286752738058567, 0.011706143617630005, -0.011366243474185467, 0.000998455099761486, -0.003568946151062846, 0.0170629620552063, 0.02047555334866047, 0.025166168808937073, 0.001193047733977437, 0.007457397878170013, -0.0016723062144592404, 0.006288143340498209, -0.01035334262996912, 0.002955427160486579, -0.016111241653561592, -0.019863734021782875, 0.007355427835136652, 0.01815064065158367, 0.01615202985703945, -0.025777988135814667, 0.04938061907887459, -0.020026886835694313, 0.017933104187250137, -0.004782387986779213, 0.013595985248684883, -0.038095951080322266, 0.017661184072494507, -0.005020317621529102, 0.02384735830128193, -0.008456702344119549, 0.006339128129184246, 0.0005523369181901217, 0.019265510141849518, 0.009836695156991482, 0.019088763743638992, -0.0053296261467039585, 0.0030404021963477135, -0.031624261289834976, 0.004160371609032154, -0.01245392207056284, -0.016641486436128616, -0.0034227892756462097, 0.028361225500702858, 0.004320124164223671, -0.014071844518184662, -0.02576439268887043, 0.01029216032475233, -0.014955583959817886, -0.0014539206167683005, -0.0025560453068464994, 0.003162766108289361, -0.033119820058345795, 0.023249134421348572, 0.011712941341102123, 0.0058666677214205265, 0.040216922760009766, 0.004347316455096006, 0.051691934466362, 0.015580998733639717, 0.002338509541004896, 0.004751796834170818, 0.0037660878151655197, 0.028796296566724777, -0.012345154769718647, -0.01013580709695816, -0.009020935744047165, -0.023629821836948395, 0.0008276556036435068, -0.009292855858802795, 0.02314036712050438, 0.038884516805410385, -0.036219704896211624, 0.0793461725115776, 0.0006109695532359183, 0.025465279817581177, 0.001216840697452426, -0.017321284860372543, -0.0056355358101427555, 0.003939436748623848, -0.0018439554842188954, -0.018096257001161575, -0.03290228545665741, 0.016763849183917046, -0.018612904474139214, 0.014085440896451473, -0.04059761017560959, 0.014982775785028934, -0.004119583405554295, -4.2593670514179394e-05, 0.045900046825408936, 0.015417846851050854, -0.0025152573361992836, 0.024758288636803627, 0.025981927290558815, 0.023833760991692543, 0.01219559833407402, 0.010183393023908138, -0.007844883017241955, 0.0006717266514897346, -0.014574895612895489, -0.017579609528183937, -0.006169178057461977, 0.009299653582274914, 0.02270529605448246, -0.017280496656894684, -0.011808113195002079, -0.005217459052801132, -0.013568793423473835, -0.011658557690680027, -0.021264120936393738, 0.005231055431067944, -0.022936426103115082, 0.020570725202560425, 0.034832913428545, -0.020856240764260292, -0.016573505476117134, -0.030890077352523804, -0.0362468957901001, -0.012358750216662884, -0.01321529783308506, -0.008137197233736515]","[-0.027448292821645737, 0.01884782686829567, 0.0006659729988314211, 0.0005564437597058713, -0.011725347489118576, 0.015948161482810974, -0.006513691041618586, -0.012591023929417133, -0.003404643852263689, -0.03290979936718941, 0.0053840880282223225, 0.011936487630009651, -0.024379713460803032, 0.006218093913048506, -0.010838556103408337, -0.00080673344200477, -0.0021641922648996115, 0.03541533648967743, 0.0032902760431170464, -0.0023295858409255743, -0.021564504131674767, 0.020565105602145195, 0.010690758004784584, 0.0010125956032425165, -0.005718394182622433, 0.011662005446851254, -0.00641515851020813, -0.023605531081557274, 0.023661835119128227, 0.003517252393066883, 0.04217183589935303, -0.032515667378902435, -0.011443826369941235, -0.04174955561757088, -0.012942925095558167, -0.0225498266518116, -0.025533949956297874, -0.01950940117239952, 0.03206523507833481, -0.010169943794608116, 0.01749652624130249, -0.0028767921030521393, 0.012569909915328026, -0.013358168303966522, -0.036034680902957916, 0.03631620109081268, -0.012133552692830563, -0.013266674242913723, -0.021001461893320084, -0.01283031702041626, -0.0028539185877889395, 0.0077559021301567554, -0.03299425542354584, -0.01561033632606268, -0.0012668442213907838, -0.012147628702223301, -0.0040046353824436665, 0.010655567981302738, 0.007368810474872589, 0.002241610549390316, -0.006425715517252684, 0.0012035020627081394, -0.02112814597785473, 0.006950048264116049, -0.010613339953124523, -0.007594027556478977, 0.005500215571373701, -0.008727149106562138, -0.0002573277452029288, -0.005788774229586124, 0.0026867655105888844, 0.009902499616146088, -0.0053840880282223225, 0.021465972065925598, 0.027870573103427887, -0.01901673898100853, -0.011830917559564114, -0.008192259818315506, 0.017397994175553322, -0.022338686510920525, 0.02380259521305561, -0.022521674633026123, -0.03088284656405449, -0.0008331260178238153, -0.005419278051704168, -0.011070811189711094, 0.0029348558746278286, 0.04287564009428024, -0.0005872350884601474, -0.017566906288266182, 0.034964900463819504, 0.014751697890460491, 0.003513733157888055, -0.013484853319823742, 0.023675911128520966, 0.0035436449106782675, -0.0023313453420996666, 0.04743627831339836, 0.005707837175577879, -0.033782511949539185, -0.017806200310587883, 0.00042162160389125347, -0.028827745467424393, -0.004852717276662588, -0.027363834902644157, 0.019453097134828568, 0.024675311520695686, 0.01876337081193924, -0.01426607370376587, 2.2777354388381355e-05, -0.00891717616468668, 0.034880444407463074, -0.005299631971865892, -0.02515389584004879, -0.0013803323963657022, 0.023253630846738815, 0.009578750468790531, -0.014751697890460491, -0.017299462109804153, -0.03572500869631767, 0.003409922355785966, 0.032093387097120285, 0.007396962959319353, -0.0008863511029630899, 0.02405596524477005, -0.0035313284024596214, -0.017482450231909752, -0.012267274782061577, -0.013154066167771816, 0.011049697175621986, 0.06683307141065598, 0.026800794526934624, 0.0077559021301567554, 0.01380156446248293, -0.01993168331682682, 0.04808377847075462, -0.0227891206741333, 0.011957601644098759, -0.037301525473594666, -0.010768176056444645, 0.02330993488430977, 0.005155352409929037, -0.006700198631733656, -0.0014366365503519773, 0.024689387530088425, 0.007643293589353561, 0.006928934250026941, 0.018566306680440903, 0.00014109037874732167, -0.013766374439001083, -0.00011887661821674556, 0.002160673262551427, 0.008607503026723862, -0.011887221597135067, -0.0010187538573518395, 0.014822077937424183, -0.010704834014177322, 0.00286975409835577, 0.004553601145744324, -0.017369842156767845, 0.022268306463956833, 0.03164295479655266, 0.0012061413144692779, -0.02202901430428028, 0.03575316071510315, 0.024013737216591835, -0.0038216467946767807, 0.0018580382457002997, 0.003225174266844988, -0.00879049114882946, -0.007917776703834534, 0.046901389956474304, -0.03662587329745293, 0.025857698172330856, 0.005823964718729258, -0.0010389882372692227, 0.009529483504593372, -0.00824856385588646, -0.002753626788035035, -0.012865507043898106, -0.0170601699501276, 0.017017941921949387, 0.010120677761733532, 0.0002024531422648579, -0.010331818833947182, 0.012351731769740582, 0.008079650811851025, 0.010036221705377102, 0.032008931040763855, 0.008438589982688427, -0.002880311105400324, 0.018200328573584557, 0.011633853428065777, -0.005820445716381073, -0.6148417592048645, -0.01563848927617073, -0.008375247940421104, -0.00967024452984333, 0.007115441840142012, 0.022057166323065758, -0.0017287145601585507, 0.003416960360482335, -0.016722343862056732, 0.0031248824670910835, -0.019213804975152016, 0.01476577389985323, -0.007140074856579304, -0.03206523507833481, 0.014948762021958828, -0.02902480959892273, 0.022099394351243973, -0.02841953933238983, -0.00611956138163805, 0.025421341881155968, -0.025111667811870575, 0.018200328573584557, -0.012513605877757072, -0.038399457931518555, 1.568434527143836e-05, -0.02314102090895176, -0.006883187219500542, -0.016131149604916573, 0.002253927057608962, 0.02944708988070488, -0.021508200094103813, 0.00390258408151567, 0.01798918843269348, -0.00176126544829458, 0.046056825667619705, -0.017876580357551575, -0.0331631675362587, 0.0037055194843560457, -0.01034589484333992, 0.0168208759278059, -0.02657557651400566, -0.021325211971998215, -0.0030263501685112715, -0.016018541529774666, 0.01417457964271307, -0.010303666815161705, 0.0027870573103427887, 0.004789375234395266, 0.008938290178775787, 0.004880869295448065, -0.0011735904263332486, -0.005602266639471054, -0.003702000482007861, 0.012429149821400642, 0.04273488000035286, 0.0002881191030610353, 0.03181186690926552, -0.02995382808148861, -0.010775214061141014, 0.0029894004110246897, -0.017440222203731537, -0.0017093599308282137, -0.0204384196549654, -0.003010514657944441, -0.004296713508665562, 0.02028358355164528, -0.00454304413869977, -0.013836754485964775, 0.005781736224889755, -0.029306329786777496, 0.006446829531341791, 0.01043738890439272, -0.027391986921429634, 0.015202131122350693, -0.01261213794350624, 0.04166509956121445, 0.028377311304211617, -0.0005498455720953643, -0.008150030858814716, -0.0026374992448836565, 0.01808772049844265, -0.01224616076797247, -0.022268306463956833, -0.01367487944662571, 0.0472673662006855, -0.016891255974769592, -0.023084716871380806, 0.00997287966310978, -0.028743287548422813, -0.005718394182622433, 0.01404789462685585, 0.016018541529774666, -0.013759336434304714, -0.009283153340220451, -0.010993393138051033, -0.019720541313290596, 0.01455463282763958, -0.0033782513346523046, -0.00080673344200477, -0.017355766147375107, -0.01858038268983364, 0.022352762520313263, 0.017862504348158836, 0.003994078375399113, 0.012492491863667965, -0.0006430994253605604, -0.02028358355164528, 0.008318943902850151, 0.05391126126050949, -0.02995382808148861, -0.014610936865210533, -0.015413271263241768, 0.004887907300144434, 0.033022407442331314, -0.01565256528556347, -0.04065162315964699, 0.017707668244838715, 0.02488645166158676, 0.014132351614534855, 0.0006664128741249442, -0.01417457964271307, 0.02414042130112648, -0.004286156501621008, -0.014280149713158607, 0.008051498793065548, -0.0008296070154756308, -0.0010046778479591012, 0.002655094489455223, -0.01178165152668953, -0.005475582554936409, 0.008783453144133091, 0.003983521368354559, 0.031108064576983452, -0.003367694327607751, 0.016173377633094788, 0.01156347244977951, -0.006823363713920116, -0.0033483398146927357, 0.00861454103142023, -0.013843792490661144, -0.01409012358635664, 0.03355729579925537, -0.006510172039270401, -0.00816410779953003, 0.0007741826120764017, -0.01312591414898634, 0.009473179467022419, -0.020663637667894363, -0.0029014251194894314, 0.007530685048550367, 0.00599639629945159, -0.00920573528856039, -0.02573101408779621, 0.01282327901571989, -0.002370054367929697, -0.013921210542321205, 0.0096772825345397, -0.014610936865210533, 0.020156899467110634, -0.028208399191498756, 0.01918565295636654, 0.00929019134491682, -0.039919670671224594, -0.022662436589598656, -0.009226849302649498, 0.0011551156640052795, -0.007854434661567211, 0.008438589982688427, -0.01185906957834959, -0.014012704603374004, 0.010078449733555317, 0.002639258746057749, 0.010557034984230995, -0.0102192098274827, 0.0102192098274827, 0.019959835335612297, -0.025013135746121407, -0.004518411122262478, 0.018805598840117455, -0.0025090554263442755, -0.005204618442803621, 0.02321140095591545, -0.01825663261115551, 0.007833320647478104, 0.009536521509289742, 0.003086173441261053, 0.010296628810465336, -0.012935887090861797, -0.014540556818246841, 0.027631280943751335, -0.0095857884734869, 0.011683119460940361, -0.03437370806932449, -0.015680717304348946, -0.005215175449848175, 0.006855035200715065, -0.008382285945117474, 0.010648529976606369, 0.005232770461589098, 0.025210199877619743, 0.03502120450139046, 0.028743287548422813, 0.03383881598711014, -0.013907134532928467, 0.002092052483931184, -0.014653164893388748, -0.001490301452577114, -0.013048496097326279, 0.014976914040744305, 0.03997597470879555, 0.0009026265470311046, -0.0069183772429823875, -0.035865768790245056, -0.011802765540778637, 0.030911000445485115, 0.010162905789911747, -0.031840018928050995, 0.017876580357551575, 0.02363368310034275, 0.010015107691287994, -0.010303666815161705, 0.014948762021958828, 0.02591400220990181, -0.005141276400536299, -0.012781050987541676, 0.002005836693570018, 0.014181617647409439, 0.0003818127734120935, -0.0026603729929775, -0.009642092511057854, -0.026885250583291054, -0.010507768951356411, 0.005278517492115498, 0.011605700477957726, 0.022057166323065758, 0.04439585283398628, 0.025773242115974426, 0.0036597722209990025, 0.042763032019138336, -0.022845424711704254, -0.016300061717629433, 0.016440823674201965, -0.005648014135658741, -0.0032163767609745264, 0.010015107691287994, -0.006038624327629805, 0.018524078652262688, 0.03313501551747322, 0.005095528904348612, 0.014737620949745178, -0.012020944617688656, -0.023619607090950012, -0.028813669458031654, -0.02430933341383934, -0.009395761415362358, 0.007133036851882935, -0.004187623970210552, -0.00375478551723063, 0.0323186032474041, 0.012682518921792507, 0.009473179467022419, -0.016975712031126022, 0.041608795523643494, 0.001822848105803132, 0.010458502918481827, 0.015258435159921646, -0.008698997087776661, -0.005735989194363356, -0.0074110389687120914, 0.010754100047051907, -0.01925603300333023, -0.0366540253162384, 0.017609134316444397, -0.03186817094683647, 0.01942494511604309, 0.00406093942001462, 0.023183248937129974, 0.009902499616146088, 0.04048271104693413, -0.005303150974214077, -0.00795296672731638, -0.011809803545475006, 0.03901880234479904, 0.025759166106581688, -0.005345379002392292, -0.0270119346678257, -0.013681917451322079, -0.0005670007667504251, -0.013773412443697453, 0.04569084942340851, 0.019537553191184998, 0.010395160876214504, 0.02221200242638588, 0.011436788365244865, 0.003645696211606264, 0.008283753879368305, 0.01732761412858963, 0.003842760808765888, -0.022366838529706, -0.003927217330783606, 0.004082053899765015, 0.020579181611537933, -0.020649561658501625, 0.014793925918638706, 0.016680115833878517, 0.02128298394382, -0.0050216298550367355, -0.00815706979483366, 0.03155849874019623, -0.01342151127755642, 0.005387607030570507, -0.009747662581503391, -0.010275514796376228, -0.013569309376180172, -0.005028667859733105, -0.004817527253180742, -0.00217826827429235, -0.00984619464725256, 0.002370054367929697, 0.005626899655908346, -0.020663637667894363, -0.013625613413751125, -0.006327182985842228, -0.0012941166060045362, 0.023014336824417114, 0.028560299426317215, -0.0289403535425663, -0.012640289962291718, -0.006995795294642448, 0.005866192746907473, -0.033444687724113464, -0.033444687724113464, 0.02245129458606243, 0.0032163767609745264, 0.0010548237478360534, -0.017313538119196892, 0.025041287764906883, 0.0075377230532467365, 0.008853834122419357, -0.0004728672211058438, 0.0059013827703893185, -0.024379713460803032, 0.02381667122244835, -0.03071393445134163, -0.02415449731051922, 0.027969105169177055, -0.032177843153476715, -0.010022145695984364, 0.02380259521305561, 0.007713673636317253, -0.0132948262616992, -0.03403588384389877, -0.005433354061096907, -0.016187453642487526, -0.01589185744524002, 0.04104575514793396, 0.008283753879368305, 0.010106601752340794, 0.0013266674941405654, 0.024464169517159462, 0.004367093555629253, 0.017524678260087967, 0.021142221987247467, 0.002382370876148343, 0.0012694834731519222, -0.011662005446851254, -0.003920179326087236, 0.0038075707852840424, -0.0014313580468297005, -0.018622610718011856, -0.05230659246444702, -0.0031020089518278837, 0.00044845405500382185, 0.004947730805724859, 0.019706465303897858, 0.00420873798429966, -0.024098193272948265, -0.014962838031351566, -0.019115272909402847, 0.014216807670891285, -0.03355729579925537, -0.007551799528300762, -0.038399457931518555, -0.003416960360482335, -0.029925676062703133, -0.020058367401361465, -0.011422712355852127, 0.002018153201788664, -0.000849841337185353, -0.02153635211288929, -0.03397957608103752, 0.004743627738207579, -0.02775796502828598, 0.007013390306383371, 0.0191715769469738, -0.013322978280484676, -0.019410869106650352, 0.010395160876214504, 0.02902480959892273, 0.004599348641932011, 0.00507089588791132, -0.014653164893388748, -0.009276115335524082, 0.0327971912920475, 0.009008670225739479, -0.0336417518556118, 0.009740624576807022, -0.0011656726710498333, 0.004110205918550491, -0.013280750252306461, 0.015554032288491726, -3.422788722673431e-05, 0.000985323335044086, 0.023028412833809853, 0.02347884699702263, 0.025196123868227005, -0.010359970852732658, -0.01942494511604309, 0.01582147739827633, -0.004472664091736078, -0.016961636021733284, 0.027194922789931297, -0.014512404799461365, 0.00016517360927537084, 0.008150030858814716, -0.012203932739794254, -0.007467343006283045, 0.0025970307178795338, -0.013308902271091938, 0.020677713677287102, 0.010388122871518135, 0.010831518098711967, -0.011852031573653221, -0.004187623970210552, 0.016609735786914825, -0.012400997802615166, 0.0027624242939054966, 0.007791092153638601, -0.006619261112064123, 0.02221200242638588, 0.002069178968667984, 0.015159903094172478, 0.007326582446694374, -0.020382115617394447, 0.006946529261767864, -0.036794789135456085, -0.0007601065444760025, -0.0045465631410479546, -0.01501914206892252, 0.004585272166877985, 0.01884782686829567, -0.04752073436975479, 0.001454231678508222, 0.0003835722745861858, -0.018974510952830315, -0.006372930482029915, -0.03161480277776718, 0.0015958718722686172, -0.03443001210689545, -0.00469084270298481, -0.01749652624130249, 0.035218268632888794, 0.024759767577052116, -0.021156297996640205, -0.03198077902197838, 0.008565274998545647, -0.00513423839583993, -0.00043085901415906847, 0.006383487489074469, -0.028574375435709953, -0.0026744490023702383, 0.018017340451478958, 0.006552400067448616, 0.014681316912174225, -0.007298430427908897, 0.03229045122861862, -0.011760537512600422, 0.0038075707852840424, 0.009262039326131344, -0.0077559021301567554, -0.01732761412858963, 0.013407435268163681, -0.0038885080721229315, 0.024773843586444855, 0.05945722386240959, -0.01698978804051876, 0.011450864374637604, -0.008283753879368305, 0.00870603509247303, 0.009993993677198887, 0.0030632996931672096, -0.014484252780675888, -0.013491891324520111, -0.0038709130603820086, 0.0044621070846915245, -0.008924214169383049, 0.04549378529191017, -0.027026010677218437, 0.01901673898100853, -0.0027553862892091274, -0.01380156446248293, 0.002019912702962756, -0.020719941705465317, -0.02515389584004879, 0.036879245191812515, 0.009346495382487774, -0.006253283936530352, 0.02287357673048973, -0.026702260598540306, -0.002845121081918478, 0.012379883788526058, -0.006752983666956425, 0.0016222643898800015, 0.006654451135545969, 0.011908335611224174, 0.0042650424875319, 0.021986786276102066, 0.00368088623508811, 0.01767951436340809, 0.0035542019177228212, -0.025027211755514145, -0.01934048905968666, -0.013928248547017574, 0.005303150974214077, -0.011253799311816692, 0.029418937861919403, -0.0028556780889630318, 0.0062040179036557674, -0.002259205561131239, 0.03324762359261513, -0.0030685781966894865, 0.0034064033534377813, 0.0072632404044270515, -0.020311735570430756, -9.902719466481358e-05, -0.021226679906249046, -0.003052742686122656, -0.0004715475661214441, 0.010500730946660042, -0.010958203114569187, -0.018312936648726463, 0.00794592872262001, 0.006425715517252684, -0.05087083578109741, -0.01590593345463276, -0.024872375652194023, 0.0029823624063283205, 0.014512404799461365, 0.0034081628546118736, 0.024253029376268387, 0.009360571391880512, -0.039075106382369995, 0.02026950754225254, 0.011464940384030342, -0.01589185744524002, 0.02321140095591545, 0.013850830495357513, 0.0069183772429823875, 0.024098193272948265, -0.013069610111415386, 0.0031759082339704037, -0.03426109999418259, -0.018946358934044838, 0.004916059318929911, 0.023788519203662872, -0.011380484327673912, -0.020973309874534607, -0.007530685048550367, -0.028306931257247925, 0.011732385493814945, -0.006144194398075342, -0.009832118637859821, -0.011802765540778637, 0.009093126282095909, -0.0319526270031929, 0.025604330003261566, -0.003385289339348674, 0.03144589066505432, 0.02003021538257599, -0.00045835127821192145, -0.012168742716312408, -0.04065162315964699, 0.0033483398146927357, -0.005419278051704168, -0.005433354061096907, 0.036288049072027206, -0.0010812163818627596, 0.008142992854118347, 0.006439791526645422, 0.024604929611086845, -0.015005066059529781, -0.00656295707449317, 0.001975925173610449, 0.03575316071510315, -0.038483913987874985, 0.018059568479657173, -0.0074110389687120914, 0.02540726587176323, 0.0013187496224418283, 0.013555233366787434, -0.017961036413908005, -0.016187453642487526, -0.007389924954622984, 0.006284954957664013, 0.02228238247334957, 0.02464715950191021, 0.021480048075318336, -0.009064974263310432, -0.0037512665148824453, -0.0011964640580117702, -0.009564674459397793, -0.0002024531422648579, -0.0032058197539299726, 0.003207579255104065, -0.02777204103767872, -0.030263502150774002, -0.0002955969830509275, 0.01476577389985323, 0.013161104172468185, -0.0029155013617128134, 0.03459892421960831, 0.030995456501841545, -0.030911000445485115, -0.0038638750556856394, -0.020677713677287102, -0.01447017677128315, -0.03845576196908951, -0.006569995079189539, -0.002978843403980136, -0.011457902379333973, 0.00824856385588646, -0.006921896245330572, -0.027898725122213364, -0.013921210542321205, 0.0006101086619310081, 0.021494124084711075, 0.017806200310587883, 0.014061971567571163, 0.005183504428714514, -0.006383487489074469, 0.006147713400423527, -0.025716938078403473, -0.00811484083533287, 0.0578807070851326, 0.011676081456243992, -0.0020040771923959255, 0.007713673636317253, -0.006760021671652794, 0.010535920970141888, -0.007182302884757519, -0.007586989551782608, -0.0044621070846915245, -0.0008071733172982931, 0.0005216934951022267, 0.018481850624084473, -0.013245560228824615, -0.022986184805631638, -0.00879752915352583, -0.01969238929450512, -0.01673641987144947, 0.004018711391836405, 0.015554032288491726, -0.00427208049222827, -0.0057289511896669865, -0.022085318341851234, -0.004662690684199333, -0.019565705209970474, 0.022563904523849487, -0.02035396359860897, -0.01582147739827633, -0.01800326444208622, -0.005229251459240913, -0.024337485432624817, -0.0137171084061265, 0.0024527511559426785, 0.004782337229698896, 0.011633853428065777, -0.013731184415519238, -0.016468975692987442, 0.0025213719345629215, -0.012809203006327152, -0.009536521509289742, -0.0032955545466393232, -0.008452665992081165, 0.041777707636356354, 0.020677713677287102, 0.004550082143396139, 0.019973911345005035, -0.014498328790068626, 0.006320144981145859, -0.015835553407669067, -0.005158871412277222, -0.023521075025200844, 0.016384519636631012, 0.0007891383720561862, -0.008551198989152908, -0.007418076973408461, 0.004321346525102854, 0.03240305930376053, 0.004743627738207579, 0.002019912702962756, 0.016792723909020424, -0.00020344287622720003, -0.011556434445083141, -0.031108064576983452, -0.02395743317902088, -0.016708267852663994, 0.009043860249221325, -0.01582147739827633, -0.0264066644012928, -0.007903700694441795, 0.004613424651324749, 0.002106128493323922, 0.02119852788746357, -0.010198095813393593, 0.01767951436340809, -0.017440222203731537, 0.0011040898971259594, -0.007467343006283045, -0.0025653596967458725, -0.024281181395053864, -0.03172741085290909, 0.026054764166474342, 0.0016706509049981833, -0.012879583053290844, 0.04650726169347763, -0.008734187111258507, 0.010606301948428154, -0.007727750111371279, 0.012393959797918797, -0.012513605877757072, 0.012816241011023521, 0.00921277329325676, -0.016384519636631012, -0.03338838368654251, -0.0004904622910544276, 0.0011894259369000793, -0.005429835058748722, 0.0065911090932786465, 0.009916575625538826, -0.010965241119265556, -0.059175703674554825, 0.02516797184944153, 0.0024527511559426785, -0.02498498372733593, -0.03350099176168442, -0.0019548111595213413, 0.017017941921949387, 0.009107202291488647, -0.04296009615063667, 0.006196979898959398, -0.03428925201296806, -0.005764141213148832, 0.011366408318281174, -0.010233285836875439, -0.01649712771177292, 0.004620462656021118, 0.026983782649040222, -0.005267960485070944, -0.0027800193056464195, 0.21012723445892334, -0.0061582704074680805, -5.6249202316394076e-05, 0.0268289465457201, -0.008016308769583702, 0.01063445396721363, -0.006154751405119896, -0.006851515732705593, -0.012006868608295918, 0.041355427354574203, -0.01447017677128315, 0.007685521617531776, 0.007777016144245863, 0.0026181447319686413, -0.004053901415318251, -0.0031248824670910835, -0.0391877144575119, -0.023591455072164536, -0.031840018928050995, -0.02841953933238983, 0.029390785843133926, 0.0031495154835283756, 0.0013143508695065975, -0.016637887805700302, 0.03274088725447655, -8.709554094821215e-05, 0.008269677869975567, 0.0018738737562671304, 0.028123943135142326, -0.015342891216278076, -0.036879245191812515, 0.01195056363940239, 0.01741207018494606, -0.011746461503207684, -0.02330993488430977, -0.012119476683437824, 0.009529483504593372, -0.014132351614534855, 0.0034327961038798094, 0.012548795901238918, 0.009599864482879639, -0.026519272476434708, -0.0061582704074680805, -0.004747146740555763, -0.01396343857049942, 0.01977684535086155, -0.012471377849578857, 0.0011542359134182334, -0.016384519636631012, 0.018284784629940987, -0.026871174573898315, -0.01252768188714981, 0.02171934023499489, 0.012731784954667091, 0.03642880916595459, -0.012872545048594475, 0.03440186008810997, -0.02944708988070488, -0.023014336824417114, 0.013949362561106682, -0.01216170471161604, 0.021550428122282028, -0.02228238247334957, 0.005560038611292839, -0.008839757181704044, 0.0026374992448836565, -0.009867308661341667, 0.005165909416973591, 0.005243327468633652, 0.0028838301077485085, 0.0031882247421890497, -0.007228050380945206, 0.007727750111371279, 0.026899326592683792, -0.02750459685921669, -0.015793325379490852, 0.0027307530399411917, 0.009930651634931564, 0.018129948526620865, 0.01622968167066574, -0.022155698388814926, -0.0033272255677729845, 0.020888853818178177, -0.009437989443540573, -0.02557617798447609, -0.03727337345480919, -0.0031301609706133604, -0.01783435232937336, 0.011535320430994034, -0.001023152726702392, 0.012471377849578857, -0.012928849086165428, -0.009367609396576881, 0.017116473987698555, -0.01572294533252716, -0.002926058368757367, 0.01252768188714981, 0.01632821559906006, 0.003431036602705717, -0.011324180290102959, -0.040848687291145325, 0.01673641987144947, 0.024928679689764977, -0.002204660791903734, -0.01959385722875595, -0.00611956138163805, -0.004001116380095482, 0.01405493263155222, -0.006791692692786455, -0.028391387313604355, -0.04028564691543579, -0.0024034851230680943, -0.007111922837793827, 0.00679521169513464, 0.012027982622385025, -0.012872545048594475, -0.003983521368354559, -0.015666641294956207, -0.005285555496811867, -0.013688955456018448, 0.028546223416924477, -0.038990650326013565, -0.03634435310959816, 0.011296028271317482, -0.008318943902850151, -0.0015140548348426819, -0.025716938078403473, -0.012295426800847054, -0.02204309031367302, -0.055487778037786484, 0.0003719155502039939, 0.011802765540778637, 0.006615742109715939, -0.017862504348158836, -0.000173861175426282, 0.008375247940421104, -0.016046693548560143, -0.019453097134828568, -0.035049356520175934, -0.014751697890460491, 0.022014938294887543, -0.016384519636631012, -0.01690533198416233, -0.013182218186557293, -0.0029753244016319513, -0.028968505561351776, -0.0017647844506427646, -0.01051480695605278, -0.003737190505489707, -0.013442625291645527, -0.004536006134003401, 0.027786117047071457, 0.016680115833878517, -0.001526371343061328, 0.036963701248168945, -0.005028667859733105, -0.008424513973295689, -0.04481813311576843, 0.0029295773711055517, 0.007502533029764891, -0.03668217733502388, -0.009860270656645298, 0.02219792641699314, -0.013900096528232098, -0.03375435993075371, -0.03493674844503403, -0.18163731694221497, -0.002646296750754118, 0.007460305001586676, -0.03516196459531784, 0.033951424062252045, 0.01311887614428997, 0.010458502918481827, -0.0015043775783851743, -0.008016308769583702, -0.014442024752497673, 0.002911982359364629, -0.005465025082230568, -0.016201529651880264, -0.008199297823011875, -0.012957001104950905, -0.03507750853896141, -0.0403982549905777, -0.017538754269480705, 0.059682440012693405, 0.024506397545337677, 0.01883375085890293, 0.007094327826052904, 0.025590253993868828, -0.01110600121319294, 0.004180585965514183, 0.014230883680284023, 0.01215466670691967, 0.032853495329618454, 0.024112269282341003, -0.011873145587742329, -0.035865768790245056, -0.019298261031508446, -5.457217412185855e-05, -0.010043259710073471, 0.019889455288648605, -0.004898464307188988, 0.004901983309537172, -0.01043738890439272, -0.023422542959451675, 0.006464424543082714, -0.002197622787207365, 0.008100764825940132, 0.004852717276662588, -0.016933484002947807, 0.005619861651211977, 0.03203708305954933, 0.02515389584004879, -0.024365637451410294, 0.014920610003173351, -0.004852717276662588, 0.01140159834176302, -0.04129912331700325, -0.026716336607933044, -0.010838556103408337, 0.02853214740753174, 0.022352762520313263, -0.013147028163075447, 0.033782511949539185, -0.02062140963971615, 0.007988156750798225, 0.0038322038017213345, -0.02111406996846199, -0.004426917061209679, 0.007720711641013622, -0.0280957892537117, 0.005954167805612087, -0.025280579924583435, 0.013836754485964775, -0.02749052084982395, 0.020311735570430756, -0.02003021538257599, -0.035950224846601486, 0.02390112727880478, -0.007104884833097458, 0.014076047576963902, 0.006133637391030788, -0.00651721004396677, 0.03397957608103752, 0.012520643882453442, -0.02398558519780636, -0.01131714228540659, 0.0323186032474041, -0.003846279811114073, 0.025294655933976173, -0.0019125828985124826, 0.023436618968844414, 0.005352417007088661, -0.006214574910700321, 0.024450093507766724, -0.024844223633408546, 0.0310517605394125, -0.029644155874848366, -0.0036316202022135258, -0.006422196514904499, 0.008811605162918568, 0.0172431580722332, 0.025857698172330856, -0.011612738482654095, 0.0029524508863687515, -0.021001461893320084, 0.008459703996777534, -0.021212603896856308, -0.01976276934146881, 0.0021465972531586885, 0.016975712031126022, 0.023521075025200844, -0.0008084929431788623, 0.023872975260019302, 0.03172741085290909, 0.0033536183182150126, -0.05095529183745384, 0.008973480202257633, 0.02036803960800171, 0.042509663850069046, 0.003242769278585911, 0.02221200242638588, -7.648352038813755e-05, -0.012598061934113503, -0.008199297823011875, 0.025632482022047043, 0.06396155804395676, 0.01261213794350624, -0.016891255974769592, -0.01751060225069523, -0.012288388796150684, 0.030854694545269012, -0.05368604511022568, -0.04332607239484787, 0.0006950048264116049, 0.030235350131988525, -0.006189941894263029, 0.018017340451478958, -0.013090724125504494, -0.00899459421634674, -0.0059260157868266106, 0.014667240902781487, -0.011162305250763893, -0.04332607239484787, -0.01064149197191, 0.011007469147443771, 0.014779849909245968, 0.00464509567245841, -0.031023608520627022, -0.0013196293730288744, -0.015920009464025497, 0.018861902877688408, 0.005123681388795376, -0.0016636127838864923, -0.012344693765044212, -0.016117073595523834, -0.042425207793712616, -9.143932402366772e-05, -0.017637286335229874, -0.01371007040143013, 0.015877781435847282, 0.003189984243363142, 0.011683119460940361, 0.0053418600000441074, 0.02263428457081318, 0.003775899764150381, -0.0009527724469080567, -0.008691959083080292, -0.030601326376199722, -0.0041594719514250755, 0.00937464740127325, -0.01758098229765892, 0.005208137445151806, -0.011162305250763893, -0.0027993738185614347, -0.010212171822786331, 0.0005423676921054721, -0.011556434445083141, -0.015244359150528908, 0.03144589066505432, 0.012400997802615166, -0.007833320647478104, -0.021592656150460243, 0.006682603619992733, 0.007713673636317253, -0.02513981983065605, 0.02102961391210556, 0.015511804260313511, 0.005954167805612087, 0.03262827917933464, -0.03144589066505432, -0.00849489402025938, 0.003564758924767375, -0.016131149604916573, -0.014484252780675888, 0.023098792880773544, 0.013604499399662018, 0.0036773672327399254, 0.01673641987144947, -0.006777616683393717, -0.0017876579659059644, -0.0012976356083527207, -0.022366838529706, 0.0210436899214983, -0.01291477307677269, 0.0009598104516044259, -0.008192259818315506, 0.000344863161444664, -0.004894945304840803, -0.0007552679162472486, 0.011922411620616913, 0.024295257404446602, -0.03290979936718941, 0.0003345260629430413, -0.014322377741336823, 0.008762339130043983, 0.007854434661567211, 0.021465972065925598, -0.0020480649545788765, 0.027293454855680466, 0.013907134532928467, -0.0170038640499115, 0.0019125828985124826, 0.02633628435432911, 0.03046056628227234, -0.024520473554730415, -0.021311135962605476, 0.017116473987698555, 0.005130719393491745, 0.03237490728497505, 0.008677883073687553, 0.011535320430994034, -0.0438891164958477, -0.016595659777522087, -0.06711459159851074, 0.022085318341851234, -0.025519873946905136, -0.0210436899214983, -0.006615742109715939, -0.014484252780675888, -0.010233285836875439, 0.007889624685049057, 0.0047365897335112095, 0.028799591585993767, -0.025885850191116333, 0.00983915664255619, -0.019664237275719643, -0.0029225393664091825, 0.013998628593981266, -0.003577075432986021, 0.006900782231241465, -0.012020944617688656, -0.005095528904348612, -0.02667410857975483, -0.01157051045447588, -0.010782252065837383, 0.009416875429451466, 0.022240154445171356, -0.0042896755039691925, -0.0319526270031929, -0.016102997586131096, -0.008762339130043983, -0.008016308769583702, 0.0065031335689127445, -0.0003380450652912259, -0.030488718301057816, -0.004669728688895702, 0.03893434628844261, 0.003460948122665286, -0.013597461394965649, -0.00019453537242952734, 0.015497728250920773, 0.011732385493814945, -0.0033835298381745815, 0.005077933892607689, -0.011605700477957726, 0.016370443627238274, -0.00780516816303134, -0.009789890609681606, -0.014526480808854103, -0.0005010192980989814, -0.000634301861282438, -0.009564674459397793, 0.010451464913785458, 0.02632220834493637, 0.02625182829797268, -4.7781581088202074e-05, -0.031502194702625275, -0.011739423498511314, -0.021339287981390953, 0.013787488453090191, -0.009874346666038036, 0.018017340451478958, -0.002218737034127116, 0.046141281723976135, 0.007910738699138165, 0.0017656642012298107, -0.020466571673750877, 0.023366238921880722, -0.0027905763126909733, -0.014653164893388748, 0.03524642065167427, 0.023619607090950012, -0.017623210325837135, -0.013822678476572037, -0.000261506560491398, -0.0010724188759922981, 0.01447017677128315, 0.06553807854652405, 0.004764741752296686, -0.014301263727247715, -0.001822848105803132, -0.004511373117566109, 0.0015070168301463127, 0.02978491596877575, 0.001434877049177885, -0.018904130905866623, 0.01766543835401535, 0.03884989023208618, 0.020156899467110634, 0.01807364448904991, 0.01835516467690468, 0.012182818725705147, -0.00891717616468668, -0.02019912749528885, -0.0019917606841772795, -0.004279118496924639, 0.016173377633094788, 0.02850399538874626, 0.003670329228043556, -0.012126514688134193, 0.029418937861919403, 0.020311735570430756, 0.03952553868293762, 0.02329585887491703, 0.02136744000017643, 0.022986184805631638, -0.014596860855817795, -0.008572313003242016, 0.0005700798938050866, -0.04104575514793396, -0.0007169986492954195, 0.01741207018494606, -0.006939491257071495, -0.013942324556410313, 0.009564674459397793, 0.022690588608384132, 0.01649712771177292, -0.023943355306982994, -0.005197580438107252, -0.0030034766532480717, -0.03366990387439728, -0.02430933341383934, 0.011183419264853, 0.014737620949745178, -0.016131149604916573, 0.005577633623033762, -0.00084940146189183, 0.028306931257247925, 0.01342151127755642, -0.005074414890259504, -0.02777204103767872, 0.02432340942323208, 0.0095857884734869, 0.015751097351312637, -0.004687323700636625, -0.014111237600445747, -0.008874948136508465, 0.01110600121319294, 0.025449493899941444, -0.016792723909020424, 0.01303442008793354, 0.012957001104950905, 0.06784654408693314, -0.005299631971865892, 0.003197022248059511, -0.02178972028195858, -0.0022996743209660053, 0.03350099176168442, 0.03330392763018608, -0.0056867231614887714, -0.016032617539167404, -0.02178972028195858, 0.022155698388814926, 0.008009270764887333, -0.0024404346477240324, -0.02153635211288929, -0.007643293589353561, 0.011232685297727585, -0.029475241899490356, 0.008023346774280071, -0.010923012159764767, 0.01835516467690468, 0.009874346666038036, 0.03766750171780586, 0.03662587329745293, -0.0025776762049645185, -0.0020163937006145716, 0.01714462600648403, 0.02810986526310444, 0.028321007266640663, 0.0007240366539917886, -0.011788689531385899, -0.004989958833903074, 0.021015537902712822, -0.007840358652174473, -0.005060338880866766, 0.022521674633026123, 0.006422196514904499, -0.008896062150597572, -0.012464339844882488, 0.03482414036989212, 0.009951765649020672, -0.011471978388726711, 0.01632821559906006, -0.021001461893320084, -0.02263428457081318, 0.0020216722041368484, 0.010648529976606369, -0.011408636346459389, -0.011148229241371155, -0.030939152464270592]"
7203,"How can I connect to a remote mongodb server using the mongo shell?<p>Trying to connect to a remote MongoDB server I get: <code>socket operation timed out</code>.
and the firewall log also doesn't mention any attempted connection.</p>

<p>I have the Mongodb running on a remote <code>Windows 2012</code> vm.<br>
I used <code>--bind_ip 0.0.0.0</code> and added the firewall rules from the docs.<br>
<code>ping</code>´ing from either client/server works and so does the <code>vnc</code>.
And I'm able to connect from the server using either <code>localhost</code> or the <code>ip</code><br>
<br>
Im new to networking and thought I slowly understand, but apparently thats not the case!
<br>Is there anything else I did not consider?</p>
","Thank u kriz it worked for me, when I tried using whereEqualsTo( ) on my own it was not working but now it is working smoothly. Thank u","Embed Field: How can I connect to a remote mongodb server using the mongo shell?<p>Trying to connect to a remote MongoDB server I get: <code>socket operation timed out</code>.
and the firewall log also doesn't mention any attempted connection.</p>

<p>I have the Mongodb running on a remote <code>Windows 2012</code> vm.<br>
I used <code>--bind_ip 0.0.0.0</code> and added the firewall rules from the docs.<br>
<code>ping</code>´ing from either client/server works and so does the <code>vnc</code>.
And I'm able to connect from the server using either <code>localhost</code> or the <code>ip</code><br>
<br>
Im new to networking and thought I slowly understand, but apparently thats not the case!
<br>Is there anything else I did not consider?</p>; Answer: Thank u kriz it worked for me, when I tried using whereEqualsTo( ) on my own it was not working but now it is working smoothly. Thank u","[-0.03605131804943085, 0.025101790204644203, 0.012544051744043827, -0.015589389018714428, -0.029262611642479897, 0.026306239888072014, -0.006535498891025782, -0.0462343767285347, 0.0033926425967365503, -0.014015395194292068, 0.008335327729582787, -0.0176697988063097, 0.006230965256690979, -0.01834045723080635, -0.02814028412103653, 0.009902478195726871, 0.003048758953809738, 0.0024379806127399206, -0.006049613934010267, -0.020037634298205376, -0.0057553453370928764, 0.014015395194292068, 0.008999142795801163, -0.013618474826216698, -0.028852004557847977, -0.006720272358506918, 0.015000851824879646, -0.018408892676234245, -0.012674077413976192, -0.004769887775182724, 0.02258339896798134, 0.011353290639817715, -0.051024798303842545, -0.006990588735789061, -0.02267920784652233, 0.02622411772608757, 0.0069084675051271915, -0.02841402217745781, 0.0076988860964775085, -0.01067578885704279, 0.04114284738898277, -0.009471341036260128, -0.008622752502560616, -0.026716846972703934, -0.016958080232143402, 0.037556879222393036, 0.009423436596989632, -0.032684337347745895, -0.024814365431666374, -0.016903333365917206, 0.007117192726582289, 0.004643283784389496, -0.04806842282414436, 0.0013284855522215366, -0.018381519243121147, -0.0009632162400521338, 0.02269289456307888, 0.0125714261084795, 0.00767151266336441, 0.008985456079244614, -0.005317364353686571, 0.030384937301278114, -0.012249783612787724, -0.012461930513381958, 0.005659536924213171, -0.006453377660363913, -0.0076988860964775085, -0.011770742014050484, -0.02188536711037159, -1.5544799680355936e-05, 0.012023949064314365, 0.012290844693779945, -0.006360990926623344, 0.002479041460901499, 0.030905039981007576, 0.008568004705011845, -0.016889644786715508, 0.003633874235674739, 0.00864328257739544, 0.003503848798573017, -0.0004103934043087065, -0.02852351777255535, -0.02937210723757744, 0.02419845573604107, 0.01686227135360241, 0.006364412605762482, 0.005423437803983688, 0.019914451986551285, 0.005047047510743141, 0.008307953365147114, 0.009491871111094952, 0.006015396676957607, 0.008472196757793427, -0.007260905113071203, 0.0015611631097272038, 0.01563045009970665, 0.0015004273736849427, 0.02147476002573967, 0.009053890593349934, -0.028496144339442253, -0.01996920071542263, 0.015849441289901733, -0.013043624348938465, -0.007418304681777954, -0.02692214958369732, 0.006990588735789061, 0.016260048374533653, -0.019503844901919365, 0.016260048374533653, -0.020612485706806183, -0.006104361265897751, 0.0005017107469029725, 0.01358425710350275, -0.03328656405210495, -0.017697174102067947, -0.00515996478497982, 0.003952094819396734, -0.03438151627779007, -0.02377416007220745, 0.014932417310774326, 0.012188192456960678, 0.00910863745957613, 0.023609917610883713, -0.02352779731154442, 0.0023541483096778393, -0.027825485914945602, 0.0031565434765070677, -0.02010606974363327, 0.024294262751936913, -0.015794692561030388, 0.02172112464904785, 0.02552608586847782, 0.00278528593480587, -0.006350725889205933, -0.021365264430642128, -0.018696317449212074, -0.02610093541443348, -0.009875104762613773, -0.013830621726810932, -0.012721981853246689, 0.018094094470143318, 0.016506412997841835, 0.022364409640431404, -0.030658675357699394, -0.028605639934539795, 0.03202736750245094, -0.0053139422088861465, 0.003520957427099347, 0.014384941197931767, 0.00042301102075725794, -0.007418304681777954, -0.0077673206105828285, -0.0312882736325264, 0.0016535497270524502, -0.007849441841244698, -0.003846021369099617, -0.0033789556473493576, 0.01366637833416462, -0.011319073848426342, -0.01808040589094162, -0.0007070144056342542, 0.005587680730968714, -0.019120611250400543, 0.018586821854114532, 0.01255773939192295, 0.019065864384174347, -0.01683489792048931, -0.01998288743197918, -0.006905045360326767, -0.014494436793029308, 0.011846019886434078, 0.023719413205981255, -0.04516679793596268, 0.025717701762914658, -0.004068433772772551, -0.0032266888301819563, 0.0057758754119277, 0.016273735091090202, -0.005409750621765852, -0.02729169651865959, 0.002213857602328062, 0.0009366978192701936, 0.0028759618289768696, 0.05649955943226814, -0.03230110555887222, -0.012311374768614769, -0.0028263467829674482, -0.01643797755241394, -0.01283147744834423, 0.01365269161760807, 0.01779298111796379, 0.019339602440595627, -0.012379809282720089, -0.01372112613171339, -0.5877706408500671, -0.010367833077907562, -0.0009520956082269549, -0.00034238657099194825, -0.005224977619946003, -0.0017485026037320495, -0.013748500496149063, 0.007589390967041254, -0.0326022170484066, 0.03194524720311165, -0.02040718123316765, 0.0312609001994133, -0.013166806660592556, -0.027236949652433395, 0.011729680933058262, -0.007507269736379385, 0.014918730594217777, -0.009758765809237957, -0.01818990148603916, 0.011633872985839844, -0.021912740543484688, 0.028769882395863533, 0.0031753629446029663, 0.025512399151921272, -0.020037634298205376, -0.03514798358082771, 0.014603931456804276, -0.013023094274103642, 0.01136013399809599, 0.05080580711364746, -0.04856115207076073, 0.004540632013231516, 0.02486911416053772, 0.01528827752918005, 0.059291690587997437, -0.012236096896231174, -0.04004789516329765, 0.010306242853403091, -0.01958596706390381, 0.03958253934979439, -0.023035068064928055, -0.012352434918284416, 0.03317706659436226, -0.007507269736379385, -0.00720615778118372, 0.026018813252449036, 0.012078696861863136, -0.012646703980863094, 0.018381519243121147, -0.023568857461214066, -0.0030949523206800222, 0.009293410927057266, -0.008130024187266827, 0.02217279188334942, 0.02200854942202568, -0.014384941197931767, 0.034737374633550644, -0.02295294590294361, 0.01834045723080635, -0.00787681620568037, -0.007370400708168745, -0.0008391786250285804, -0.03375191614031792, -0.017710860818624496, -0.02351410873234272, -0.0002562018344178796, -0.0045919581316411495, -0.02621043100953102, 0.026579977944493294, -0.02625149115920067, 0.025348154827952385, 0.0019110346911475062, -0.012441400438547134, -0.009286567568778992, 0.014521810226142406, 0.018025659024715424, 0.017779294401407242, -0.0051976037211716175, -0.010600510984659195, 0.02258339896798134, 0.004331906791776419, -0.002879383508116007, -0.01576731912791729, -0.00842429231852293, 0.029727965593338013, -0.006001709494739771, -0.028879377990961075, -0.024143707007169724, 0.004106072708964348, -0.011654403060674667, 0.024786991998553276, 0.02718220092356205, -0.002073566662147641, -0.037310514599084854, -0.0017981176497414708, -0.0020633016247302294, 0.002282292116433382, 0.0073088095523417, 0.016355855390429497, -0.02570401504635811, -0.017738234251737595, -0.01780666783452034, -0.002039349405094981, 0.006343882530927658, 0.026826340705156326, -0.00475277891382575, -0.012051323428750038, 0.003555174684152007, 0.011408038437366486, -0.029536349698901176, -0.01876475289463997, -0.001166809001006186, 0.0011000853264704347, -0.006323351990431547, 0.01862788386642933, -0.03068605065345764, 0.038022231310606, -0.016533786430954933, 0.0339982807636261, 0.0028776726685464382, 0.0038152257911860943, 0.010915310122072697, 0.014439688995480537, -6.549400131916627e-05, -0.0036270308773964643, -0.001792985131032765, 0.013796404004096985, -0.0108674056828022, 0.01053891982883215, -0.001106928801164031, -0.006402051541954279, -0.007835755124688148, 0.022733956575393677, -0.010477328673005104, 0.006275447551161051, -0.0033926425967365503, 0.019736522808670998, -0.006118048448115587, -0.002138579497113824, -0.006480751559138298, 0.008725404739379883, 0.00930025428533554, 0.015233529731631279, -0.012372965924441814, 0.018655257299542427, -0.031315647065639496, -0.0502309575676918, 0.00802737195044756, -0.036188188940286636, -0.016506412997841835, 0.0031531215645372868, -0.032684337347745895, 0.007124036084860563, 0.019106924533843994, -0.004852009005844593, -0.007007697597146034, 0.006706585176289082, -0.03178100287914276, 0.0008870827732607722, -0.046261753886938095, -0.001098374486900866, 0.04459194839000702, -0.014863982796669006, 0.008444822393357754, -0.00035564578138291836, -0.015069286338984966, -0.01547989435493946, 0.0022720268461853266, -0.008177927695214748, -0.026429420337080956, -3.512616967782378e-05, -0.00039905894664116204, -0.006230965256690979, -0.009861418046057224, -0.005539776291698217, -0.002162531716749072, -0.02827715314924717, -0.0112095782533288, -0.012886225245893002, -0.002687766682356596, -0.003972625359892845, -0.0012189903063699603, 0.009970913641154766, 0.001106928801164031, 0.04106072708964348, -0.009485027752816677, 0.031616758555173874, 0.028085537254810333, -0.05586996302008629, 0.019627027213573456, 0.002568006282672286, 0.005461076740175486, -0.027250636368989944, 0.0002722411591093987, -0.00502309575676918, 0.02203592285513878, 0.02009238302707672, 0.013433701358735561, 0.007356713525950909, 0.022870825603604317, 0.018135154619812965, -0.009019672870635986, 0.04171769693493843, -0.017738234251737595, -0.0033960642758756876, -0.015931561589241028, -0.01617792621254921, 2.694944441827829e-06, 0.024964921176433563, 0.01346107479184866, -0.011120613664388657, 0.00046022230526432395, 0.0014448242727667093, -0.01714969612658024, 0.01387168187648058, 0.02497860975563526, -0.02634730003774166, 0.00019942254584748298, -0.025334468111395836, 0.025170225650072098, -0.014124889858067036, -0.0012335326755419374, 0.019914451986551285, 0.03331393748521805, 0.0008614198304712772, 0.0033738231286406517, -0.0007386653451249003, 0.007260905113071203, 0.009170228615403175, -0.02243284322321415, 0.002756201196461916, 0.003914455883204937, 0.0066586812026798725, 0.004383232444524765, 0.020817788317799568, 0.0012360989348962903, 0.028605639934539795, 0.0008032504701986909, 0.015849441289901733, -0.017601365223526955, 0.012742511928081512, 0.04251153767108917, 0.02638836018741131, -0.02715482749044895, 0.0257998239248991, 0.0163011085242033, 0.00515996478497982, 0.012537208385765553, 0.008068433031439781, 0.028633013367652893, 0.02146107330918312, 0.0017656112322583795, -0.03098716214299202, 0.0022463640198111534, 0.025895630940794945, -0.00021813511557411402, -0.018942682072520256, 0.015972623601555824, 0.011729680933058262, 0.016670655459165573, 0.020023947581648827, -0.0022172792814671993, 0.011798115447163582, -0.00951240211725235, 0.011490159668028355, 0.01549358107149601, -0.019613340497016907, -0.0014653546968474984, 0.017998285591602325, -0.014275445602834225, 0.010217277333140373, -0.016944393515586853, 0.01619161292910576, -0.030056452378630638, 0.007055601570755243, -0.003551752772182226, 0.0015064154285937548, 0.03246534988284111, 0.04133446514606476, 0.030932413414120674, -0.036899905651807785, -0.006309664808213711, 0.03030281700193882, -0.019065864384174347, 0.01183233316987753, -0.007370400708168745, -0.032821208238601685, 0.037584252655506134, 0.004934130702167749, 0.015835754573345184, 0.015835754573345184, 0.0029837461188435555, 0.007828911766409874, -0.008985456079244614, -0.0031582543160766363, -0.0076509821228682995, 0.04516679793596268, 0.007185627240687609, 0.017163384705781937, 0.003088108729571104, -0.010887935757637024, 0.021844306960701942, -0.033341310918331146, -0.017888789996504784, 0.03085029311478138, -0.008191615343093872, -0.006826345808804035, -0.023883655667304993, 0.008780152536928654, 0.010853718966245651, 0.008390075527131557, -0.016246361657977104, -0.021132586523890495, -0.014111203141510487, -0.01657484658062458, 0.003777586854994297, -0.013289988972246647, 0.008396918885409832, 0.02203592285513878, 0.0051291692070662975, -0.004085542168468237, -0.016821211203932762, -0.033970907330513, 0.0019623604603111744, 0.02392471767961979, -0.007356713525950909, 0.016930706799030304, 0.01738237403333187, -0.015260903164744377, -0.009765609167516232, -0.03413515165448189, -0.027510687708854675, 0.032711710780858994, -0.009608210064470768, 0.009183916263282299, -0.011332760564982891, 0.019257480278611183, 0.015041912905871868, 0.010614197701215744, 0.0002510692283976823, 0.011989732272922993, -0.008814369328320026, -0.006172795780003071, -0.002487595658749342, -0.023623604327440262, -0.011182204820215702, 0.018655257299542427, 0.02501966990530491, 0.019914451986551285, 0.019654400646686554, 0.016136866062879562, -0.018586821854114532, 0.030932413414120674, -0.01996920071542263, 0.001158254686743021, 0.013207866810262203, 0.035394348204135895, 0.006723694037646055, -0.005553463473916054, 0.051435403525829315, -0.0035962352994829416, 0.00679897191002965, -0.0057690320536494255, 0.006039348430931568, -0.010915310122072697, 0.022624460980296135, -0.005621897988021374, -0.006261760834604502, 0.027360130101442337, -0.023678353056311607, -0.009662957862019539, -0.005645849741995335, -0.011353290639817715, 0.01929854229092598, 0.0020171082578599453, -0.0085064135491848, 0.006227543577551842, 0.005964070558547974, -0.007144566625356674, 0.0025064151268452406, -0.014494436793029308, -0.024349011480808258, -0.02783917263150215, -0.0018648413242772222, -0.015507267788052559, -0.005375533364713192, 0.0030128308571875095, 0.029591096565127373, -0.03605131804943085, -0.03564070910215378, -0.018244650214910507, 0.0028349009808152914, -0.006925575900822878, -0.0003334045468363911, 0.000812232494354248, -0.0367082916200161, -0.0326295904815197, 0.007863129489123821, 0.04108810052275658, 0.03347817808389664, 0.007931564003229141, 0.0257998239248991, -0.02473224513232708, 0.02744225226342678, 0.0029546613804996014, -0.02010606974363327, 0.0002656115684658289, 0.000989734660834074, -0.020694606006145477, 0.007165096700191498, 0.018285710364580154, 0.019202733412384987, -0.008294266648590565, 0.01521984301507473, 0.010408894158899784, 0.021830620244145393, 0.02689477615058422, -0.007096662186086178, 0.024964921176433563, -0.012468773871660233, -0.005772453732788563, 0.015192468650639057, 0.007815225049853325, -0.010655258782207966, 0.007007697597146034, -0.03183574974536896, -0.012010262347757816, -0.010415737517178059, -0.012393495999276638, 0.009464497677981853, 0.002487595658749342, 0.017450809478759766, -0.04418134316802025, -0.0011976045789197087, 0.01619161292910576, -0.02230966091156006, 0.009608210064470768, 0.0034781857393682003, 0.043579116463661194, 0.009964069351553917, 0.013919586315751076, 0.04089648276567459, 0.0057758754119277, 0.02459537610411644, -0.0009221555083058774, -0.007137722801417112, 0.012249783612787724, -0.019914451986551285, 0.0015064154285937548, 0.004725405480712652, 0.002590247429907322, -0.03235585242509842, 0.011127457022666931, -0.00040889641968533397, -0.008540631271898746, 0.0012335326755419374, 0.00770572992041707, -0.023582544177770615, -0.02378784865140915, -0.005142855923622847, 0.003633874235674739, 0.014631305821239948, 0.00910863745957613, -0.00041680914000608027, -0.008184771984815598, -0.01943541131913662, -0.011394351720809937, -0.017970912158489227, -0.023295119404792786, -0.028715135529637337, -0.02419845573604107, 0.02485542744398117, 0.02430794946849346, 0.005047047510743141, 0.036735665053129196, -0.009252350777387619, -0.004301111213862896, -0.008465353399515152, -0.038651831448078156, -0.00864328257739544, -0.01114114373922348, 0.014371254481375217, 0.026429420337080956, 0.028742508962750435, 0.028988873586058617, 0.019339602440595627, 0.04429083690047264, 0.005573993548750877, 0.014124889858067036, -0.00271685142070055, 0.008451666682958603, 0.014658679254353046, 0.004561162553727627, 0.009970913641154766, 0.00835585780441761, 0.006056457292288542, 0.02756543457508087, 0.014918730594217777, -0.004390076268464327, 0.023199310526251793, -0.022186478599905968, 0.015657823532819748, -0.019134297966957092, -0.04133446514606476, -0.0012343880953267217, 0.04278527572751045, -0.0016920440830290318, 0.0112095782533288, -0.014056455343961716, 0.009033359587192535, -0.007315652910619974, -0.030932413414120674, 0.02174849808216095, -0.017765607684850693, 0.015671510249376297, 0.004862274508923292, -0.011106926947832108, -0.019202733412384987, 0.001624464988708496, -0.013591100461781025, 0.020721979439258575, -0.009861418046057224, 0.019216420128941536, 0.020352434366941452, -0.008780152536928654, 0.018915308639407158, -0.002419161144644022, 0.02066723257303238, -0.007247218396514654, 0.013337892480194569, -0.009881948120892048, -0.008307953365147114, -0.019106924533843994, -0.03856971114873886, -0.012030793353915215, -0.0231035016477108, 0.008307953365147114, 0.0024687761906534433, 0.019011115655303, 0.02270658127963543, 0.00862959586083889, 0.004564584232866764, -0.002862274879589677, -0.024704869836568832, 0.004369545727968216, -0.03298544883728027, 0.027524374425411224, 0.011319073848426342, 0.011517534032464027, 0.03205474093556404, 0.011969202198088169, -0.022104358300566673, -0.007418304681777954, 0.007254061754792929, -0.0011274591088294983, 0.029700592160224915, 0.038788698613643646, -0.0037844302132725716, -0.027798112481832504, 0.0003205730754416436, -0.01366637833416462, 0.002390076406300068, -0.029645845293998718, 0.030658675357699394, 0.027387505397200584, -0.023993151262402534, -0.024225829169154167, 0.005683489143848419, -0.04535841569304466, 0.01277672965079546, -0.020845161750912666, 0.013502135872840881, -0.0018682631198316813, -0.03588707372546196, -0.026689471676945686, 0.0244585070759058, -0.00897176843136549, 0.037994857877492905, 0.012147131375968456, 0.0009786139708012342, -0.005047047510743141, 0.010107782669365406, 0.008554317988455296, 0.006480751559138298, 0.010155686177313328, 0.02729169651865959, -0.009888791479170322, -0.0033875100780278444, 0.010367833077907562, -0.0006672368035651743, 0.004927287343889475, -0.027798112481832504, 0.022118045017123222, 0.033888787031173706, -0.0043763890862464905, 0.014822922646999359, 0.0015962357865646482, 0.007281435653567314, 0.011243795976042747, 0.004578270949423313, -0.005964070558547974, -0.0010316508123651147, 0.005033360794186592, -0.012126601301133633, 0.01728656515479088, -0.005289990454912186, 0.020174503326416016, -0.008184771984815598, -0.013406326994299889, 0.0029204441234469414, -0.022323347628116608, 0.0008768176194280386, -0.004133446607738733, -0.0353122241795063, -0.03711889684200287, -0.04366124048829079, -0.006449955981224775, 0.0108674056828022, 0.0013618473894894123, 0.01660222001373768, 0.033231813460588455, 0.02746962569653988, -0.01305046770721674, 0.01134644728153944, 0.022104358300566673, -0.00720615778118372, -0.02417108044028282, -0.0015278011560440063, -0.017040202394127846, -0.04568690061569214, 0.016205299645662308, -0.007726259995251894, -0.03971941024065018, -0.0244585070759058, 0.03358767554163933, 0.01619161292910576, -0.024786991998553276, -0.02295294590294361, 0.01753292977809906, 0.03175362944602966, 0.00999144371598959, -0.03873395174741745, -0.015055599622428417, 0.0448383130133152, -0.004345593508332968, 0.008828056044876575, -0.003887082217261195, -0.006535498891025782, -0.0031496998853981495, -0.0169854536652565, 0.025786137208342552, -0.01972283609211445, -0.033615048974752426, -0.005532932933419943, -0.0013002563500776887, 0.003928143065422773, -0.022186478599905968, -0.01590418815612793, -0.031014535576105118, -0.02254233881831169, -0.030248068273067474, 0.0028502987697720528, -0.008246362209320068, -0.006586825009435415, 0.012769886292517185, 0.017861416563391685, -0.0006980323814786971, 0.013960647396743298, -0.020283998921513557, -0.020352434366941452, -0.02132420428097248, -0.026812653988599777, -0.01820358820259571, -0.008793839253485203, -0.0019948668777942657, 0.0625765472650528, 0.012879380956292152, -0.004985456820577383, -0.04059537127614021, -0.012455087155103683, -0.05190075933933258, -0.0038494430482387543, 0.00254576513543725, 0.0017519243992865086, 0.024951234459877014, -0.0012532075634226203, 0.0014140288112685084, 0.027893921360373497, -0.0011385796824470162, 0.014863982796669006, -0.0049136001616716385, 0.0037159956991672516, -0.014850296080112457, -0.01448075007647276, 0.031014535576105118, -0.011579125188291073, -0.033888787031173706, 0.022063298150897026, 0.027127454057335854, 0.0018289132276549935, 0.02527972124516964, 0.025580832734704018, 0.01576731912791729, -0.0146176191046834, -0.003355003660544753, -0.013762187212705612, 0.02339092828333378, -0.006230965256690979, 0.00645679933950305, -0.04242941737174988, -0.00655945111066103, 0.034463636577129364, -0.01820358820259571, -0.0022600507363677025, 0.01081265788525343, 0.029837461188435555, 0.0017057310324162245, 0.0062378086149692535, -0.007295122370123863, 0.026141995564103127, 0.014398627914488316, -0.027538061141967773, 0.04242941737174988, -0.01604105718433857, 0.00027801532996818423, 0.034436263144016266, 0.0036783567629754543, 0.023746786639094353, -0.003938408102840185, 0.00404790323227644, -0.014508123509585857, -0.0036646698135882616, 0.010087251663208008, -0.02080410160124302, 0.003972625359892845, 0.0033806664869189262, 0.00862959586083889, -0.0024037633556872606, -0.008253206498920918, -0.030248068273067474, -0.004858852829784155, -0.010689475573599339, -0.002393498318269849, 0.005779297091066837, -0.01074422337114811, -0.02772967703640461, -0.004992300178855658, 0.002338750520721078, 0.00257998239248991, -0.028468770906329155, -0.0012857139809057117, -0.0009469630313105881, -0.019216420128941536, 0.0031496998853981495, -0.014508123509585857, -0.040157392621040344, -0.010189903900027275, 0.007609921507537365, -0.003828912740573287, 0.004804105032235384, 0.2174576073884964, 0.0010111203882843256, 0.00635414756834507, 0.0152745908126235, -0.007911032997071743, 0.011873393319547176, -0.006415738724172115, 0.00550213735550642, -0.0012249783612787724, 0.011264326050877571, 0.005970913916826248, -0.00985457468777895, -0.018121467903256416, -0.0003900768933817744, -0.016520099714398384, 0.008896490558981895, -0.05521298944950104, -0.01216081902384758, -0.0210778396576643, -0.045851144939661026, 0.01996920071542263, 0.009676644578576088, -0.007048758212476969, -0.00801368523389101, 0.023308806121349335, -0.008773308247327805, 0.009341315366327763, 0.020571423694491386, 0.0203934945166111, 0.020434554666280746, -0.0367082916200161, 0.008745934814214706, 0.01182548888027668, -0.012961503118276596, -0.038788698613643646, 0.0023438832722604275, 0.011120613664388657, -0.014371254481375217, 0.009327628649771214, 0.021981175988912582, -0.007384087424725294, -0.030083825811743736, 0.017423434183001518, -0.013289988972246647, -0.010121469385921955, 0.0014431134331971407, 0.00015387080202344805, -0.018094094470143318, -0.003976047039031982, 0.025074416771531105, -0.012372965924441814, -1.587895349075552e-05, 0.0196817759424448, 0.020585110411047935, 0.007575704250484705, -0.03221898525953293, -0.0003877244598697871, -0.0066928984597325325, -0.0030419155955314636, 0.018449952825903893, 0.001490162219852209, 0.028222406283020973, -0.005201025400310755, 0.03736526146531105, -0.012003418989479542, 0.008889647200703621, 0.018668944016098976, 0.02215910516679287, 0.009252350777387619, 0.007993155159056187, -0.0012549185194075108, 0.008335327729582787, -0.009286567568778992, -0.0050162519328296185, -0.0050504691898822784, -0.037173643708229065, 0.0244448184967041, -0.01487767044454813, 0.02907099388539791, 0.028742508962750435, -0.03908981382846832, -0.023582544177770615, -0.03109665773808956, -0.007199313957244158, -0.029454227536916733, 0.0004112488531973213, 0.0012343880953267217, -0.01441231556236744, -0.016889644786715508, -0.006675790064036846, 0.014863982796669006, 0.024691183120012283, -0.01928485557436943, -0.013543196022510529, -0.006213856860995293, -0.00049743358977139, 0.01969546265900135, 0.030275441706180573, -0.03457313030958176, -0.002410606946796179, -0.051435403525829315, 0.03194524720311165, 0.026128308847546577, 0.00415055500343442, -0.010121469385921955, 0.02063985913991928, 0.013283145613968372, 0.02866038680076599, -0.00468434439972043, -0.018039345741271973, 0.007493582554161549, -0.028769882395863533, -0.00902651622891426, -0.028605639934539795, 0.023856282234191895, -0.006853719707578421, -0.01942172460258007, -0.012311374768614769, -0.0016535497270524502, 0.00936868879944086, 0.026703160256147385, -0.019216420128941536, 0.01060735434293747, -0.004335328470915556, -0.02896150015294552, -0.024636436253786087, -0.01903849095106125, 0.006210434716194868, 0.0018751064781099558, -0.015671510249376297, 0.021009406074881554, -0.01805303245782852, -0.003343027550727129, -0.0122292535379529, 0.017765607684850693, 0.006846876349300146, 0.03205474093556404, -0.022104358300566673, 0.009149698540568352, 0.014152264222502708, 0.01917535997927189, -0.01999657414853573, 0.0325748436152935, 0.007863129489123821, -1.861900818767026e-05, -0.024937547743320465, -0.0005906756850890815, -0.025320781394839287, -0.02866038680076599, -0.014316506683826447, -0.016917020082473755, -0.014727113768458366, 0.01808040589094162, -0.024773305281996727, 0.014070142060518265, -0.006754489615559578, 0.007493582554161549, -0.03435414284467697, -0.02432163804769516, -6.768604362150654e-05, -0.0326295904815197, 0.0013883658684790134, 0.02705901861190796, -0.024636436253786087, -0.0139401163905859, -0.014590244740247726, -0.17311201989650726, 0.028359275311231613, 0.012311374768614769, -0.017888789996504784, 0.021515820175409317, 0.02378784865140915, 0.020982030779123306, -0.005457655061036348, -0.038925569504499435, -0.015657823532819748, 0.008266893215477467, 0.02080410160124302, -0.023404614999890327, -0.01903849095106125, -0.01169546414166689, 0.025457650423049927, 0.0013259192928671837, 0.020721979439258575, 0.05628056824207306, 0.026046188548207283, 0.04563215374946594, -0.024937547743320465, 0.022802390158176422, -0.010162529535591602, -0.021926427260041237, -0.00019364837498869747, -0.007281435653567314, -0.010018817149102688, -0.004595379810780287, -0.04032163321971893, -0.0031360129360109568, -0.011134300380945206, 0.024157393723726273, -0.009464497677981853, 0.017560305073857307, -0.005923009943217039, 0.025717701762914658, -0.024800678715109825, -0.001026518177241087, -0.006651837844401598, 0.03137039393186569, 0.02515653893351555, -0.016260048374533653, 0.01591787487268448, 0.008260049857199192, 0.000757912581320852, 0.00047904180246405303, -0.015096660703420639, 0.03230110555887222, -0.003423438174650073, 0.010326772928237915, -0.012653547339141369, -0.020420867949724197, 0.0021488447673618793, 0.009957225993275642, 0.006956371478736401, -0.001409751595929265, 0.02037980780005455, -0.0024858848191797733, -0.009478184394538403, -0.0013832332333549857, -0.02827715314924717, -0.021283144131302834, -0.0022172792814671993, -0.019271166995167732, 0.001996577950194478, 0.008910177275538445, 0.005611632484942675, -0.02269289456307888, 0.00909495074301958, -0.018299397081136703, -0.01929854229092598, 0.021420013159513474, -0.009615053422749043, 0.015397772192955017, -0.009594523347914219, -0.012441400438547134, -0.011702307499945164, 0.0196817759424448, 0.010189903900027275, -0.004698031581938267, 0.029563723132014275, -0.015822065994143486, 0.018682630732655525, -0.012783573009073734, 0.004058168735355139, -0.017450809478759766, -0.011271169409155846, -0.0034713423810899258, 0.002124892547726631, 0.04305901378393173, -0.02760649472475052, -0.01012831274420023, -0.027907608076930046, 0.021146275103092194, 0.0264841690659523, 0.017710860818624496, -0.0009794693905860186, 0.020215565338730812, 0.0019195890054106712, 0.004020529333502054, -0.01248930487781763, -0.025854570791125298, 0.011606498621404171, 0.03602394461631775, 0.017642425373196602, 0.030877666547894478, 0.0032130018807947636, 0.05315995588898659, 0.004526945296674967, -0.04935499280691147, 0.006063300650566816, 0.020995717495679855, 0.056609056890010834, 0.0056869108229875565, 0.02569032832980156, 0.01088109239935875, 0.010463641956448555, 0.014713427051901817, -0.006381521467119455, 0.04659023880958557, -0.0004798972513526678, 0.00655945111066103, 0.015397772192955017, -0.00394525146111846, 0.007596234325319529, -0.08113599568605423, -0.02418476901948452, 0.00828742329031229, 0.004975191317498684, -0.004964926280081272, -0.01515140850096941, -0.015028226189315319, 0.025909319519996643, -0.016492724418640137, 0.03197262063622475, -0.02801710180938244, -0.023473048582673073, 0.002189905382692814, 0.010737380012869835, -0.016082117334008217, -0.002458510920405388, -0.0004443968355190009, 0.026826340705156326, -0.0026210430078208447, 0.028769882395863533, 0.015808379277586937, -0.01575363241136074, -0.02690846286714077, -0.0044448236003518105, -0.01835414581000805, 0.006313086953014135, -0.019106924533843994, 0.0035449094139039516, 0.0265115424990654, -0.023473048582673073, 0.006326773669570684, -0.01958596706390381, 0.018956368789076805, -0.008513257838785648, -0.013317362405359745, -0.007801538333296776, -0.025758761912584305, 0.003623609198257327, 0.01985970512032509, -0.010477328673005104, -0.010278868488967419, 0.008520101197063923, 0.007924720644950867, -0.0068297674879431725, -0.003211291041225195, 0.002448245882987976, -0.032958075404167175, 0.02200854942202568, 0.03687253221869469, -0.012496148236095905, -0.027223261073231697, 0.017505556344985962, -0.021023092791438103, -0.00047219835687428713, 0.03153463825583458, 0.013851151801645756, 0.002831479301676154, 0.007726259995251894, -0.016232674941420555, 0.024910174310207367, 0.01317365001887083, -0.025498710572719574, 0.005827201530337334, 0.026456795632839203, 0.004509836435317993, 0.012947815470397472, 0.004266893956810236, -0.014822922646999359, -0.013755343854427338, 0.0023182202130556107, -0.03829597309231758, -0.019366975873708725, -0.041389212012290955, 0.006467064376920462, -0.021378951147198677, -0.002013686578720808, -0.030631301924586296, -0.03777587041258812, -0.013337892480194569, -0.001970914890989661, -0.006008552853018045, -0.0016680919798091054, -0.0010932418517768383, -0.01699914038181305, 0.030795544385910034, 0.0009195891907438636, 0.013289988972246647, -0.0012275446206331253, 0.013228397816419601, -0.030330190435051918, -0.010347303003072739, 0.0053002554923295975, 0.004691188223659992, -0.027072705328464508, -0.0056526935659348965, 0.010005130432546139, -0.026265177875757217, -0.009567148983478546, 0.010792127810418606, -0.01487767044454813, -0.03457313030958176, -0.010559449903666973, -0.05581521615386009, 0.023076128214597702, 0.0129135986790061, -0.02054405026137829, -0.002390076406300068, -0.023541484028100967, -0.008999142795801163, -0.028030790388584137, 0.016246361657977104, 0.01081265788525343, -0.02868776209652424, 0.029919583350419998, -0.02106415294110775, 0.009628740139305592, -0.010552606545388699, 0.008417448960244656, 0.007924720644950867, 0.002963215811178088, -0.006142000202089548, 0.010299398563802242, -0.0032763038761913776, -0.01751924306154251, 0.006035926751792431, 0.025320781394839287, -0.021159961819648743, -0.0002987595507875085, 0.002087253611534834, 0.004520101472735405, -0.016766464337706566, -0.030521806329488754, 0.02063985913991928, -0.0217348113656044, -0.013125745579600334, 0.017423434183001518, -0.0049136001616716385, -0.026319926604628563, -0.005823779851198196, 0.04018476605415344, 0.0122292535379529, 0.03432676941156387, -0.016547473147511482, -0.029837461188435555, 0.02975534088909626, -0.017300253733992577, 0.0048793829046189785, -0.0008284857030957937, -0.007555173709988594, -0.010922153480350971, 0.0037912738043814898, 0.009382376447319984, 0.02256971225142479, 0.0031531215645372868, -0.023212997242808342, -0.02121470868587494, -0.008964925073087215, -0.021940115839242935, 0.01556201558560133, 0.03320444002747536, -0.01549358107149601, -0.0037228392902761698, 0.04746619984507561, 0.019640713930130005, -0.0050915302708745, -0.04516679793596268, 0.005923009943217039, 0.001166809001006186, -0.02322668395936489, 0.019230106845498085, 0.034710001200437546, -0.027948668226599693, -0.029399480670690536, -0.00013152264000382274, -0.0010342170717194676, 0.028359275311231613, -0.000837895437143743, 0.010908466763794422, -0.01250299159437418, -0.002487595658749342, 0.006781863514333963, -0.0037638999056071043, 0.01942172460258007, -0.01725919172167778, -0.03246534988284111, 0.002951239701360464, 0.005994866136461496, 0.026059875264763832, -0.0312335267663002, 0.027360130101442337, 0.01541145984083414, 0.006665524560958147, -0.03832334652543068, 0.0040239510126411915, -0.012331904843449593, 0.04226517304778099, -0.005916166584938765, -0.0068639847449958324, -0.007260905113071203, 0.015849441289901733, 0.030111199244856834, 0.01255773939192295, 0.019052177667617798, 0.01079897116869688, 0.0016082117799669504, -0.0098408879712224, -0.00971770565956831, -0.009560305625200272, -0.011866549961268902, -0.02540290355682373, -0.012331904843449593, 0.03698202967643738, 0.0008426003041677177, -0.016232674941420555, 0.004215567838400602, 0.008321641013026237, 0.006196747999638319, 0.011059022508561611, 0.011161673814058304, -0.02013344317674637, -0.020598797127604485, 0.038378093391656876, 0.011510690674185753, 0.00207527750171721, -0.004403762985020876, -0.01765611208975315, 0.024130020290613174, 0.01019674725830555, -0.022925572469830513, -0.007596234325319529, 0.01888793520629406, -0.019668087363243103, 0.011045335792005062, 0.01535671204328537, -0.009936695918440819, -0.011900767683982849, 0.005361846648156643, -0.012051323428750038, -0.003986312076449394, -0.006467064376920462, -0.01045679859817028, 0.07418304681777954, 0.021378951147198677, 0.0038905038964003325, 0.01019674725830555, 0.00997775699943304, 0.004937552381306887, 0.011572281830012798, 0.011476472951471806, -0.005591102410107851, -0.044099219143390656, 0.037721119821071625, 0.007336182985454798, 0.0019076128955930471, -0.022733956575393677, -0.009745079092681408, 0.018258336931467056, 0.017341313883662224, 0.008177927695214748, -0.01480923593044281, -0.010415737517178059, 0.00276817730627954, 0.006710007321089506, 0.018408892676234245, 0.01283147744834423, -0.011818645521998405, 0.016533786430954933, 0.01183233316987753, 0.005933274980634451, -0.010976901277899742, -0.048314787447452545, 0.007254061754792929, -0.010436268523335457, -0.044646695256233215, 0.013577413745224476, 0.018860559910535812, -0.009245507419109344, -0.0074456785805523396, 0.001827202388085425, 0.026675784960389137, 0.0037741651758551598, 0.004526945296674967, 0.006497859954833984, -0.028769882395863533, -0.007459365297108889, 0.027360130101442337, -0.018532074987888336, -0.02230966091156006, -0.023993151262402534, 0.00770572992041707]","[-0.030545249581336975, 0.011497818864881992, 0.02570335939526558, -0.009103551506996155, -0.01844719611108303, 0.014005463570356369, -0.00520202936604619, -0.03377317637205124, 0.011884636245667934, -0.018807336688041687, 0.010110611096024513, -0.012084714137017727, 0.007389549165964127, -0.005672212690114975, -0.032626062631607056, 0.010410727933049202, 0.003981553018093109, -0.0059389835223555565, 0.003584731835871935, -0.015872858464717865, -0.002380928723141551, 0.006922700442373753, 0.015432687476277351, -0.010984284803271294, -0.025583313778042793, -0.00576558243483305, 0.012771649286150932, -0.008529994636774063, 0.004425059538334608, -0.0003428420750424266, 0.029318103566765785, -0.0016298025147989392, -0.040309056639671326, -0.010103941895067692, -0.007576288655400276, 0.03145226836204529, 0.009183582849800587, -0.023342439904808998, -0.006902692839503288, -0.022395404055714607, 0.03572060167789459, -0.018567243590950966, -0.01212473027408123, -0.01726006716489792, -0.0199010968208313, 0.03371982276439667, 0.0008299070759676397, -0.021861862391233444, -0.022715527564287186, -0.016473092138767242, 0.01621966063976288, -0.011511157266795635, -0.03985554724931717, -0.01146447192877531, -0.010524105280637741, 0.0010078932391479611, 0.012104721739888191, 0.011964667588472366, 0.002029124880209565, 0.0029811628628522158, 0.007022739388048649, 0.022048601880669594, -0.01148448046296835, -0.009103551506996155, 0.0007765529444441199, 0.0003836913383565843, -0.0028444428462535143, -0.020221222192049026, -0.00748958857730031, 0.0002967824402730912, 0.012371492572128773, 0.006735960952937603, -0.0014097165549173951, -0.011424456723034382, 0.037054456770420074, 0.00863003358244896, -0.028224343433976173, -0.007222817745059729, 0.0043683708645403385, 0.0056388662196695805, 0.007763028610497713, -0.02958487533032894, -0.02188853919506073, 0.01701997220516205, 0.012991734780371189, 0.001302174641750753, 0.004381709266453981, -0.0033346342388540506, 0.009830501861870289, 0.0015272625023499131, 0.01693994179368019, 0.007129448000341654, 0.003554719965904951, 0.003958210814744234, 0.003434673184528947, 0.016806555911898613, 0.004475079011172056, 0.020394623279571533, 0.006242435425519943, -0.021288305521011353, -0.015299301594495773, 0.02136833593249321, -0.017206711694598198, -0.015672780573368073, -0.030678633600473404, -0.005652205087244511, 0.023742595687508583, -0.010357373394072056, 0.037614673376083374, -0.03457348793745041, -0.007556281052529812, 0.0031512293498963118, 0.007362872362136841, -0.027343999594449997, -0.0066792722791433334, 0.004985278006643057, 0.008143176324665546, -0.024262798950076103, -0.005792259704321623, -0.01025733444839716, 0.008890134282410145, -0.00875008013099432, 0.01755351386964321, -0.017046650871634483, -0.003504700493067503, -0.03414665535092354, -0.002571003045886755, -0.025730038061738014, 0.01755351386964321, -0.014512328431010246, 0.008970165625214577, 0.027290645986795425, -0.013792047277092934, -0.005752244032919407, -0.009190252050757408, -0.03243932127952576, -0.013291851617395878, -0.012644932605326176, -0.005975664593279362, -0.015179255045950413, 0.018994076177477837, 0.023755934089422226, 0.008710064925253391, -0.02556997537612915, -0.01939423196017742, 0.03550718352198601, -0.00512866722419858, 0.002222533570602536, 0.010170633904635906, -0.0027777503710240126, -0.024689631536602974, -0.01171790435910225, -0.026063499972224236, -0.007816382683813572, -0.02094150334596634, 0.005222036968916655, -0.006732626352459192, 0.02142168954014778, -0.010730852372944355, -0.014098833315074444, -0.004615133628249168, 0.01212473027408123, -0.017380112782120705, 0.012578240595757961, 0.0023542516864836216, 0.02438284456729889, -0.010550783015787601, -0.0262235626578331, -0.005932314321398735, -0.003818156197667122, 0.003251268295571208, 0.020341267809271812, -0.039028558880090714, 0.01651310920715332, -0.013698677532374859, 0.0023375784512609243, 0.007916421629488468, 0.007783036213368177, 0.004358367063105106, -0.026717089116573334, 0.004121607635170221, 0.01071084477007389, 0.0038848489057272673, 0.05868956074118614, -0.027610771358013153, -0.0018423853907734156, 0.0006748465821146965, -0.012811664491891861, 0.0003192912263330072, 0.009223598055541515, 0.00666259927675128, 0.02155507542192936, -0.020501330494880676, -0.009543723426759243, -0.6193349361419678, -0.021821845322847366, -0.01229146122932434, -0.005805598106235266, 0.00164814293384552, -0.003808152163401246, -0.0052620526403188705, 0.007116109132766724, -0.02689049020409584, 0.033373020589351654, -0.008790095336735249, 0.02665039710700512, -0.009403668344020844, -0.03580063208937645, 0.010370712727308273, -0.010337365791201591, 0.012144737876951694, 0.007216148544102907, -0.02320905402302742, 0.0061090500093996525, -0.007529603783041239, 0.0222220029681921, 0.004781865514814854, 0.021354997530579567, -0.009657100774347782, -0.038841817528009415, 0.026823798194527626, -0.009303629398345947, 0.01212473027408123, 0.04142949357628822, -0.05194026231765747, -0.004828550387173891, 0.02263549715280533, 0.006876015570014715, 0.05570172891020775, -0.004558444954454899, -0.030411863699555397, 0.01613963022828102, -0.009350313805043697, 0.036627620458602905, -0.011737911961972713, -0.018460534512996674, 0.022048601880669594, -0.006099045742303133, -0.013458583503961563, 0.015205931849777699, 0.026196885854005814, -0.005021959077566862, 0.0069627161137759686, -0.016379723325371742, 0.002072475152090192, 0.00494192773476243, -0.012838341295719147, 0.005718897562474012, 0.01839384250342846, -0.01806037873029709, 0.03369314223527908, -0.015686118975281715, 0.012424847111105919, -0.007823051884770393, -0.00469183037057519, 0.007649650797247887, -0.017993686720728874, -0.0035680586006492376, -0.018940722569823265, 0.006455851718783379, -0.014072156511247158, -0.015832843258976936, 0.03433339297771454, -0.02990499883890152, 0.019114123657345772, -0.004815211985260248, -0.008710064925253391, -0.01243151631206274, 0.022368725389242172, 0.023555856198072433, 0.011004292406141758, 0.0052787261083722115, -0.0003338802489452064, 0.021541737020015717, -0.004668487701565027, 0.003029515268281102, -0.023475823923945427, -0.016526447609066963, 0.04545773193240166, -0.012111390940845013, -0.0167398639023304, -0.01759352907538414, 0.011731242761015892, -0.006189080886542797, 0.01848721131682396, 0.016473092138767242, 0.00021591756376437843, -0.04244322329759598, 0.012071375735104084, -0.0020558019168674946, -0.003301287768408656, 0.008316577412188053, 0.01412551011890173, -0.025023095309734344, -0.011624534614384174, -0.01697995699942112, -0.006395828444510698, -0.00615573488175869, 0.027984250336885452, -0.010644152760505676, -0.018647274002432823, 0.003554719965904951, 0.01212473027408123, -0.017606869339942932, -0.01217141468077898, -0.013005073182284832, 0.012204760685563087, -0.0037014440167695284, 0.005478803999722004, -0.02542325109243393, 0.03099875897169113, -0.011577850207686424, 0.03334634006023407, -0.00030595267890021205, -0.010063925758004189, 0.0014205541228875518, 0.015926212072372437, 0.0043917130678892136, -0.00792309083044529, -0.010170633904635906, 0.01830047182738781, -0.014912484213709831, 0.002375926822423935, -0.00905686616897583, -0.016313031315803528, -0.005212033167481422, 0.015726134181022644, -0.014258896000683308, 0.014712406322360039, 0.0007327858475036919, 0.017420129850506783, -0.010844230651855469, -0.005162013694643974, -0.008343255147337914, 0.00551881967112422, 0.011211040429770947, 0.012451523914933205, -0.01844719611108303, 0.019661003723740578, -0.0384950153529644, -0.03369314223527908, -0.00747624970972538, -0.03665429726243019, -0.013338536955416203, -0.0014105502050369978, -0.020781440660357475, 0.012391501106321812, 0.016019582748413086, 0.006499201990664005, -0.013611976988613605, 0.0017656887648627162, -0.033426374197006226, 0.008383270353078842, -0.042336516082286835, -0.008056475780904293, 0.03758799657225609, 0.0036714321468025446, -0.005748909432440996, -0.008076484315097332, -0.0257567148655653, -0.018327148631215096, 0.00034367572516202927, -0.0234358087182045, -0.017913654446601868, -0.011177693493664265, -0.010297350585460663, -0.004071588162332773, -0.012131399475038052, -0.0022308703046292067, 0.003087871242314577, -0.01697995699942112, 0.00017517250671517104, -0.02745070867240429, 0.002727730665355921, 0.004698499571532011, 0.003858171869069338, 0.020594701170921326, 0.00012692451127804816, 0.05460796877741814, 0.002744403900578618, 0.024182766675949097, 0.010524105280637741, -0.05591514706611633, 0.019927773624658585, -0.005625527817755938, -0.0001858016476035118, -0.01982106640934944, 0.005428784526884556, 0.009263614192605019, 0.019927773624658585, 0.018793998286128044, 0.01198467519134283, 0.011611196212470531, 0.02806428074836731, 0.02977161481976509, 0.0008995175594463944, 0.02953151986002922, -0.0078097134828567505, -0.00779637461528182, -0.009063535369932652, -0.015766151249408722, 0.003758132690563798, 0.0223153717815876, 0.002626024419441819, 0.004351697396486998, -0.003728121053427458, -0.0011129342019557953, -0.017006633803248405, 0.01938089355826378, 0.02004782110452652, -0.023329101502895355, 0.005592181347310543, -0.0230623297393322, 0.037481289356946945, -0.006612579803913832, 0.013545284047722816, 0.01684657111763954, 0.02447621524333954, 0.01261825580149889, 0.0056655434891581535, 0.009143566712737083, 0.0038014829624444246, 0.019207492470741272, -0.013618646189570427, 0.004298343323171139, 0.018007025122642517, 0.0004951931769028306, -0.0015222604852169752, 0.022368725389242172, 0.004441732540726662, 0.025023095309734344, 0.012271453626453876, 0.010937600396573544, -0.011471142061054707, 0.001630636164918542, 0.033319663256406784, 0.027183938771486282, -0.02631693333387375, 0.028170989826321602, 0.01111100148409605, 0.004515094682574272, 0.018807336688041687, 0.01071084477007389, 0.014032140374183655, 0.019220830872654915, -0.011491149663925171, -0.03750796616077423, -0.002584341447800398, 0.0226888507604599, -0.0035513853654265404, -5.7939269026974216e-05, 0.000817819032818079, 0.006615914404392242, 0.004865231458097696, 0.017753591760993004, 0.0019724362064152956, 0.02378261089324951, -0.012138068675994873, 0.00889680441468954, 0.010123949497938156, -0.01740678958594799, -0.0058756256476044655, 0.021061548963189125, -0.0024276135955005884, 0.019327539950609207, -0.020314591005444527, 0.01497917715460062, -0.026210224255919456, 0.016926603391766548, -0.003911525942385197, -0.006095711141824722, 0.027717478573322296, 0.04343027621507645, 0.03139891475439072, -0.02934478037059307, -0.00842328555881977, 0.022808898240327835, -0.03163900971412659, 0.010557452216744423, -0.0021491716615855694, -0.02183518558740616, 0.04206974431872368, -0.0009595410083420575, 0.004014899488538504, 0.020554685965180397, -0.009323637001216412, 0.01247820071876049, -0.010350704193115234, -0.0020991521887481213, -0.016633154824376106, 0.047431837767362595, 0.0047051687724888325, 0.0003903606266248971, 0.0031245523132383823, -0.0036414205096662045, 0.0014730746624991298, -0.04335024580359459, -0.015205931849777699, 0.02287559024989605, 0.004271666519343853, -0.004154954105615616, -0.02787754125893116, 0.014045478776097298, 0.0023409132845699787, 0.0015039200661703944, -0.0014322253409773111, -0.018807336688041687, -0.015432687476277351, -0.022368725389242172, 0.011211040429770947, -0.011124339886009693, 0.003748128889128566, 0.01854056678712368, 0.013992125168442726, -0.007889744825661182, -0.020207883790135384, -0.031238853931427002, -0.0018073717365041375, 0.012578240595757961, -0.015979567542672157, 0.019594309851527214, 0.0001606876903679222, -0.0078097134828567505, -0.027850864455103874, -0.024929724633693695, -0.02396935038268566, 0.033052895218133926, -0.011364432983100414, 0.028944624587893486, -0.005115328822284937, 0.009003512561321259, 0.03395991399884224, 0.019634326919913292, -0.0056021856144070625, 0.005775586236268282, -0.00995054841041565, -0.021595090627670288, -0.01835382729768753, -0.014619036577641964, -0.016633154824376106, 0.021808506920933723, 0.022275356575846672, 0.006169073283672333, 0.018460534512996674, 0.008890134282410145, -0.023622548207640648, 0.024889709427952766, -0.019167477265000343, -0.003514704527333379, 0.017913654446601868, 0.021168258041143417, 0.024076059460639954, -0.0013380219461396337, 0.031959135085344315, -0.010750860907137394, 0.011664550751447678, -0.006572564132511616, 0.013191812671720982, 0.005792259704321623, 0.00844329409301281, -0.018220441415905952, -0.004338358994573355, 0.03009173832833767, -0.016059597954154015, -0.00844329409301281, 0.0033963248133659363, -0.004088261630386114, 0.018193764612078667, -0.005212033167481422, -0.0053420839831233025, -0.014805776067078114, 0.0053420839831233025, -0.004285004921257496, 0.00307119800709188, -0.01047075167298317, -0.019647665321826935, -0.016899926587939262, -0.0033479726407676935, -0.0163663849234581, -0.004865231458097696, 0.0016464756336063147, 0.02212863229215145, -0.034466780722141266, -0.031719040125608444, -0.019967788830399513, -0.0023825960233807564, -0.01497917715460062, -0.0007657153764739633, 0.009830501861870289, -0.042149774730205536, -0.03532044589519501, 0.01613963022828102, 0.02670375071465969, 0.04164291173219681, 0.006632587406784296, 0.01712668128311634, -0.024369506165385246, 0.04321685805916786, 0.010457413271069527, -0.015085885301232338, -0.003584731835871935, 0.0035280429292470217, -0.015486041083931923, 0.014859129674732685, 0.019420908764004707, 0.017526837065815926, -0.008856788277626038, 0.006079038139432669, 0.01103763934224844, 0.016259675845503807, 0.04089595377445221, -0.019127462059259415, 0.024396182969212532, 0.0031345561146736145, -0.003901521908119321, 0.016899926587939262, 0.013385221362113953, -0.020461315289139748, 0.0016948278062045574, -0.04655149206519127, -0.01806037873029709, -0.011444464325904846, -0.017246728762984276, -0.0007623807177878916, -0.001824044855311513, 0.00728951022028923, -0.04660484567284584, 0.006222427356988192, 0.014218879863619804, -0.021821845322847366, 0.008816773071885109, -0.0019824400078505278, 0.029611552134156227, 0.012598248198628426, 0.017580190673470497, 0.041589558124542236, 0.01982106640934944, 0.028704531490802765, -0.0029261414892971516, -0.008923481218516827, 0.012511547654867172, -0.012371492572128773, -0.007329525891691446, 0.005475469399243593, 0.010250665247440338, -0.030651956796646118, -0.0062357657589018345, 0.0034446772187948227, 0.011044308543205261, 0.016859911382198334, 0.001670651719905436, -0.03588066250085831, -0.02032792940735817, 0.008216538466513157, 0.010650821961462498, 0.010830892249941826, 0.0001908036065287888, -0.01235815417021513, -0.013318529352545738, -0.02090148627758026, -0.013858739286661148, -0.012658271007239819, -0.02670375071465969, -0.03046521730720997, -0.0325460284948349, 0.021955231204628944, 0.027610771358013153, 0.010190642438828945, 0.04169626533985138, 0.0032496009953320026, -0.014672390185296535, -0.006385824643075466, -0.0459379218518734, -0.009376991540193558, -0.017700238153338432, 0.0048085423186421394, 0.01896739937365055, 0.020221222192049026, 0.026570364832878113, 0.028224343433976173, 0.04014899581670761, 0.003112880978733301, 0.013618646189570427, -0.0032445990946143866, 0.009236936457455158, 0.023222392424941063, -0.0037414594553411007, 0.008550002239644527, -0.003047855570912361, 0.006165738683193922, 0.033799853175878525, 0.008956827223300934, -0.003664762945845723, 0.029611552134156227, -0.0014755756128579378, 0.014912484213709831, -0.027424031868577003, -0.04009564220905304, -0.014432297088205814, 0.028224343433976173, 0.0024876371026039124, 0.019034091383218765, -0.016286352649331093, -0.011617865413427353, -0.008189861662685871, -0.030411863699555397, 0.022862251847982407, -0.013005073182284832, 0.010884245857596397, 0.009116889908909798, -0.013698677532374859, -0.008009791374206543, 0.0022792224772274494, -0.01565944217145443, 0.016406400129199028, -0.01826045662164688, 0.021861862391233444, 0.017860300838947296, 0.0043283551931381226, 0.025836745277047157, 0.005148675292730331, 0.009570400230586529, -0.006542552262544632, 0.010377381928265095, -0.009410337544977665, -0.01028401218354702, -0.021435027942061424, -0.03014509379863739, -0.009783816523849964, -0.019114123657345772, 0.010110611096024513, -0.0008399109938181937, 0.025556636974215508, 0.01205136813223362, -0.0007123612449504435, 0.008756749331951141, -0.0082298768684268, -0.01627301424741745, 0.006856007967144251, -0.029318103566765785, 0.009590407833456993, 0.007049416657537222, 0.025556636974215508, 0.010230657644569874, 0.0018390507902950048, -0.026343610137701035, -0.01796700991690159, 0.007069424260407686, -0.0058989678509533405, 0.042523253709077835, 0.035026997327804565, 0.0008953492506407201, -0.03633417561650276, -0.0018557239091023803, -0.012611586600542068, 0.0025176487397402525, -0.03369314223527908, 0.023195715621113777, 0.024983080103993416, -0.02339579351246357, -0.03009173832833767, -0.006772642023861408, -0.032946184277534485, 0.01754017546772957, -0.015819504857063293, 0.016913264989852905, 0.000550631491933018, -0.034466780722141266, -0.016673170030117035, 0.012058037333190441, -0.01580616645514965, 0.022768883034586906, 0.006709284149110317, 0.007783036213368177, 0.0034179999493062496, 0.017393451184034348, -0.004765192046761513, -1.3279920494824182e-05, -5.522987703443505e-05, 0.022302033379673958, -0.021288305521011353, 0.0008111497736535966, -0.005188690964132547, -0.00028365233447402716, -0.01235815417021513, -0.031425591558218, 0.028971301391720772, 0.029184717684984207, -0.005218702368438244, 0.008843449875712395, 0.0026143533177673817, 0.00995054841041565, 0.0037414594553411007, 0.010003902949392796, -0.0010645819129422307, 0.009963886812329292, -0.0144589738920331, -0.014498989097774029, 0.014352265745401382, 0.008856788277626038, 0.011244386434555054, 0.002262549242004752, -0.02080811746418476, 0.00747624970972538, -0.028597822412848473, 0.004661818500608206, -0.010317358188331127, -0.030491894111037254, -0.03358643501996994, -0.03612075746059418, 0.0052620526403188705, 0.012518216855823994, 0.004791869316250086, 0.011831281706690788, 0.02793089672923088, 0.026677073910832405, -0.013898755423724651, 0.017246728762984276, 0.022342048585414886, -0.012911703437566757, -0.01701997220516205, 0.0007769697695039213, -0.007909752428531647, -0.05159346014261246, 0.0148324528709054, -0.0168332327157259, -0.039215296506881714, -0.028597822412848473, 0.036494236439466476, 0.0198077280074358, -0.013085104525089264, -0.016059597954154015, 0.02339579351246357, 0.04303012043237686, 0.002987832296639681, -0.03401326760649681, 0.0050453017465770245, 0.033132925629615784, -0.003788144327700138, 0.007082763127982616, -0.010304019786417484, 0.00582560570910573, -0.008623364381492138, -0.01427223440259695, 0.03139891475439072, -0.021074887365102768, -0.01393877062946558, -0.007836390286684036, 0.010157295502722263, 0.0017273405101150274, -0.01859392039477825, -0.008976834826171398, -0.02207527868449688, -0.022528788074851036, -0.023222392424941063, 0.004768527112901211, 0.0005673046689480543, 0.002257547341287136, 0.0041149384342134, 0.02456958405673504, 0.015606087632477283, 0.009557061828672886, -0.012644932605326176, -0.01816708780825138, -0.012511547654867172, -0.03633417561650276, -0.01193799078464508, -0.007836390286684036, 0.0035513853654265404, 0.05900968611240387, 0.002390932757407427, 0.008036468178033829, -0.0329195074737072, -0.008049806579947472, -0.04180297255516052, -0.0035914010368287563, 0.01891404576599598, 0.012684948742389679, 0.02971825934946537, 0.0064625209197402, -0.0013755365507677197, 0.01854056678712368, 0.007056085858494043, 0.01943424716591835, 0.0017690234817564487, 0.008169854059815407, -0.00848997849971056, -0.020434638485312462, 0.025356559082865715, -0.006902692839503288, -0.03838830813765526, 0.017286743968725204, 0.02415608987212181, 0.012471531517803669, 0.018087055534124374, 0.026396963745355606, 0.023089006543159485, -0.01844719611108303, -0.013465252704918385, -0.021208273246884346, 0.01014395710080862, 0.0013588634319603443, 0.005195360165089369, -0.04193636029958725, -0.00767632806673646, 0.02910468727350235, -0.013465252704918385, -0.019274186342954636, 0.008890134282410145, 0.01516591664403677, -0.014498989097774029, 0.0041849659755826, -0.0049385931342840195, 0.022488772869110107, 0.012264784425497055, -0.02326240763068199, 0.03222590312361717, -0.01575281098484993, -0.005268721841275692, 0.04212309792637825, -0.009490368887782097, 0.02179516851902008, 0.006305793300271034, 0.008143176324665546, -0.03241264447569847, 0.0009745468269102275, 0.02326240763068199, -0.020648054778575897, -0.005488807801157236, 0.0021908546332269907, 0.0070427474565804005, 0.0034613502211868763, -0.010063925758004189, -0.018140409141778946, 0.001048742444254458, -0.01740678958594799, -0.0025176487397402525, 0.016633154824376106, -0.0026110184844583273, -0.022715527564287186, -0.01363198459148407, -0.005428784526884556, 0.006552556063979864, -0.03374649956822395, -0.017526837065815926, -0.019367555156350136, -0.004805207718163729, -0.0006389992777258158, -0.008723403327167034, -0.047485191375017166, -0.012298130430281162, 0.002576004946604371, 0.00931696780025959, -0.009870517067611217, 0.19911767542362213, 0.009283621795475483, 0.0032529355958104134, 0.009370322339236736, -0.012151407077908516, 0.014739083126187325, 0.001934087835252285, -0.003237929893657565, 0.017140019685029984, 0.033132925629615784, 0.0008486643782816827, -0.003684770781546831, -0.003096207743510604, -0.0007798875449225307, -0.023342439904808998, 0.019781049340963364, -0.04897910729050636, -0.01750016026198864, -0.023529179394245148, -0.045404378324747086, 0.012451523914933205, 0.0050686439499258995, -0.0057055591605603695, -0.004461740609258413, 0.019047429785132408, 0.00123881665058434, 0.003988222684711218, 0.01806037873029709, 0.01351860724389553, 0.018100393936038017, -0.018567243590950966, 0.009116889908909798, 0.0026193552184849977, -0.01497917715460062, -0.026210224255919456, -0.0037714713253080845, 0.017860300838947296, -0.02713058330118656, -0.004478413611650467, 0.004755188245326281, -0.010170633904635906, -0.015712795779109, 0.012398170307278633, -0.0219418928027153, -0.016619816422462463, 8.982670988189057e-05, -0.008009791374206543, -0.026476996019482613, 0.01249820925295353, 0.011737911961972713, -0.00927028339356184, -0.0053020683117210865, 0.02527652680873871, 0.007622973527759314, 0.0032229239586740732, -0.032332614064216614, 0.0022442087065428495, 0.006856007967144251, -0.015232608653604984, 0.009703785181045532, -0.005555500742048025, 0.02348916232585907, -0.0020157864782959223, 0.041109371930360794, -0.009136897511780262, 0.02633027173578739, 0.019047429785132408, 0.024729646742343903, 0.0035013658925890923, 0.00830323901027441, 0.004101600032299757, 0.018420519307255745, 0.00018038286361843348, 0.0007398719317279756, 0.0015997907612472773, -0.029638228937983513, 0.03014509379863739, -0.007109439931809902, 0.03185242414474487, 0.031478945165872574, -0.035773955285549164, -0.018900707364082336, -0.02056802436709404, 0.007569619454443455, -0.022115293890237808, 0.00773635134100914, 0.012471531517803669, -0.02132832072675228, -0.00893681962043047, -0.0065325484611094, 0.014632374979555607, 0.014192203059792519, -0.015379332937300205, -0.017046650871634483, 0.005492142401635647, -0.0029161376878619194, 0.013605307787656784, 0.026810459792613983, -0.022155309095978737, -0.01096427720040083, -0.0531940832734108, 0.045164287090301514, 0.027237292379140854, 0.004348362796008587, -0.005095321219414473, 0.009203590452671051, -0.0001781945175025612, 0.027090568095445633, -0.005475469399243593, -0.015486041083931923, -6.205545651027933e-05, -0.03428003937005997, -0.010063925758004189, -0.023529179394245148, 0.02008783631026745, 0.002540991175919771, -0.022768883034586906, -0.01193799078464508, -0.017473483458161354, -0.0025743376463651657, 0.017513498663902283, -0.040255703032016754, 0.004104934632778168, -0.015152577310800552, -0.03267941623926163, -0.0321725495159626, -0.0006769307656213641, 0.007396218832582235, 0.0007794707198627293, -0.016406400129199028, 0.014138848520815372, -0.011251055635511875, -0.0072361561469733715, -0.005532158073037863, 0.01740678958594799, 0.0188740286976099, 0.031158821657299995, -0.027424031868577003, 0.012038029730319977, -0.0024442868307232857, 0.013978786766529083, -0.017366774380207062, 0.02755741775035858, 0.0032679415307939053, -0.0004543439135886729, -0.020407961681485176, -0.0009161907364614308, -0.029851645231246948, -0.0192475076764822, -0.02019454538822174, -0.022235341370105743, -0.015859520062804222, 0.020207883790135384, -0.013885417021811008, 0.00995721761137247, -0.0035180391278117895, 0.015245947055518627, -0.03278612345457077, -0.04262996464967728, 0.005922310519963503, -0.026423640549182892, -0.013992125168442726, 0.033933237195014954, -0.013178474269807339, -0.011764589697122574, -0.008336585015058517, -0.16763873398303986, 0.02131498232483864, 0.029211396351456642, -0.016913264989852905, 0.029451489448547363, 0.014218879863619804, 0.01746014505624771, -0.006185746286064386, -0.032626062631607056, -0.008316577412188053, -0.002784419571980834, 0.013992125168442726, -0.012684948742389679, -0.019834404811263084, -0.004781865514814854, 0.02707722969353199, 0.020554685965180397, 0.010630813427269459, 0.046391431242227554, 0.014405619353055954, 0.04353698343038559, -0.024022703990340233, 0.01575281098484993, -0.01886069029569626, -0.013898755423724651, -0.015886196866631508, -0.023369116708636284, -0.0010078932391479611, -0.0011029302841052413, -0.030918728560209274, -0.005935648921877146, -0.007569619454443455, 0.023048991337418556, -0.01497917715460062, 0.030678633600473404, -0.0015956225106492639, 0.0223153717815876, -0.007816382683813572, 0.003471354255452752, 0.006772642023861408, 0.010810883715748787, 0.03462684154510498, 0.0024276135955005884, 0.00779637461528182, 0.018834013491868973, -0.008396608754992485, 0.00156811170745641, -0.007502926979213953, 0.014992515556514263, -0.009703785181045532, 0.020114513114094734, 0.0006377488025464118, -0.017886977642774582, -0.013952109031379223, 0.01051743607968092, 0.0010212317574769258, 0.013538614846765995, 0.02750406228005886, 0.007296179421246052, -0.0034480118192732334, 0.008990174159407616, -0.024036042392253876, -0.013085104525089264, 0.01584618166089058, -0.03014509379863739, 0.004398382268846035, 0.005902302451431751, -0.009263614192605019, -0.021475045010447502, 0.003748128889128566, -0.011571181006729603, -0.0167398639023304, 0.007009400986135006, -0.0096237538382411, 0.01604625955224037, -0.008910142816603184, -0.006745964754372835, -0.005855617579072714, 0.007976445369422436, 0.007642981596291065, 0.0010354039259254932, 0.030065061524510384, -0.020221222192049026, 0.015045869164168835, -0.0016623151022940874, 0.003524708328768611, -0.003968214616179466, -0.011544503271579742, -0.01096427720040083, -0.005452126730233431, 0.039028558880090714, -0.014739083126187325, -0.003082869341596961, -0.034226685762405396, 0.020954841747879982, 0.026116855442523956, 0.024796340614557266, 0.003968214616179466, 0.027424031868577003, -0.00716946367174387, 0.004371705465018749, 0.011244386434555054, -0.04359033703804016, 0.006842669565230608, 0.03825492411851883, 0.02428947575390339, 0.033933237195014954, 0.004011564888060093, 0.0446307435631752, -0.005195360165089369, -0.04385710880160332, 0.01249820925295353, 0.017420129850506783, 0.05298066884279251, 0.006505871191620827, 0.026863813400268555, 0.015232608653604984, 0.011711235158145428, -0.000850331736728549, 0.011357763782143593, 0.03089205175638199, 0.007656319998204708, 0.011304410174489021, 0.02062137797474861, -0.001384706818498671, -8.023963164305314e-05, -0.09790486097335815, -0.03369314223527908, 0.014565682038664818, 0.008289900608360767, -0.008223207667469978, -0.001322182477451861, 0.006659264676272869, 0.018180426210165024, -0.013391890563070774, 0.017580190673470497, -0.020447976887226105, -0.02042130008339882, 0.007896414026618004, 0.01243151631206274, -0.02867785468697548, -0.0008978502592071891, 0.007036078255623579, 0.016166307032108307, -0.00875008013099432, 0.02292894385755062, 0.02769080176949501, -0.008323246613144875, -0.036067403852939606, 0.006812657695263624, -0.027050552889704704, -0.0032596050295978785, -0.015325978398323059, 0.0019357551354914904, 0.011184362694621086, -0.006929369643330574, 0.008483309298753738, -0.0038848489057272673, -0.0024692965671420097, -0.011437795124948025, -0.007382879965007305, 0.00748958857730031, -0.01807371713221073, 0.0014772429130971432, 0.019781049340963364, -0.000574390753172338, -0.01886069029569626, 0.0037614672910422087, 0.008830111473798752, 0.003788144327700138, -0.00672262255102396, -0.000528122705873102, -0.027103906497359276, 0.016966618597507477, 0.030118415132164955, -0.0005652204854413867, -0.005552166141569614, 0.014659051783382893, -0.019047429785132408, 0.006392493844032288, 0.023089006543159485, 0.01273830235004425, 0.0006306627183221281, 0.025116464123129845, -0.023315763100981712, 0.039695486426353455, 0.027664124965667725, -0.01716669648885727, 0.006489198189228773, 0.031105468049645424, 0.008403277955949306, 0.007076093927025795, -0.0015422683209180832, -0.012144737876951694, -0.012918372638523579, -0.012945050373673439, -0.01727340556681156, -0.013345206156373024, -0.05575508251786232, 0.004001561086624861, -0.025876760482788086, 0.0032662742305547, -0.019314201548695564, -0.04121607914566994, -0.019994467496871948, 0.007242825347930193, -0.016006244346499443, 0.004781865514814854, 0.0063824900425970554, -0.01513923890888691, 0.030038384720683098, 0.010510766878724098, 0.018327148631215096, 0.008663379587233067, 0.0115311648696661, -0.031585656106472015, -0.002240874106064439, 0.010384051129221916, -0.0003282530524302274, -0.03118549846112728, -0.0015414346707984805, 0.007016070187091827, -0.030545249581336975, -0.020528007298707962, 0.012324808165431023, -0.005038632079958916, -0.0440705269575119, -0.0036714321468025446, -0.05506147816777229, 0.020127851516008377, 0.031238853931427002, -0.014899145811796188, 0.015005853958427906, -0.021688461303710938, -0.003934868145734072, -0.026396963745355606, 0.0077430205419659615, 0.00431835139170289, -0.03534712269902229, 0.03193245828151703, -0.022235341370105743, 0.0022792224772274494, -0.008803434669971466, 0.006565894931554794, 0.021154919639229774, -0.0004597626975737512, -0.01349192950874567, 0.0018140410538762808, -0.004678491968661547, -0.020221222192049026, 0.002621022518724203, 0.03222590312361717, -0.012978396378457546, 0.006936039309948683, -0.006049026269465685, 0.016539786010980606, -0.025036433711647987, -0.02934478037059307, 0.016726525500416756, -0.01802036352455616, -0.002799425506964326, 0.006692610681056976, -0.015766151249408722, -0.021528398618102074, -0.007863067090511322, 0.03387988358736038, 0.007936429232358932, 0.03966880962252617, -0.020821455866098404, -0.029611552134156227, 0.030038384720683098, -0.027584094554185867, 0.01249820925295353, -0.0034029942471534014, -0.018140409141778946, -0.008009791374206543, 0.0077030048705637455, 0.0029211395885795355, 0.013805385679006577, 0.0005973163642920554, -0.04076256975531578, -0.02523651160299778, -0.005855617579072714, -0.02032792940735817, -0.0031912450212985277, 0.02278222143650055, -0.015459364280104637, -0.0014980843989178538, 0.04281670227646828, 0.021595090627670288, -0.00538876885548234, -0.04118940234184265, 0.003724786452949047, 0.003494696691632271, -0.02099485695362091, 0.00804313737899065, 0.027157260105013847, -0.031585656106472015, -0.023795949295163155, -0.0025343219749629498, 0.006989393383264542, 0.029504843056201935, 0.0010053921723738313, 0.006582567933946848, -0.007709674071520567, 0.0012830004561692476, 0.011017631739377975, -0.009963886812329292, 0.014138848520815372, -0.00424498924985528, -0.03302621841430664, -0.004441732540726662, 0.019834404811263084, 0.021995246410369873, -0.02843775972723961, 0.04177629575133324, 0.02170179970562458, -0.0010845897486433387, -0.02934478037059307, -0.005852282978594303, 0.005855617579072714, 0.032332614064216614, -0.006612579803913832, 0.0036781015805900097, -0.014445635490119457, 0.018220441415905952, 0.02726396918296814, 0.012471531517803669, 0.017606869339942932, 0.008996843360364437, -0.009203590452671051, -0.02226201817393303, -0.01351860724389553, -0.0018707297276705503, -0.003934868145734072, -0.029238073155283928, -0.0187806598842144, 0.02556997537612915, -0.012324808165431023, 0.004321685992181301, 0.010063925758004189, 0.009116889908909798, 0.009110220707952976, 0.013291851617395878, 0.010110611096024513, -0.02344914712011814, -0.01651310920715332, 0.019127462059259415, 0.011491149663925171, 0.022955622524023056, -0.004975274205207825, -0.02849111519753933, 0.024036042392253876, 0.0009553726995363832, -0.01497917715460062, -0.02599680796265602, 0.01179126650094986, -0.013845400884747505, 0.012264784425497055, 0.013792047277092934, -0.012224769219756126, -0.017953669652342796, -0.008816773071885109, -0.014859129674732685, -0.011044308543205261, -0.002922806888818741, -0.01349192950874567, 0.06850672513246536, 0.019647665321826935, -0.0009653766173869371, 0.003226258559152484, 0.014885807409882545, -0.0011762921931222081, 0.013671999797224998, 0.01712668128311634, -0.018500549718737602, -0.03641420602798462, 0.05447458475828171, 0.013792047277092934, -0.0048752352595329285, -0.024943063035607338, -0.010390720330178738, 0.03163900971412659, 0.006542552262544632, 0.022608820348978043, -0.0013005073415115476, -0.010644152760505676, 0.006129057612270117, 0.0017490156460553408, 0.016379723325371742, 0.0027710809372365475, -0.01096427720040083, 0.02508978731930256, 0.015446025878190994, 0.015072546899318695, -0.02088814787566662, -0.03708113357424736, 0.021968569606542587, -0.007562950253486633, -0.03614743426442146, 0.017246728762984276, 0.018527228385210037, -0.009203590452671051, -0.004935258533805609, -0.010150626301765442, 0.029558196663856506, 0.013045089319348335, 0.0017856966005638242, 0.003968214616179466, -0.0296649057418108, -0.006555890664458275, 0.010764199309051037, -0.0026143533177673817, -0.030731989070773125, -0.02056802436709404, 0.00773635134100914]","[-0.02329881861805916, 0.023590052500367165, -0.01127212680876255, -0.050304267555475235, -0.022557491436600685, 0.019698090851306915, -0.007148500997573137, -0.03690744563937187, 0.002046920359134674, -0.02554927207529545, 0.002116419607773423, -0.021154267713427544, -0.01098089199513197, -0.023748908191919327, 0.02880581095814705, 0.0025516177993267775, 0.013966052792966366, 0.015369277447462082, -0.007611829787492752, -0.026078790426254272, -0.014654426835477352, 0.005311733577400446, 0.005698943976312876, -0.006863884627819061, -0.02120721898972988, -0.017288781702518463, 0.00352460821159184, -0.030076656490564346, -0.005401089787483215, -0.011252270080149174, 0.0030397677328437567, 0.009676951915025711, -0.03285662829875946, -0.00909448228776455, -0.02880581095814705, -0.015528133139014244, 0.006387318018823862, 0.002098217373713851, 0.01694459468126297, 0.006963169667869806, 0.011616313830018044, -0.0054606604389846325, -5.3572388424072415e-05, -0.01542222872376442, -0.021617596969008446, 0.029917800799012184, 0.0030050179921090603, -0.03269777446985245, -5.827807035529986e-05, -0.008995196782052517, 0.00013630966714117676, 0.03494822606444359, -0.04040226712822914, -0.008710580877959728, -0.013330630958080292, -0.011139747686684132, 0.030261987820267677, 0.010742608457803726, 0.0005543397855944932, 0.008280347101390362, -0.007486069109290838, 0.009226861409842968, -0.0020684320479631424, -0.018241915851831436, 0.0062913428992033005, -0.017076974734663963, -0.00010766188643174246, 0.012006834149360657, 0.002245489740744233, 0.00827372819185257, 0.011265507899224758, 0.017288781702518463, 0.007558878045529127, 0.02020113356411457, 0.0036172738764435053, 0.009114339016377926, 0.01320486981421709, 0.0007313975365832448, 0.01895676553249359, -0.01271506492048502, 0.018334580585360527, -0.013257822021842003, -0.01168250385671854, 0.006523007061332464, 0.020254086703062057, 0.007823636755347252, 0.010729370638728142, 0.03044731914997101, -0.04000512883067131, -0.01615031622350216, -0.0004509181890171021, 0.018692005425691605, 0.009207004681229591, -0.0036536783445626497, 0.0034418709110468626, -0.013271059840917587, -0.001696114195510745, 0.01816248707473278, 0.005917370319366455, -0.018731720745563507, 0.0038787235971540213, 0.0021528240758925676, -0.019459808245301247, -0.0033591336105018854, -0.023682719096541405, 0.0052753291092813015, -0.015925271436572075, -0.026820117607712746, -0.020968936383724213, -0.011569981463253498, -0.012039928697049618, 0.01584584452211857, 0.005093306768685579, -0.02631707489490509, 0.004610121250152588, -0.004375147167593241, -0.013635103590786457, -0.0255889855325222, -0.0279585812240839, 0.02467556670308113, -0.004474432207643986, 0.02385481260716915, 0.031347502022981644, 0.00502711720764637, 0.014071956276893616, -0.009617381729185581, 0.0015174017753452063, -0.017593255266547203, 0.006731505040079355, 0.006996264215558767, 0.057876382023096085, 0.026383263990283012, 0.02531098946928978, -0.0050436644814908504, -0.004093840718269348, 0.017725635319948196, -0.016746025532484055, 0.016295934095978737, 0.0018979932647198439, 0.001565389335155487, 0.0048583331517875195, 0.03322729095816612, 0.017050499096512794, -0.007353689521551132, -0.012523114681243896, 0.009140814654529095, 0.014839758165180683, -0.0015521513996645808, 0.010537420399487019, -0.024860898032784462, 0.007135263178497553, -0.008710580877959728, -0.004739191383123398, 0.003192004282027483, 0.019698090851306915, -0.006523007061332464, -0.011053700931370258, -0.02268987149000168, -0.012907016091048717, -0.04117007181048393, -0.008445821702480316, 0.005169425159692764, 0.013833673670887947, 0.007075692061334848, 0.03002370335161686, 0.024966802448034286, -0.01904943212866783, -0.020280562341213226, -0.010232946835458279, -0.006983026396483183, 0.012271593324840069, 0.01968485303223133, -0.015117756091058254, 0.016468027606606483, 0.012258355505764484, -0.007400022353976965, 0.006943312473595142, -0.006536245346069336, -0.010550658218562603, 0.008935626596212387, 0.008187681436538696, 0.00949162058532238, 0.01376748364418745, 0.012152452021837234, 0.003385609481483698, -0.002313334261998534, 0.002579748397693038, -0.014310239814221859, -0.01213921420276165, 0.009173909202218056, 0.0329095795750618, 0.014813282527029514, -0.00612255884334445, -0.02223978005349636, -0.607887327671051, -0.016322409734129906, 0.016719549894332886, 0.012079643085598946, 0.002126348204910755, 0.040481697767972946, 0.0017192807281389832, 0.020558560267090797, -0.032115302979946136, 0.017659444361925125, -0.023801861330866814, 0.023868050426244736, -0.0162429828196764, -0.024715280160307884, 0.0024606066290289164, -0.012119356542825699, 0.012390734627842903, -0.025152133777737617, -0.0026823426596820354, 0.01764620654284954, -0.01977751962840557, 0.01748735085129738, -0.027217255905270576, 0.0033624430652707815, -0.018824385479092598, -0.009319527074694633, 0.009114339016377926, -0.012695208191871643, 0.016176793724298477, 0.035821933299303055, -0.02129988558590412, 0.0035014417953789234, 0.004864952061325312, 0.01989666186273098, 0.056234873831272125, -0.02348414994776249, -0.02899114228785038, -0.0012501602759584785, -0.0016845309874042869, 0.03261834383010864, -0.05350785329937935, 0.001426390721462667, 0.023325294256210327, 0.004712715279310942, 0.015250135213136673, 0.01783153787255287, -0.010563896037638187, -0.007373546250164509, 0.010179994627833366, -0.009445288218557835, 0.0013750935904681683, -0.023325294256210327, 0.0022157044149935246, 0.019075907766819, 0.00444795610383153, -0.022001497447490692, 0.01098089199513197, -0.01904943212866783, 0.009954949840903282, -0.006976407486945391, -0.014124908484518528, -0.009571048431098461, -0.03960799053311348, -0.04098473861813545, -0.013860149309039116, 0.014680903404951096, 0.01858610287308693, -0.03280367702245712, 0.007810399401932955, -0.0010400075698271394, 0.02160435914993286, -0.0010697930119931698, -0.011801646091043949, 0.007340451702475548, 0.003127469215542078, 0.013727769255638123, 0.03285662829875946, -0.021167505532503128, 0.003481584833934903, 0.007697876542806625, 0.0047292630188167095, -0.03023551218211651, -0.006714957766234875, -0.0061391061171889305, 0.020611511543393135, -0.0023944168351590633, -0.026277359575033188, -0.01916857250034809, -0.017209354788064957, -0.011139747686684132, -0.006069607101380825, 0.012079643085598946, -0.00044016234460286796, -0.02549632079899311, -0.013727769255638123, -0.004034269601106644, -0.0015099553856998682, -0.015303087420761585, 0.004739191383123398, -0.014786806888878345, -0.0022868583910167217, -0.0014421107480302453, -0.00380260543897748, 0.009438669309020042, -0.00786335114389658, -0.0012145832879468799, -0.009921854361891747, -0.000878669903613627, 0.03346557542681694, -0.0014164622407406569, -0.009167290292680264, 0.01376748364418745, -0.00018036726396530867, 0.007122024893760681, 0.0273231603205204, -0.04019046202301979, 0.022094164043664932, -0.013913100585341454, -0.016653358936309814, -0.019936375319957733, 0.03140045329928398, 0.0074926880188286304, 0.011205936782062054, -0.022292733192443848, 0.006109320558607578, 0.013158537447452545, 0.02460937574505806, 0.009663714095950127, -0.0020750509575009346, 0.0030414224602282047, 0.025324227288365364, -0.02421223744750023, -0.0009250027942471206, -0.004361909348517656, -0.013456391170620918, -0.03804590925574303, -0.006642148829996586, -0.0035080607049167156, -0.003729796502739191, -0.018943527713418007, -0.020677700638771057, -0.007413260173052549, -0.0056923250667750835, 0.017566779628396034, 0.0018648982513695955, -0.001969147240743041, -0.02695249579846859, 0.01855962723493576, -0.00558311166241765, -0.0005783335654996336, 0.021498454734683037, -0.03309491276741028, -0.004385075997561216, 0.018943527713418007, 0.0064766742289066315, -0.003676844760775566, 0.00299674435518682, -0.02008199319243431, -0.015289849601686, -0.03545127063989639, 0.007704495452344418, 0.035636600106954575, -0.017209354788064957, 0.006076226010918617, 0.01652098074555397, 0.012595923617482185, -0.00794277898967266, 0.01837429590523243, -0.017937442287802696, -0.02552279643714428, 0.0009630619315430522, 0.0026757237501442432, 0.006668624933809042, 0.005540088284760714, 0.010835274122655392, 4.7703211748739704e-05, -0.042520344257354736, -0.0268598310649395, 0.01438966765999794, -0.0031506356317549944, 0.00035597715759649873, 0.011616313830018044, -0.02238539792597294, -0.003241646569222212, 0.020095231011509895, -0.013456391170620918, -0.010888226330280304, 0.034577563405036926, -0.03719868138432503, 0.015369277447462082, 0.004428099375218153, 0.024251950904726982, -0.02960008941590786, -0.014019005000591278, -0.014852996915578842, -0.0009978115558624268, -0.004156720824539661, 0.009379098191857338, -0.009736523032188416, 0.012787873856723309, 0.010491087101399899, 0.012629018165171146, 0.034365758299827576, -0.024966802448034286, 0.009531334973871708, -0.026820117607712746, -0.006963169667869806, -0.013092347420752048, 0.01983047090470791, 0.007797161117196083, -0.02034675143659115, -0.01675926335155964, -0.0024705352261662483, -0.010047615505754948, 0.033147864043712616, 0.028726384043693542, -0.018665529787540436, 0.001081376220099628, -0.031162168830633163, -0.009908616542816162, -0.0005224859341979027, 0.004305648151785135, 0.033359672874212265, 0.015581084415316582, -0.023656243458390236, 0.004633287899196148, 0.024503473192453384, 0.01469414122402668, 0.00642041303217411, -0.007075692061334848, -0.010504324920475483, -0.0223324466496706, 0.00019267444440629333, -0.0003886583726853132, 0.0014818246709182858, 0.02050560712814331, 0.01743439957499504, -0.04019046202301979, 0.0026873068418353796, -0.029679516330361366, 0.011047082021832466, 0.005937227047979832, 0.004543931223452091, -0.018731720745563507, 0.015594322234392166, 0.0032350276596844196, 0.02317967638373375, -0.017381448298692703, -0.007903064601123333, 0.04402947053313255, 0.002870983676984906, 0.008591439574956894, -0.017619730904698372, 0.005500374361872673, 0.023073771968483925, 0.005023807752877474, -0.01213921420276165, 0.03778115287423134, 0.053375475108623505, 0.044585466384887695, 0.006102701649069786, 0.022372160106897354, 0.021339599043130875, -0.003594107460230589, 0.017421161755919456, 0.009379098191857338, 0.005076759494841099, -0.019909899681806564, -0.011106652207672596, -0.005679086782038212, -0.010669799521565437, -0.010967654176056385, 0.0021462049335241318, -0.01368805579841137, 0.01919504813849926, -0.002568165073171258, 0.016812214627861977, 0.005894203670322895, 0.017474113032221794, 0.0032499204389750957, -0.0255889855325222, -0.01926123909652233, 0.0171299260109663, 0.02835572138428688, 0.011338316835463047, -0.02013494446873665, -0.026264121755957603, 0.012205403298139572, -0.010318993590772152, 0.034206900745630264, 0.004567097872495651, 0.02339148335158825, -0.007962635718286037, 0.016507742926478386, -0.011199317872524261, -0.0005245543434284627, 0.027402587234973907, -0.004040888976305723, 0.03502765670418739, 0.0065329354256391525, -0.005033736117184162, 0.02983837202191353, -0.0111662233248353, 0.0013204870047047734, 0.031347502022981644, -0.024596137925982475, -0.009332764893770218, -0.004980784375220537, 0.013138679787516594, 0.009193766862154007, 0.009862284176051617, -0.032168254256248474, -0.027879154309630394, -0.002725366037338972, 0.006705029401928186, -0.011027224361896515, -0.007466212380677462, 0.021061601117253304, 0.040296364575624466, -0.0028627098072320223, -4.113593968213536e-05, -0.01633564941585064, -0.009782856330275536, -0.009253337047994137, 0.03354500234127045, 0.023894526064395905, 0.015673751011490822, 0.028911715373396873, -0.024331379681825638, 0.032565392553806305, -0.03245949000120163, -0.025165371596813202, 0.03513355925679207, -0.009087862446904182, -0.01654745638370514, -0.01743439957499504, 0.0039217472076416016, -0.018149249255657196, 0.004484360571950674, 0.015739940106868744, 0.026700975373387337, -0.006208605598658323, 0.00028027253574691713, 0.012483401224017143, 0.01067641843110323, 0.027720298618078232, 0.02713782712817192, 0.024040143936872482, 0.0247020423412323, 0.036457356065511703, 0.018268391489982605, -0.009670333005487919, 0.015978222712874413, -0.008373012766242027, 0.006245010066777468, 0.028699908405542374, 0.02446375973522663, -0.02758791856467724, -0.009120957925915718, 0.050542548298835754, 0.002516868058592081, 0.003726487047970295, -0.015673751011490822, -0.011219175532460213, -0.009676951915025711, 0.017619730904698372, 0.023523863404989243, -0.015183946117758751, 0.0084590595215559, -0.02999722771346569, 0.004593573976308107, 0.007009502500295639, -0.02092922292649746, 0.0013337249401956797, 0.011980358511209488, -0.003465037327259779, 0.020863031968474388, 0.008988577872514725, -0.005698943976312876, 0.015686988830566406, -0.02531098946928978, -0.013178394176065922, -0.021988259628415108, 0.0030761719681322575, 0.0029619946144521236, 0.006023273803293705, -0.015064803883433342, 0.0109544163569808, -0.018030108883976936, -0.029070571064949036, -0.005060212220996618, -0.0003133674617856741, -0.014270526356995106, -0.017566779628396034, -0.009226861409842968, -0.010014520026743412, -0.016163555905222893, 0.019274476915597916, 0.04402947053313255, 0.010087328962981701, -0.0030794816557317972, 0.003193659009411931, -0.01940685696899891, 0.023775385692715645, -0.01501185167580843, -0.027879154309630394, 0.018625816330313683, -0.013350487686693668, 0.002032027579843998, -0.032115302979946136, 0.01664012111723423, 0.009630619548261166, -0.008022206835448742, 0.029944276437163353, 0.0171299260109663, 0.025085942819714546, 0.0025582367088645697, -0.027614394202828407, 0.012384115718305111, -0.0225442536175251, 0.0136615801602602, 0.016838692128658295, -0.010292517952620983, 0.019936375319957733, 0.027640869840979576, 0.014919186010956764, 0.0038952711038291454, -0.0016655015060678124, -0.005523541010916233, 0.017394686117768288, 0.014111670665442944, 0.05104559287428856, -0.037887055426836014, -0.018758196383714676, 0.023325294256210327, -0.026449453085660934, -0.0020899437367916107, 0.003944913391023874, 0.023113487288355827, 0.03245949000120163, 0.0002568992495071143, 0.02397395484149456, -0.009160671383142471, -0.0014553487999364734, -0.030129607766866684, -0.022014735266566277, 0.004812000319361687, -0.007558878045529127, 0.004282481502741575, 0.0012940110173076391, -0.011656028218567371, -0.022080926224589348, 0.017924204468727112, 0.02388128824532032, -0.023497387766838074, -0.004404932726174593, 0.007565496955066919, -0.014402905479073524, -0.022795775905251503, -0.012834207154810429, -0.02008199319243431, 0.02217359095811844, 0.011881073005497456, -0.01722259260714054, -0.01064994279295206, 0.015673751011490822, 0.0011657682480290532, -0.032115302979946136, -0.004441337194293737, -0.023020820692181587, -0.004540621768683195, 0.012814349494874477, -0.008373012766242027, 0.01204654760658741, 0.01026604138314724, -0.02114102989435196, -0.023934239521622658, -0.026674499735236168, -0.01828162930905819, -0.028514577075839043, 0.0007946915575303137, 0.0122451176866889, 0.0407729335129261, 0.04495612904429436, 0.02899114228785038, -0.024768231436610222, 0.022676633670926094, 0.0035212987568229437, 0.00434205261990428, -0.020187895745038986, -0.007505925837904215, -0.008842960931360722, -0.01977751962840557, 0.02856752835214138, 0.026065552607178688, -0.005162806250154972, 0.01785801537334919, 0.01139126904308796, 0.0020005875267088413, -0.012238498777151108, -0.013608627952635288, -0.004034269601106644, -0.004146792460232973, -0.019962850958108902, 0.011490553617477417, 0.02081008069217205, 0.00421298248693347, -0.0030794816557317972, 0.007803780492395163, 0.015859082341194153, 0.030712079256772995, -0.00035142659908160567, 0.030976837500929832, -0.0025383797474205494, 0.04477079585194588, -0.016865167766809464, 0.002998399082571268, -0.021061601117253304, 0.02038646675646305, -0.002101526828482747, 0.012781254947185516, -0.011656028218567371, 0.017116688191890717, 0.002290167845785618, -0.002321608131751418, 0.013065870851278305, -0.0037959865294396877, 0.03063265047967434, -0.01748735085129738, 0.0005816430784761906, -0.02838219702243805, -0.01806982234120369, 0.016653358936309814, -0.03039436787366867, -0.009253337047994137, -0.024476997554302216, 0.005847870837897062, 0.02756144292652607, -0.010729370638728142, 0.0214455034583807, 0.0034120853524655104, -0.0032201348803937435, 0.002386143198236823, -0.035239461809396744, -0.007122024893760681, -0.017169639468193054, 0.03169168904423714, 0.011510410346090794, 0.025972887873649597, 0.02184264175593853, -0.00532497139647603, -0.008240632712841034, 0.004087221808731556, -0.008286966010928154, -0.0013726114993914962, 0.0003501855244394392, 0.03367738425731659, -0.0004823583294637501, -0.008697343058884144, 0.00014168758934829384, -0.014336715452373028, -0.03328024223446846, -0.021471979096531868, 0.012807730585336685, 0.020002564415335655, -0.0037165586836636066, -0.012860682792961597, 0.01428376417607069, -0.062377288937568665, 0.01358215231448412, -0.006493221968412399, 0.019155334681272507, -0.004560478962957859, 0.0005373786552809179, -0.032962530851364136, 0.05395794287323952, -0.004414861090481281, 0.04127597436308861, -0.002255418337881565, -0.007241166662424803, -0.02877933531999588, -0.005060212220996618, 0.005434184335172176, -0.009471763856709003, 0.0022868583910167217, 0.005914060864597559, 0.0005634409026242793, -0.0155016565695405, 0.015832606703042984, 0.011583219282329082, 0.009107720106840134, -0.011768550612032413, -0.02798505686223507, 0.024238713085651398, -0.009299670346081257, -0.003322729142382741, -0.0014123254222795367, 0.019605426117777824, 0.01368805579841137, 0.004087221808731556, -0.019856946542859077, -0.017990393564105034, 0.028249816969037056, 0.020373227074742317, 0.025046229362487793, 0.011603076010942459, 0.008313441649079323, -0.02591993473470211, 0.010001282207667828, -0.02503299154341221, -0.004143483005464077, 0.015197183936834335, 0.019089145585894585, -0.01797715574502945, -0.015408990904688835, -0.030129607766866684, -0.0122451176866889, 0.00933938380330801, 0.004219601396471262, 0.0017325186636298895, 0.01904943212866783, 0.036219071596860886, -0.0031489809043705463, 0.016746025532484055, 0.004699477460235357, -0.0037959865294396877, -0.046412304043769836, 0.020426180213689804, -0.02339148335158825, -0.021220456808805466, 0.030712079256772995, -0.006195367313921452, -0.03934323042631149, -0.0069168368354439735, 0.007790542207658291, 0.005225686822086573, -0.01417786069214344, -0.015369277447462082, -0.0021428954787552357, 0.00558311166241765, 0.009226861409842968, -0.029335329309105873, -0.021498454734683037, 0.03936970606446266, -0.02467556670308113, -0.0012865647440776229, 0.012754779309034348, -0.010596990585327148, 0.012807730585336685, -0.020148182287812233, 0.004279172047972679, 0.003663606708869338, -0.0506749302148819, 0.0048053814098238945, -0.023722432553768158, 0.013224726542830467, -0.005162806250154972, -0.018665529787540436, -0.0031026480719447136, -0.007982492446899414, -0.027852678671479225, 0.007797161117196083, -0.013992528431117535, -0.02336500771343708, 0.00794277898967266, -0.006155653856694698, -0.03251244127750397, 0.02324586547911167, -0.028514577075839043, -0.015289849601686, -0.021802928298711777, -0.0002906146983150393, -0.04220263287425041, -0.017116688191890717, 0.0015347765292972326, 0.021697023883461952, 0.026422977447509766, -0.02676716446876526, -0.026608308777213097, -0.02793210558593273, -0.04188492149114609, 0.00830682273954153, -0.023563576862215996, -0.009458526037633419, 0.004421480465680361, -0.0029437923803925514, 0.01673278771340847, 0.03428632766008377, -0.01785801537334919, -0.0164547897875309, -0.017937442287802696, -0.014019005000591278, -0.0036503688897937536, 0.0016125496476888657, 0.022186828777194023, -0.004348671529442072, -0.02591993473470211, 0.0041798874735832214, 0.008624534122645855, -0.018811147660017014, 0.024834422394633293, -0.0018251844448968768, -0.012066405266523361, 0.016415076330304146, 0.008670867420732975, 0.008253871463239193, 0.0559171624481678, 0.0032466109842061996, 0.023921001702547073, -0.03433927893638611, -0.005652611143887043, 0.02519184723496437, -0.014985376037657261, -0.0005994315724819899, -0.00794277898967266, 0.018016869202256203, 0.02010846883058548, -0.00841272622346878, -0.0025069396942853928, 0.006863884627819061, 0.0010499360505491495, -0.02713782712817192, 0.011642790399491787, -0.016044413670897484, -0.0003323970304336399, 0.0057452768087387085, -0.0028792573139071465, -0.0018715172773227096, 0.008478916250169277, 0.030553223565220833, 0.012695208191871643, 0.009604143910109997, -0.0037529629189521074, 0.014998613856732845, 0.01521042175590992, 0.027826201170682907, 0.004808690864592791, -0.015197183936834335, -0.017871253192424774, -0.03754286840558052, -0.007181596010923386, -0.012066405266523361, -0.0007669745828025043, -0.008339918218553066, -0.025866983458399773, 0.0015910378424450755, 0.021855879575014114, 0.017619730904698372, 0.00745297409594059, 0.0030811363831162453, 0.024503473192453384, 0.005162806250154972, -0.028885239735245705, -0.006949931383132935, -0.013648341409862041, -0.009293051436543465, 0.0030910647474229336, 0.014402905479073524, -0.00010931662836810574, 0.01317177526652813, 0.2291756421327591, -0.000678445678204298, 0.025456605479121208, 0.03513355925679207, 0.019459808245301247, 0.0074397362768650055, -0.00256651034578681, 0.004332123789936304, -0.010332231409847736, 0.005487136542797089, 0.013727769255638123, -0.009624000638723373, -0.028699908405542374, -0.0004480223578866571, -0.008320060558617115, -0.00889591220766306, -0.03608669340610504, -0.009657095186412334, -0.009120957925915718, -0.007658162619918585, 0.005169425159692764, 0.006562720984220505, -0.00938571710139513, -0.019234763458371162, 0.02591993473470211, -0.010113805532455444, -0.0040508173406124115, 0.025059467181563377, 0.02069093845784664, 0.019764281809329987, -0.034392233937978745, -0.0004914594464935362, 0.006810932885855436, 0.01858610287308693, -0.018639054149389267, 0.001561252516694367, 0.003882033284753561, -0.012403973378241062, 0.03804590925574303, 0.011755312792956829, -0.028329243883490562, -0.015607560984790325, -0.009107720106840134, -0.0075721158646047115, -0.0006958205485716462, 0.038866665214300156, 0.010385183617472649, -0.001701078494079411, -0.015567846596240997, 0.044426608830690384, -0.0184007715433836, 0.008856198750436306, -0.005473898258060217, 0.024410806596279144, 0.012000215239822865, 0.007201452739536762, -0.005070140585303307, -0.03166521340608597, 0.002445714082568884, 0.014588236808776855, -0.009107720106840134, 0.011993596330285072, -0.013992528431117535, -0.011854597367346287, -0.014402905479073524, -0.017302019521594048, 0.0015463597374036908, 0.0074926880188286304, 0.03505413234233856, -0.003307836363092065, -0.0015893831150606275, -0.009134195744991302, 0.006652077194303274, 0.014085195027291775, -0.029097046703100204, -0.01016013789921999, -0.003597416914999485, 0.004507527220994234, 0.016666598618030548, 0.0028941500931978226, 0.005533469375222921, -0.016587169840931892, -0.01121255662292242, -0.04453251510858536, -0.02613174170255661, -0.026939257979393005, -0.012073024176061153, 0.00822739489376545, -0.015964984893798828, 0.02034675143659115, -0.0025532725267112255, -0.008128110319375992, -0.020373227074742317, -0.036404404789209366, 5.776096440968104e-05, 0.023404721170663834, -0.012059786356985569, 0.019737806171178818, -0.007128644268959761, 0.004004484508186579, -0.01825515367090702, -0.011563362553715706, 0.004613430704921484, 0.01358215231448412, -0.013754245825111866, -0.007790542207658291, 0.026568595319986343, 0.0037132492288947105, 0.004944379907101393, -0.012959967367351055, 0.012476782314479351, -0.0023265723139047623, 0.00036383719998411834, -0.0106168482452631, 0.0011806610273197293, 0.011603076010942459, -0.007161738816648722, -0.030579699203372, 0.03322729095816612, 0.018414009362459183, 0.0368015430867672, 0.014945662580430508, 0.0012063095346093178, 0.013674817979335785, -0.010378564707934856, 0.01389986276626587, -0.04273214936256409, -0.0018648982513695955, 0.008816484361886978, -0.03873428329825401, 0.028117436915636063, -0.032724250108003616, 0.01020647119730711, -0.01054403930902481, -0.019181810319423676, -0.024026906117796898, 0.007340451702475548, -0.0024572971742600203, -0.014217574149370193, 0.0050668311305344105, 0.0158193688839674, -0.00010197369556408376, 0.021895593032240868, -0.00693669356405735, 0.0018218748737126589, -0.014641189016401768, -0.006327747367322445, 0.0041269357316195965, -0.033783286809921265, -0.0010706203756853938, 0.007214691024273634, 0.00994833093136549, -0.006850646808743477, -0.011503791436553001, 0.047868479043245316, -0.011768550612032413, -0.04217615723609924, -0.0324859656393528, 0.011477315798401833, 0.0032482657115906477, -0.039925701916217804, -0.003882033284753561, 0.03656325861811638, -0.021339599043130875, 0.0003483239561319351, -0.033571477979421616, -0.1664806455373764, 0.033756811171770096, -0.0007822809857316315, -0.02299434505403042, 0.005182663444429636, 0.02345767430961132, 0.021432265639305115, 0.008141348138451576, 0.0011905895080417395, -0.001281600445508957, 0.030897410586476326, 0.01919504813849926, -0.033147864043712616, 0.02896466664969921, 0.003819152945652604, -0.0051992107182741165, -0.04122302308678627, 0.020677700638771057, 0.056870296597480774, 0.03696039691567421, 0.03939618170261383, -0.02172349952161312, 0.02591993473470211, 0.003514679614454508, 0.006453508045524359, 0.019751043990254402, 0.002035337034612894, -0.004762358032166958, -0.0018764814594760537, -0.04169958829879761, -0.006145725026726723, -0.008518630638718605, 0.004014412872493267, -0.0037827484775334597, -0.005497064907103777, 0.014455857686698437, -0.01034546922892332, -0.008651009760797024, 0.003756272606551647, -0.0011475661303848028, 0.03177111595869064, 0.0017556850798428059, -0.020095231011509895, 0.019631901755928993, -0.00652631651610136, 0.0455121248960495, 0.019671615213155746, -0.02081008069217205, 0.01438966765999794, 0.020955698564648628, 0.005910751409828663, -0.005851180292665958, -0.0020800151396542788, 0.001221202197484672, 0.010146900080144405, 0.017196116968989372, -0.03187701851129532, -0.003352514700964093, -0.031056266278028488, 0.0037628915160894394, -0.0063707707449793816, -0.02880581095814705, -0.003934985026717186, -0.01783153787255287, 0.007565496955066919, 0.006178820040076971, -0.0017507208976894617, 0.01501185167580843, -0.02348414994776249, 0.015289849601686, -0.024013668298721313, -0.025787554681301117, 0.012430449016392231, 0.00609939219430089, 0.00652631651610136, 0.006943312473595142, -0.0021395860239863396, -0.0029437923803925514, 0.024318141862750053, -0.013648341409862041, -0.018228678032755852, 0.012900397181510925, -0.02099541202187538, 0.008584819734096527, -0.021697023883461952, 0.0169181190431118, -0.011523648165166378, 0.00108551315497607, -0.0069168368354439735, -0.012212022207677364, 0.035001177340745926, -0.03714573010802269, -0.034630514681339264, -0.010941177606582642, 0.0277467742562294, 0.01417786069214344, -0.010795560665428638, 0.0037066300865262747, 0.005781681276857853, -0.0010706203756853938, -0.01060360949486494, -0.02549632079899311, -0.0019525998504832387, 0.0014636224368587136, 0.023470912128686905, 0.014641189016401768, -0.00020591240900103003, 0.024900611490011215, 0.04323519393801689, 0.010630086064338684, -0.026158219203352928, 0.013072490692138672, 0.022623682394623756, 0.03330671787261963, 0.007876588962972164, 0.0027419135440140963, -0.018784672021865845, 0.006301271263509989, 0.03735753521323204, -0.022411873564124107, 0.05904132127761841, -0.01305263303220272, -0.01977751962840557, -0.007426498457789421, 0.0017887799767777324, 0.013926339335739613, -0.07789218425750732, -0.03674859181046486, 0.02156464383006096, 0.008293584920465946, -0.008783389814198017, -0.029944276437163353, -0.03534536436200142, 0.015197183936834335, -0.02695249579846859, 0.04183197021484375, -0.018334580585360527, -0.022769300267100334, -0.0164945051074028, -0.022888440638780594, 0.012377496808767319, -0.012959967367351055, -0.007783923298120499, -0.0020733962301164865, 1.8305623598280363e-05, 0.018083060160279274, -0.02917647361755371, -0.042785100638866425, 0.013224726542830467, 0.002978542121127248, -0.01858610287308693, -0.0039018902461975813, -0.018612578511238098, 0.017725635319948196, 0.026648024097085, -0.001954254461452365, -0.0021379312966018915, -0.03402157127857208, 0.039475612342357635, -0.010332231409847736, -0.0072874994948506355, -0.023629767820239067, -0.04363233223557472, -0.0030083274468779564, 0.02591993473470211, -0.01697107031941414, 0.005715491250157356, 0.0015529787633568048, 0.01147069688886404, -0.019393619149923325, -0.0036205833312124014, 0.008220775984227657, 0.000541101791895926, 0.017447637394070625, 0.009921854361891747, -0.017302019521594048, -0.05136330425739288, 0.01806982234120369, -0.025059467181563377, -0.030579699203372, 0.0216573104262352, 0.00923348031938076, 0.004874880425632, 0.007280880585312843, -0.01080217957496643, -0.01409843284636736, -0.0007388439262285829, -0.02388128824532032, -0.006493221968412399, 0.0219088327139616, -0.018308104947209358, 0.020611511543393135, 0.007830256596207619, -0.020307037979364395, -0.005248853005468845, -0.002386143198236823, -0.01992313750088215, -0.0021412407513707876, -0.018030108883976936, 0.007949397899210453, -0.023682719096541405, 0.012873920612037182, -0.030553223565220833, -0.025085942819714546, 0.019459808245301247, -0.008101634681224823, -0.009749760851264, -0.01301953848451376, -0.018731720745563507, -0.01072275172919035, 0.016931356862187386, -0.00894224550575018, 0.014760330319404602, 0.0051760440692305565, 0.01449557114392519, -0.01919504813849926, -0.0045737167820334435, 0.010888226330280304, 0.020770367234945297, -0.01134493574500084, 0.006489912047982216, -0.005417637061327696, 0.010709513910114765, 0.013522581197321415, 9.747486183186993e-05, -0.01752706617116928, 0.00719483382999897, -0.021273409947752953, -0.0510985441505909, 0.027508491650223732, -0.005831323564052582, -0.0216573104262352, -0.01947304606437683, -0.01865229196846485, 0.014945662580430508, -0.01813601143658161, -0.00338395475409925, 0.009696809574961662, -0.012284831143915653, 0.016600407660007477, -0.01940685696899891, -0.004133554641157389, -0.02819686569273472, -0.0041831969283521175, -0.0009696808992885053, -0.0041070785373449326, 0.018917052075266838, 7.182630361057818e-05, -0.011543504893779755, -0.02172349952161312, 0.026092028245329857, 0.0032383371144533157, -0.016838692128658295, 0.009729904122650623, 0.009478382766246796, 0.01563403569161892, -0.006890360731631517, -0.025456605479121208, 0.0032912890892475843, -0.008664247579872608, -0.005950465332716703, 0.03309491276741028, -0.004093840718269348, -0.008624534122645855, -0.0028114127926528454, 0.04797438532114029, 0.023325294256210327, -0.016679836437106133, -0.017699159681797028, -0.017659444361925125, 0.023139962926506996, -0.009246718138456345, -0.033809762448072433, 0.000879497267305851, 0.010179994627833366, -0.011278745718300343, 0.0007227101596072316, 0.03778115287423134, 0.019234763458371162, 0.010808798484504223, 0.0184007715433836, -0.015647273510694504, -0.007671400438994169, -0.03349205106496811, 0.01490594819188118, 0.004904665984213352, -0.004950998816639185, -0.021855879575014114, 0.05739981681108475, -0.00463990680873394, 0.023470912128686905, -0.04694182425737381, 0.022491302341222763, 0.00037810936919413507, -0.014151384122669697, 0.014019005000591278, 0.020518844947218895, -0.031559307128190994, 0.005278638564050198, 0.007280880585312843, 0.01145083922892809, 0.009762998670339584, 0.005113163962960243, 0.01023956574499607, -0.0025267964228987694, 0.0004815309657715261, -0.0012493329122662544, 0.015250135213136673, 0.027455538511276245, -0.02941475808620453, -0.03502765670418739, 0.008088396862149239, 0.0036834636703133583, 0.0320623517036438, 0.0019062669016420841, -0.004759048577398062, 0.0010987510904669762, 0.03492175042629242, -0.02141902782022953, 0.001160804065875709, -0.027879154309630394, -0.0027468777261674404, -6.143243081169203e-05, 0.009829188697040081, 0.016070889309048653, 0.009776237420737743, -0.0014818246709182858, 0.034392233937978745, 0.0027617705054581165, 0.007585353683680296, 0.0008124801097437739, 0.01294672954827547, -0.0022636919748038054, 0.007472831290215254, -0.036616209894418716, -0.016282696276903152, -0.003448489820584655, 0.0355306975543499, 0.026912782341241837, -0.03817829117178917, 0.0015736630884930491, 0.002238870831206441, -0.01417786069214344, 0.00022773435921408236, 0.010663180612027645, -0.0038224624004215, -0.012807730585336685, 0.04307633638381958, 0.001955909188836813, -0.011411125771701336, 0.012536352500319481, 0.0012344402493909001, 0.024172523990273476, 0.03627202287316322, 0.00693669356405735, 0.017924204468727112, 0.03185054287314415, 0.010702895000576973, -0.003468346782028675, 0.00943205039948225, -0.013966052792966366, -0.020254086703062057, 0.008366393856704235, -0.00556656438857317, -0.023775385692715645, -0.0021197290625423193, -0.009061386808753014, 0.06491898000240326, 0.020161420106887817, -0.01067641843110323, -0.008571581915020943, -0.0010482813231647015, 0.01727554388344288, 0.014482333324849606, 0.006155653856694698, 0.002788246376439929, -0.025814032182097435, 0.005659230053424835, -0.01938038133084774, 0.013085728511214256, -0.028488099575042725, 2.8053109417669475e-05, -0.0006259075016714633, 0.005070140585303307, -0.011702360585331917, -0.028223341330885887, -0.010272660292685032, 0.004656454082578421, 0.016653358936309814, 0.00010621398541843519, 0.018268391489982605, -0.00719483382999897, -0.016348887234926224, 0.01952599734067917, -0.007148500997573137, 0.01572670228779316, -0.06592506170272827, -0.010729370638728142, -0.008962102234363556, -0.035398319363594055, -0.007221309933811426, 0.005506993271410465, -0.011483934707939625, 0.0014098432147875428, 0.014244049787521362, 0.013846911489963531, 0.001428045448847115, -0.0069168368354439735, 0.020465893670916557, -0.0167063120752573, -0.029467709362506866, 0.03447166085243225, -0.030341414734721184, -0.0008761878125369549, -0.002046920359134674, -0.00959752406924963]"
7204,"Axios with react native not returning document and crashes app<h1>Edit</h1>
<p>Ok, so my method was just fine. For some reason, when I changed <code>const response = await...</code> to <code>const res = await..</code> (or any other name besides &quot;response&quot; for that matter), it worked.. If this isn't a memory leak, then I have no idea what the heck this could have been. If anyone has any insight, I'd appreciate it.</p>
<hr />
<p>I am making a request from my client:</p>
<pre><code>const config = { headers: { &quot;Content-Type&quot;: &quot;application/json&quot; } };

const data = JSON.stringify({ postId });

console.log('sending request'); // prints

const response = await axios.post(
  `http://${GATEWAY}:5000/api/posts/single`,
  data,
  config
);

console.log(&quot;response received&quot;); // never reached
</code></pre>
<p>But <code>request received</code> is never printed.</p>
<p>My backend route has this,</p>
<pre><code>const post = await Post.findById(postId).populate(&quot;likes&quot;);

console.log(post); // prints post

return res.json(post);
</code></pre>
<p>And it appropriately find the post and logs it to the console. I'm not sure what's going on. No errors are printed anywhere and the app crashes after some time. It's probably waiting for the response.</p>
<p>Also, when I do</p>
<p><code>return res.json(null)</code></p>
<p>my client receives the response. But when I try to return the <code>post</code> or even if I try to</p>
<p><code>return res.json( { msg: &quot;Hello World&quot; } );</code></p>
<p>it hangs.</p>
<p>In addition, I do similar axios requests throughout the app -- they work and behave as expected. Not sure what I'm doing wrong here.</p>
<p>I've even tried,</p>
<pre><code>const response = await axios.get(
  `http://${GATEWAY}:5000/api/posts/${postId}`,
);
</code></pre>
<p>But it behaves and fails in the same way. If I let the request hang for too long, the app just gives up and crashes.</p>
<p>Note, also, I'm using <code>axios</code> instead of <code>axios-react-native</code></p>
",Can you share some relevant code which might cause the error?,"Embed Field: Axios with react native not returning document and crashes app<h1>Edit</h1>
<p>Ok, so my method was just fine. For some reason, when I changed <code>const response = await...</code> to <code>const res = await..</code> (or any other name besides &quot;response&quot; for that matter), it worked.. If this isn't a memory leak, then I have no idea what the heck this could have been. If anyone has any insight, I'd appreciate it.</p>
<hr />
<p>I am making a request from my client:</p>
<pre><code>const config = { headers: { &quot;Content-Type&quot;: &quot;application/json&quot; } };

const data = JSON.stringify({ postId });

console.log('sending request'); // prints

const response = await axios.post(
  `http://${GATEWAY}:5000/api/posts/single`,
  data,
  config
);

console.log(&quot;response received&quot;); // never reached
</code></pre>
<p>But <code>request received</code> is never printed.</p>
<p>My backend route has this,</p>
<pre><code>const post = await Post.findById(postId).populate(&quot;likes&quot;);

console.log(post); // prints post

return res.json(post);
</code></pre>
<p>And it appropriately find the post and logs it to the console. I'm not sure what's going on. No errors are printed anywhere and the app crashes after some time. It's probably waiting for the response.</p>
<p>Also, when I do</p>
<p><code>return res.json(null)</code></p>
<p>my client receives the response. But when I try to return the <code>post</code> or even if I try to</p>
<p><code>return res.json( { msg: &quot;Hello World&quot; } );</code></p>
<p>it hangs.</p>
<p>In addition, I do similar axios requests throughout the app -- they work and behave as expected. Not sure what I'm doing wrong here.</p>
<p>I've even tried,</p>
<pre><code>const response = await axios.get(
  `http://${GATEWAY}:5000/api/posts/${postId}`,
);
</code></pre>
<p>But it behaves and fails in the same way. If I let the request hang for too long, the app just gives up and crashes.</p>
<p>Note, also, I'm using <code>axios</code> instead of <code>axios-react-native</code></p>; Answer: Can you share some relevant code which might cause the error?","[0.005312221124768257, 0.013440720736980438, -0.007200862746685743, -0.005539125297218561, -0.026721274480223656, 0.006737044546753168, -0.0006381672574207187, -0.02022114396095276, -0.0084755290299654, -0.019820725545287132, 0.0323004424571991, -0.00013931233843322843, -0.002676131669431925, -0.0026794683653861284, -0.0007403574418276548, -0.010918082669377327, 0.0166440699249506, -0.006790433544665575, -0.003954134415835142, -0.017565032467246056, 0.004451320972293615, 0.01560298167169094, -0.014748754911124706, 0.04113634675741196, 0.0036071049980819225, 0.008368751034140587, 0.020314574241638184, -0.0387338325381279, 0.014668671414256096, -0.020461395382881165, 0.02768227830529213, 0.010324128903448582, -0.03307458385825157, 0.0007987518329173326, -0.01382779236882925, -0.016417166218161583, -0.012933523394167423, -0.01648390293121338, 0.010417559184134007, 0.006326615344733, 0.034382618963718414, -0.018926456570625305, -0.016030095517635345, -0.0027812414336949587, -0.004391258116811514, 0.030191568657755852, 0.0026043897960335016, -0.03171316161751747, -0.012546451762318611, 0.02393168956041336, 0.024358803406357765, 0.008455508388578892, -0.03091232292354107, 0.0033051224891096354, 0.005535788368433714, -0.002619405509904027, 0.010811304673552513, 0.018072230741381645, 0.018726246431469917, 0.003753925208002329, 0.032700859010219574, 0.003803977509960532, 0.008128499612212181, -0.002252355217933655, -0.03603768348693848, -0.015309341251850128, -0.0010235703084617853, 0.02869667299091816, -0.012092644348740578, -0.009503270499408245, -0.0003570400003809482, 0.012266159057617188, -0.012760008685290813, -0.0021856187377125025, 0.012025907635688782, -0.008121825754642487, -0.0067804232239723206, -0.0061631109565496445, -0.014415073208510876, 0.010043835267424583, 0.01434833649545908, -0.004050902556627989, -0.02784244529902935, 0.021288927644491196, 0.005822754930704832, 0.008889295160770416, 0.013814444653689861, 0.024492276832461357, 0.007320988457649946, -0.021849513053894043, 0.007501176558434963, 0.013133732602000237, -0.0015115805435925722, 0.003643810050562024, 0.011171681806445122, -0.01733812876045704, -0.011024861596524715, 0.017391517758369446, -0.03358178213238716, -0.009363123215734959, -0.041323207318782806, 0.012566473335027695, -0.015856580808758736, -0.020448047667741776, -0.011879087425768375, 0.031152574345469475, 0.005839439108967781, -0.016510596498847008, 0.04340538755059242, -0.020995287224650383, 0.012486389838159084, 0.021836165338754654, 0.014588587917387486, 0.002010435564443469, -0.011238417588174343, -0.0011937482049688697, 0.010984819382429123, -0.01732478104531765, -0.013600887730717659, 0.006960611324757338, 0.0018469311762601137, 0.02055482566356659, 0.021756082773208618, -0.0009676784975454211, 0.005462378263473511, 0.008755821734666824, -0.013894528150558472, 0.0012871791841462255, -0.008348729461431503, -0.0006123069324530661, 0.03024495765566826, 0.02119549550116062, -0.0029480825178325176, -0.006523487623780966, -0.013881181366741657, 0.010130592621862888, 0.00231575476936996, 0.007341009099036455, 0.002572690136730671, -0.023477882146835327, 0.048824384808540344, 0.02973776124417782, 0.005886154714971781, 0.03323475271463394, -0.03326144441962242, 0.04583459347486496, -0.002921388018876314, -0.004337869118899107, 0.0008354568853974342, 0.0013072001747786999, -0.012800050899386406, -0.012780029326677322, -0.01697775162756443, -0.013587540946900845, -0.023557966575026512, 0.033181361854076385, -0.022783823311328888, 0.006653623655438423, -0.022330015897750854, -0.030298346653580666, 0.013721013441681862, 0.041189733892679214, -0.015336035750806332, -0.0019403622718527913, 0.011685552075505257, 0.008942684158682823, 0.015416119247674942, -0.0015766485594213009, -0.005332242231816053, -0.02172938734292984, -0.020741688087582588, 0.01390787586569786, 0.0017151266802102327, 0.026240771636366844, 0.008882621303200722, 0.006083027459681034, 0.0038673770613968372, 0.006333288736641407, -0.003924102988094091, -0.008115151897072792, -0.020795077085494995, 0.004714929964393377, 0.03259408101439476, 0.018058883026242256, -0.011311828158795834, 0.004454657901078463, 0.026587801054120064, -0.010224023833870888, -0.025026168674230576, 0.0022873918060213327, 0.005415662657469511, 0.019286833703517914, -0.008722453378140926, -0.04329860582947731, -0.6111990809440613, -0.009062809869647026, 0.03259408101439476, 0.004764982499182224, 0.002070498187094927, 0.01494896411895752, -0.01213268656283617, 0.028296254575252533, -0.023838259279727936, 0.01867285743355751, -0.013974612578749657, 0.02430541440844536, -0.005255495198071003, 0.01077126245945692, 0.013694318942725658, -0.01697775162756443, 0.026881441473960876, -0.014762102626264095, 0.00585612328723073, 0.007981679402291775, -0.011758961714804173, 0.02646767534315586, -0.033021192997694016, 0.0029647666960954666, -0.01188576128333807, -0.003283433150500059, 0.002594379475340247, -0.0025193009059876204, -0.018579427152872086, 0.028750061988830566, -0.03958806023001671, 0.027201775461435318, 0.0171379204839468, 0.027762362733483315, 0.058300960808992386, 0.005435683764517307, -0.017524991184473038, 0.03937450423836708, -0.009396491572260857, 0.025680184364318848, -0.014802143909037113, 0.014094737358391285, 0.02035461738705635, -0.004357890225946903, -0.028750061988830566, -0.014668671414256096, 0.015175867825746536, -0.009850299917161465, -0.010350823402404785, -0.0009276366326957941, 0.012533104978501797, 0.006556855980306864, -0.005742671433836222, 0.045407477766275406, 0.00044379738392308354, -0.018752941861748695, 0.02446558140218258, 0.022330015897750854, 0.012739988043904305, 0.0168309323489666, -0.009189608506858349, 0.016604028642177582, -0.030511904507875443, -0.02035461738705635, -0.026534412056207657, -0.010217349976301193, 0.023304367437958717, -0.007841533049941063, -0.0031883337069302797, -0.01813896745443344, 0.024906042963266373, 0.016750847920775414, 0.007494503166526556, -0.006009617354720831, 0.005308884661644697, 0.03344830870628357, 0.04297827184200287, 0.0019753987435251474, -0.019580474123358727, -0.000807511038146913, 0.012019234709441662, 0.0021288925781846046, -0.052187900990247726, -0.006650287192314863, 0.030485209077596664, 0.0020187776535749435, -0.03173985332250595, -0.01955377869307995, 0.00560586154460907, -0.017591727897524834, -0.00303817680105567, 0.009783563204109669, 0.00590283889323473, -0.017524991184473038, 0.015322688035666943, 0.02238340489566326, 0.0018035524990409613, 0.0106110954657197, 0.019473696127533913, -0.02191624976694584, -0.01494896411895752, -0.005735997576266527, 0.008362077176570892, 0.02866997756063938, 0.024198636412620544, -0.00029301471658982337, -0.024358803406357765, -0.007120778784155846, 0.02614733949303627, -0.016590680927038193, -0.02426537312567234, -0.008281992748379707, -0.007868227548897266, -0.025052862241864204, -0.01195917185395956, -0.03478303551673889, 0.024011773988604546, -0.011905781924724579, -0.005238811019808054, 0.011999213136732578, 0.010390864685177803, -0.023851606994867325, 0.02955089882016182, 0.002629416063427925, -0.0028679987881332636, 0.004975202027708292, 0.005482399370521307, -0.008829232305288315, -0.013147080317139626, 0.023891648277640343, 0.016030095517635345, -0.015389424748718739, 0.030138179659843445, -0.0036171155516058207, -0.001174561446532607, -0.011084924452006817, -0.001821905025281012, 0.001203758642077446, 0.008635696023702621, -0.022677045315504074, -0.01799214631319046, 0.022810518741607666, 0.009756868705153465, 0.0022606970742344856, -0.014361683279275894, 0.004094281233847141, -0.02257026731967926, 0.021262232214212418, -0.00573266064748168, 0.015883274376392365, 0.021809471771121025, -0.012659904547035694, -0.00734768295660615, 0.007701386231929064, 0.0030898975674062967, -0.005675934720784426, 0.015923315659165382, -0.02650771662592888, -0.023651396855711937, -0.007694712374359369, 0.009983772411942482, 0.031819939613342285, -0.004578120540827513, 0.031125878915190697, -0.02936403639614582, -0.022703738883137703, -0.014388377778232098, 0.009289713576436043, -0.0011353538138791919, -0.02816278114914894, -0.017391517758369446, -0.022850560024380684, -0.013127059675753117, -0.0032767595257610083, -0.007501176558434963, 0.017031140625476837, -0.034542784094810486, -0.0035103370901197195, -0.0037672724574804306, 0.005078643560409546, 0.013187122531235218, 0.01784532703459263, -0.015749800950288773, -0.0171379204839468, 0.019980892539024353, 0.01434833649545908, 0.006333288736641407, 0.058674685657024384, -0.014188168570399284, 0.028429726138710976, -0.004985212814062834, -0.003937450237572193, -0.030832238495349884, -0.009022767655551434, -0.017778590321540833, -0.004060912877321243, 0.016577333211898804, 0.025039514526724815, 0.0013539156643673778, 0.029070395976305008, -0.019086623564362526, -0.0054056523367762566, 0.02971106581389904, -0.015135826542973518, -0.0033017857931554317, -0.021088717505335808, -0.016884321346879005, -0.007267598994076252, 0.012780029326677322, -0.005058622919023037, -0.0026110634207725525, 0.022156501188874245, -0.006640276405960321, -0.006316605024039745, -0.007761449087411165, 0.006673644762486219, -0.011685552075505257, 0.018619468435645103, -0.013347289524972439, 0.005395642016083002, -0.004915139172226191, -0.02003428153693676, 0.0014790465356782079, -0.0013113712193444371, -0.01257314719259739, 0.016216956079006195, -0.002285723341628909, 0.01316042710095644, -0.016337081789970398, -0.027361944317817688, 0.002951419446617365, 0.01342737302184105, -0.004921813029795885, -0.007834859192371368, 0.006643613334745169, 0.01867285743355751, 0.021529177203774452, 0.011218396946787834, 0.027281859889626503, -0.03432922810316086, 0.006276562809944153, -0.00764799676835537, 0.010384191758930683, -0.017231350764632225, 0.0021622609347105026, 0.015069089829921722, 0.02648102305829525, 0.008342055603861809, 0.009790237061679363, 0.02035461738705635, -0.009042788296937943, 0.030004706233739853, 0.010931430384516716, -0.013193795457482338, 0.01342070009559393, 0.005906175822019577, -0.0015049069188535213, 0.020648257806897163, 0.034542784094810486, 0.018259091302752495, 0.004588130861520767, 0.0017084530554711819, 0.011218396946787834, -0.0022707076277583838, -0.017258046194911003, 0.00615643709897995, -0.027628889307379723, -0.019393611699342728, -0.027468722313642502, -0.015656370669603348, -0.008862600661814213, -0.0336618646979332, 0.010390864685177803, -0.02407851070165634, 0.024358803406357765, 0.0011762299109250307, 0.039641451090574265, 0.0016033431747928262, 0.027442026883363724, 0.011598794721066952, -0.027241818606853485, -0.02275712788105011, 0.03398219868540764, 0.012446347624063492, 0.007461134810000658, -0.016710806638002396, -0.005198769271373749, 0.01315375417470932, 0.005962901748716831, 0.014481808990240097, -0.006173121277242899, 0.009990446269512177, 0.014308294281363487, -0.017378171905875206, -0.012359590269625187, -0.008895968087017536, 0.04409944638609886, 0.005926196463406086, 0.01213935948908329, -0.01800549402832985, 0.012493062764406204, 0.027628889307379723, -0.026013867929577827, 0.013173774816095829, 0.01901988685131073, 0.0004538078501354903, 0.004571446683257818, -0.04484689235687256, 0.025720227509737015, -0.014908922836184502, -0.0015741459792479873, -0.007848205976188183, 0.0026494369376450777, -0.01290682889521122, 0.00037497541052289307, -0.014041348360478878, -0.04110965132713318, -0.003168312832713127, 0.0329144150018692, -0.007688038982450962, -0.021622609347105026, -0.013560846447944641, -0.012606514617800713, -0.0007078234339132905, 0.043725721538066864, 0.009096178226172924, -0.008769169449806213, 0.008582307025790215, 0.004641519859433174, -0.007394398562610149, -0.027415333315730095, -0.028750061988830566, -0.00011376478505553678, -0.015696411952376366, -0.00513203302398324, -0.009476576000452042, -0.0016458876198157668, 0.014241557568311691, 0.031659770756959915, -6.027135532349348e-05, 0.01764511689543724, -0.010023814626038074, 0.007094084285199642, -0.017017794772982597, -0.010584400966763496, -0.003793966956436634, 0.003820661688223481, 0.026707926765084267, 0.041696932166814804, 0.010010466910898685, 0.006987306289374828, 0.0214090533554554, 0.010244044475257397, 0.0033434960059821606, 0.021689346060156822, 0.007914942689239979, 0.02171603962779045, 0.01869955286383629, 0.005912849213927984, 0.04588798061013222, 0.015309341251850128, 0.012493062764406204, 0.009409839287400246, 0.014468462206423283, -0.003174986457452178, 0.010143940337002277, 0.004357890225946903, 0.02681470476090908, 0.01597670651972294, -0.016323735937476158, -0.013260532170534134, 0.0004650696355383843, -0.005282189697027206, -0.006873853970319033, -0.011098271235823631, -0.0054390206933021545, -0.013494109734892845, -0.014628629200160503, 0.0205414779484272, -0.02123553864657879, 0.0028212834149599075, -0.03496989980340004, -0.015376077964901924, -0.009957077912986279, -0.017912061884999275, -0.013373984023928642, 0.0047716558910906315, 5.443191548692994e-05, -0.03171316161751747, -0.02888353541493416, -0.029657676815986633, 0.002514295745640993, -0.0020254512783139944, -0.00214224006049335, 0.007948311045765877, 0.009957077912986279, -0.009236324578523636, 0.0025910425465554, 0.02329101972281933, 0.016377124935388565, 0.029150480404496193, -0.012266159057617188, 0.005338915623724461, 0.01935357041656971, -0.04249776899814606, -0.03195341303944588, -0.022129805758595467, -0.024879347532987595, 0.006416709627956152, -0.005762692075222731, 0.026080604642629623, -0.005939543712884188, -0.014815491624176502, 0.002395838499069214, 0.006947264075279236, -0.0014348336262628436, 0.02477256953716278, -0.014668671414256096, 0.019233444705605507, -0.014962311834096909, 0.002035461599007249, 0.03515676036477089, -0.009209630079567432, -0.008141846396028996, 0.021262232214212418, 0.005826091859489679, -0.02087516151368618, -0.00398750277236104, -0.020141059532761574, 0.012860113754868507, 0.003071544924750924, 0.020261185243725777, -0.018552731722593307, -0.024011773988604546, 0.00967011135071516, -0.010631116107106209, -0.016030095517635345, 0.010337475687265396, 0.003557052696123719, 0.011238417588174343, -0.004181038588285446, 0.03163307532668114, 0.005829428788274527, -0.0013831128599122167, -0.013180448673665524, -0.030271653085947037, 0.0184993427246809, -0.015736455097794533, -0.018806330859661102, 0.010350823402404785, -0.007147473748773336, -0.010984819382429123, 0.003261743811890483, -0.02154252491891384, -0.012706619687378407, 0.017538338899612427, 0.011738941073417664, -0.029417425394058228, -0.015843233093619347, -0.00143316516187042, 0.02124888449907303, 0.03414236754179001, 0.024665791541337967, 0.010998166166245937, -0.008582307025790215, 0.0015691407024860382, -0.016737502068281174, -0.03053859807550907, -0.01486888062208891, -0.031819939613342285, -0.0034969898406416178, 0.014308294281363487, 0.004825045354664326, 0.0107045266777277, 0.02190290205180645, -0.007587933912873268, -0.007361030206084251, -0.020955244079232216, -0.03718554973602295, -0.014908922836184502, 0.005198769271373749, -0.006466761697083712, 0.015189215540885925, -0.008408792316913605, 0.020488088950514793, 0.011171681806445122, 0.026574453338980675, -0.017444906756281853, -0.0061264061369001865, 0.010464275255799294, -0.006176458206027746, -0.020821772515773773, -0.004247774835675955, 0.01748494990170002, 0.0019920829217880964, 0.014828838407993317, 0.018752941861748695, 0.018592774868011475, -0.024185288697481155, 0.005942880641669035, -0.016724154353141785, -0.022623656317591667, -0.02526642009615898, -0.051520537585020065, 0.011912455782294273, 0.030992407351732254, -0.020648257806897163, -0.0027945886831730604, -0.024852653965353966, -3.516698052408174e-05, 0.009182935580611229, -0.02323763072490692, 0.0225836131721735, -0.008629023097455502, 0.03924103081226349, -0.014214863069355488, 0.004951844457536936, -0.0043111746199429035, 0.000681545992847532, 0.005048612132668495, -0.02786914072930813, -0.004447984043508768, -0.023477882146835327, 0.009483248926699162, -0.008735801093280315, 0.010757915675640106, 0.016844280064105988, 0.03227374702692032, -0.013787750154733658, 0.020114365965127945, -0.020167754963040352, -0.012666577473282814, -0.004281143192201853, -0.019980892539024353, -0.003740577958524227, -0.02226327918469906, 0.020114365965127945, -0.017938757315278053, -0.009930383414030075, 0.03139282390475273, -0.006473435554653406, 0.01121172308921814, -0.03694529831409454, -0.0017551685450598598, -0.011645509861409664, -0.0268547460436821, 0.02154252491891384, 0.01751164346933365, 0.03187332674860954, 0.02361135557293892, -0.004841729067265987, -0.03483642637729645, -0.010290760546922684, 0.004301164299249649, -0.005886154714971781, 0.025413239374756813, 0.029257258400321007, -0.008969378657639027, -0.010003793984651566, -0.008595654740929604, -0.007434440311044455, -0.021182147786021233, -0.02034126967191696, 0.026400938630104065, 0.006423383019864559, -0.020594866946339607, -0.02018110267817974, -0.0008300345507450402, -0.03755927458405495, 0.0011395248584449291, -0.027094997465610504, -0.00020677871361840516, 0.01661737635731697, -0.03787960857152939, -0.029470816254615784, 0.01452185120433569, 0.017551686614751816, 0.01615022122859955, 0.026747968047857285, 0.02051478438079357, -0.017071183770895004, -0.009990446269512177, -0.009863646700978279, 0.00585612328723073, 0.017097877338528633, 0.0323004424571991, -0.022850560024380684, 0.011205049231648445, 0.02273043431341648, 0.02649437077343464, -0.013707666657865047, -0.0026627841871231794, 0.009623396210372448, 0.03547709435224533, -0.018392564728856087, 0.0290170069783926, -0.013066996820271015, 0.0016609033336862922, 0.0010569385485723615, -0.01747160218656063, -0.019059929996728897, -0.026374245062470436, 0.005358936730772257, -0.010150614194571972, 0.049118027091026306, 0.012606514617800713, 0.005699292756617069, -0.0025359850842505693, -0.021822817623615265, -0.0017042820109054446, -0.027241818606853485, -0.001746826572343707, 0.009503270499408245, -0.024999473243951797, 0.01780528388917446, -0.011231743730604649, -0.011485342867672443, 0.007187515497207642, 8.409834845224395e-05, -0.015549592673778534, -0.00547906244173646, -0.0025259745307266712, -0.01954043284058571, -0.0022440131288021803, 0.005655914079397917, 0.01920674927532673, -0.016857625916600227, 0.043725721538066864, 0.0106110954657197, -0.0047683194279670715, -0.008969378657639027, 0.008635696023702621, -0.028322948142886162, -0.007280946243554354, 0.00806843675673008, 0.02616068720817566, -0.01197919249534607, 0.0031766549218446016, 0.06396020948886871, 0.007074063643813133, -0.008021720685064793, -0.0461549274623394, -0.03280763700604439, 0.028963617980480194, -0.020074322819709778, 0.0010878040920943022, 0.003930776845663786, -0.025092903524637222, 0.002000425010919571, -0.027789056301116943, 0.0325406938791275, 0.010764588601887226, -0.005068633239716291, -0.019300181418657303, -0.0037272307090461254, -0.0018836362287402153, -0.034516092389822006, -0.020314574241638184, -0.0276555847376585, -0.039641451090574265, -0.02358466014266014, 0.027255164459347725, 0.005292200483381748, 0.0034369269851595163, -0.013634256087243557, 0.0017651790985837579, 0.0011620484292507172, 0.01815231330692768, -0.01952708512544632, -0.009983772411942482, -0.04062914848327637, -0.012566473335027695, -0.004387921653687954, 0.004321184940636158, 0.009022767655551434, 0.044900283217430115, -0.0010177307995036244, -0.02883014641702175, -0.024825958535075188, 0.009109525009989738, -0.05499083176255226, -0.03342161327600479, -0.02598717249929905, 0.0018352522747591138, 0.026454327628016472, -0.002205639611929655, 0.0034402639139443636, 0.023678092285990715, 0.005328905303031206, 0.018232397735118866, -0.0276555847376585, -0.00907615665346384, 0.0011370222782716155, 0.005158727522939444, 0.004257785156369209, -0.01145864836871624, -0.01044425368309021, -0.009229650720953941, 0.005242147948592901, -0.0019170044688507915, 0.029097091406583786, 0.02872336655855179, 0.015042395330965519, -0.013100365176796913, -0.02904370240867138, -0.015456161461770535, -0.011425280012190342, -0.0013589209411293268, 0.0008842579554766417, -0.007194188889116049, 0.010617769323289394, 0.02594713121652603, -0.010544358752667904, -0.0027178418822586536, 0.004421289544552565, -0.007948311045765877, -0.0013163763796910644, 0.006316605024039745, -0.018365871161222458, 0.0007924953242763877, -0.017618421465158463, -0.017444906756281853, 0.043378692120313644, -0.015269299037754536, 0.012105992063879967, 0.021622609347105026, -0.01903323456645012, -0.021982986479997635, 0.000693224836140871, 0.01765846461057663, -0.005562482867389917, 0.020955244079232216, 0.006189805455505848, 0.00331346457824111, -0.004291153512895107, 0.003049855586141348, 0.02578696422278881, -0.011745614930987358, -0.030618682503700256, -0.002969771856442094, 0.020781729370355606, -0.011438626796007156, 0.00976354256272316, 0.009349776431918144, 0.009189608506858349, -0.022783823311328888, 0.036571573466062546, -0.006793770473450422, 0.0168309323489666, 0.003340159310027957, -0.007547892164438963, -0.037746135145425797, -0.009062809869647026, 0.025760268792510033, 0.012606514617800713, -0.029097091406583786, 0.02395838499069214, 0.023024074733257294, 0.006022964604198933, -0.012219443917274475, 0.2327767312526703, -0.0007107431883923709, 0.003094902727752924, 0.024185288697481155, -0.0015132490079849958, 0.005876144394278526, 0.0047182668931782246, 0.003603768302127719, -0.05349593609571457, 0.03278094157576561, 0.012679925188422203, 0.0049818758852779865, -0.009990446269512177, -0.0191800557076931, 0.01205927599221468, -0.013100365176796913, -0.04628840088844299, -0.007187515497207642, -0.029150480404496193, -0.00505528599023819, 0.03566395863890648, 0.0031416183337569237, 0.00822193082422018, -0.01095812488347292, 0.03173985332250595, -0.005799397360533476, 0.014468462206423283, -0.006139753386378288, 0.010023814626038074, 0.018886415287852287, -0.009429859928786755, -0.02786914072930813, 0.03355508670210838, 0.013387331739068031, -0.03667835146188736, -0.0018352522747591138, 0.014214863069355488, 0.004194385837763548, 0.009630069136619568, 0.007914942689239979, 0.020234491676092148, -0.021849513053894043, 0.022997379302978516, -0.006593561265617609, -0.03139282390475273, -0.00662692915648222, 0.007607955019921064, -0.022690393030643463, -0.0008609001524746418, 0.04634178802371025, -0.024719180539250374, 0.01938026398420334, 0.0005697624292224646, 0.011505363509058952, 0.011165007948875427, -0.024745874106884003, 0.006510140374302864, 0.0037339043337851763, -0.006016290746629238, 0.024412192404270172, -0.009149567224085331, 0.016323735937476158, 0.0013163763796910644, 0.03350169584155083, -0.02853650599718094, 0.002984787570312619, -0.01316042710095644, 0.009403165429830551, 0.002704494632780552, 0.004761645570397377, 0.003997513093054295, -0.013867833651602268, 0.0029597615357488394, -0.011652183718979359, -0.005172074772417545, -0.016003400087356567, 0.0010252386564388871, 0.010370844043791294, 0.047276098281145096, 0.014708712697029114, 0.0037272307090461254, -0.008582307025790215, -0.008729127235710621, -0.01595001108944416, -0.03529023379087448, -0.007561239413917065, 0.028456421568989754, 0.0034536111634224653, -0.026093950495123863, -0.006723697297275066, -0.0022390077356249094, -0.004154344089329243, -0.022677045315504074, -0.0020438036881387234, -0.006413372699171305, -0.01071119960397482, -0.00976354256272316, 0.013167100958526134, -0.009376470930874348, -0.02222323790192604, -0.03697199374437332, 0.02459905482828617, -0.0029714403208345175, -0.030084790661931038, -0.013220489956438541, 0.005715976934880018, -0.011498689651489258, 0.01983407326042652, -0.02000758796930313, -0.0015065752668306231, -0.0021555873099714518, -0.03416906297206879, 0.0029647666960954666, -0.01919340156018734, -0.013180448673665524, 0.033715251833200455, -0.008775843307375908, -0.012206096202135086, 0.011451974511146545, 0.007320988457649946, -0.01716461405158043, -0.014241557568311691, 0.0021655976306647062, 0.007861553691327572, 0.00857563316822052, -0.006266552489250898, -0.021929597482085228, -0.01433498878031969, 0.024679139256477356, -0.0191800557076931, 0.01468201819807291, -0.006566866301000118, -0.0024725852999836206, -0.013734361156821251, -0.009042788296937943, 0.009269692935049534, -0.008141846396028996, -0.01078461017459631, -0.005986259318888187, -0.0027595520950853825, 0.001805220963433385, -0.02341114543378353, 0.03940119966864586, -0.014294947497546673, 0.01867285743355751, -0.005929533392190933, 0.00932308193296194, 0.007634649518877268, -0.03222035616636276, -0.01597670651972294, -0.006516814231872559, -0.00035787420347332954, 0.007594607770442963, 0.001741821295581758, 0.017912061884999275, 0.005265505518764257, 0.014615282416343689, -0.04818371683359146, 0.005021917633712292, 0.006533498410135508, -0.023504577577114105, -0.008215256966650486, 0.006653623655438423, 0.000699064286891371, -0.03617115318775177, -0.010971471667289734, -0.1682826280593872, 0.028963617980480194, -0.0035136740189045668, -0.0050519490614533424, -0.0084154661744833, 0.02035461738705635, 0.021462442353367805, -0.008355403319001198, 0.0016008405946195126, -0.024692485108971596, 0.008528918027877808, -0.014308294281363487, -0.008168540894985199, -0.03107248991727829, 0.0011795667232945561, -0.01764511689543724, -0.003937450237572193, 0.0047182668931782246, 0.030084790661931038, 0.011278459802269936, 0.020674951374530792, -0.04618162289261818, 0.020941898226737976, -0.020141059532761574, -0.003900745417922735, 0.003184997010976076, 0.007567913271486759, 0.025426587089896202, -0.0063766674138605595, -0.027708973735570908, -0.0498654730618, -0.023691438138484955, 0.02649437077343464, 0.0011662194738164544, 0.01342737302184105, -0.011905781924724579, 0.015322688035666943, -0.002234002575278282, -0.008562286384403706, 0.0042778062634170055, 0.013547498732805252, 0.022850560024380684, -0.015402772463858128, 0.0005167903727851808, -0.011492016725242138, 0.020955244079232216, 0.023157548159360886, -0.009489922784268856, 0.03123265691101551, -0.008001700043678284, 0.00653016148135066, -0.04748965799808502, -0.02119549550116062, 0.028643283993005753, 0.006186468526721001, 0.0033551750238984823, 0.005375620909035206, 0.008388771675527096, -0.016350429505109787, 0.0006627763505093753, -0.00328843854367733, -0.015029048547148705, 0.002617737278342247, -0.0015691407024860382, -0.026707926765084267, -0.0009685127297416329, -0.00824195146560669, 0.013200469315052032, -0.02220989018678665, 0.01576314866542816, -0.017912061884999275, 0.013267206028103828, 0.038787223398685455, -0.0008900973480194807, 0.005365610588341951, 0.019260138273239136, 0.00041877120384015143, 0.0018269103020429611, 0.00657687708735466, 0.0145085034891963, -0.025560058653354645, 0.012513084337115288, -0.0205414779484272, 0.014762102626264095, -0.019420307129621506, -0.0008567291661165655, -0.003730567405000329, 0.008442160673439503, -0.01323383767157793, 0.004164354410022497, 0.02327767387032509, -0.005919523071497679, 0.02222323790192604, 0.007567913271486759, -0.006740381475538015, 0.014762102626264095, 0.016577333211898804, 0.009676785208284855, 0.00883590616285801, -0.003850693115964532, -0.0030164874624460936, -0.005362273659557104, -0.026921482756733894, 0.0009801916312426329, 0.027735667303204536, -0.0030465188901871443, -0.015829885378479958, 0.006383341271430254, 0.03198010474443436, -0.02425202541053295, -0.010224023833870888, 0.00010594411287456751, 0.006777086295187473, 0.057286567986011505, -0.022276626899838448, 0.023144200444221497, -0.018245745450258255, 0.003500326769426465, 0.02055482566356659, -0.029764456674456596, 0.05445694178342819, -0.0018552732653915882, -0.01288680825382471, -0.008755821734666824, -0.004441310651600361, 0.0016350429505109787, -0.06935251504182816, -0.02646767534315586, 0.011298480443656445, -0.004201059229671955, 0.009022767655551434, 0.02682805247604847, -0.012860113754868507, 0.052348069846630096, -0.0018152314005419612, 0.0315529927611351, -0.03280763700604439, -0.016697458922863007, -0.009816931560635567, -0.007561239413917065, 0.02594713121652603, 0.009610048495233059, 0.01934022270143032, 0.003368522273376584, -0.0013564183609560132, 0.026894789189100266, -0.01968725211918354, -0.025706879794597626, 0.022009680047631264, -0.03886730596423149, -0.02239675261080265, 0.0021856187377125025, -0.010971471667289734, 0.0007520363433286548, 0.016403818503022194, -0.002344117732718587, 0.0212221909314394, 0.010357496328651905, 0.03088562749326229, -0.02733524888753891, 0.009329755790531635, -0.025359850376844406, -0.0336618646979332, -0.002350791357457638, 0.04345877468585968, -0.003730567405000329, -0.006550182588398457, 0.013147080317139626, 0.01885971985757351, -0.04041559249162674, 0.005415662657469511, 0.026374245062470436, -0.017965450882911682, 0.047623127698898315, 0.008989399299025536, -0.010871367529034615, -0.02154252491891384, 0.030351735651493073, 0.011765635572373867, -0.021515831351280212, 0.06593561172485352, 0.005172074772417545, 0.014054696075618267, 0.008141846396028996, -0.0171379204839468, -0.002177276648581028, 0.003950797487050295, -0.0032450598664581776, -0.014561892487108707, 0.0027462048456072807, 0.027575500309467316, 0.020234491676092148, -0.008635696023702621, -0.01768515817821026, -0.005455704405903816, -0.005255495198071003, -0.017271392047405243, 0.002520969370380044, -0.013921222649514675, 0.0002266953670186922, -0.03120596334338188, 0.009189608506858349, -0.021689346060156822, 0.00662359269335866, 0.0034169061109423637, 0.011144986376166344, -0.0022440131288021803, -0.009256345219910145, -0.026948178187012672, -0.015362730249762535, -0.007167494390159845, 0.019900808110833168, 0.010237371549010277, 0.0082286037504673, -0.01560298167169094, -0.047115933150053024, -0.011992539279162884, 0.011071576736867428, 0.012833419255912304, 0.02310415916144848, 0.00572932418435812, 0.002407517284154892, 0.0011904113925993443, 0.009236324578523636, -0.021328968927264214, -0.004177701659500599, -0.03021826408803463, -0.006676981691271067, -0.03310127928853035, 0.024532318115234375, -0.0029831193387508392, -0.015709759667515755, 0.014214863069355488, -0.0077347541227936745, -0.0009309734450653195, -0.03513006493449211, 0.0013956259936094284, 0.008715780451893806, -0.008695758879184723, 0.017738547176122665, 0.00012878049165010452, -0.007921616546809673, -0.0017501633847132325, 0.021489135921001434, 0.01203925535082817, -0.011218396946787834, -0.002596047939732671, -0.005272179376333952, 0.0015399435069411993, -0.017524991184473038, -0.006697002332657576, -0.015669718384742737, -0.0017651790985837579, 0.006486782804131508, 0.004050902556627989, 0.015562939457595348, -0.007954984903335571, -0.023544618859887123, 0.009122872725129128, -0.026534412056207657, 0.008488875813782215, 0.017538338899612427, -0.0012638214975595474, -0.027442026883363724, 0.02273043431341648, 0.02612064592540264, 0.024065162986516953, 0.016043441370129585, -0.048290494829416275, -0.022810518741607666, 0.007507850416004658, -0.029764456674456596, -0.004951844457536936, -0.007407745812088251, -0.043565552681684494, 0.03665165603160858, -0.006223173812031746, 0.007854879833757877, 0.039294421672821045, 0.009583353996276855, -0.034569479525089264, -0.02952420525252819, -0.01785867288708687, -0.033208057284355164, 0.018726246431469917, -0.004191048908978701, -0.03136613219976425, -0.001318044844083488, 0.056272171437740326, -0.006967285182327032, 0.0029414088930934668, -0.03195341303944588, 0.02055482566356659, -0.009563333354890347, -0.02204972319304943, 0.004007523879408836, 0.031339436769485474, -0.015282646752893925, -0.003255070187151432, -0.006456751376390457, 0.01613687351346016, 0.018392564728856087, 0.02971106581389904, 0.012186075560748577, -0.014481808990240097, -0.0073076412081718445, -0.009336428716778755, 0.010244044475257397, -0.009656763635575771, -0.014415073208510876, -0.018058883026242256, 0.015843233093619347, 0.006887201219797134, 0.006193142384290695, -0.01951373741030693, 0.022717086598277092, -0.008515570312738419, 0.011425280012190342, -0.02936403639614582, 0.013867833651602268, -0.0292038694024086, 0.03545040264725685, 0.013300574384629726, -0.010057182982563972, -0.03571734577417374, 0.013260532170534134, 0.021929597482085228, 0.002791251987218857, 0.013293900527060032, 0.01111161895096302, 0.0068338122218847275, -0.03937450423836708, -0.008288666605949402, 0.004014197271317244, -0.0444197803735733, -0.047462962567806244, -0.005455704405903816, -0.012686599045991898, -0.0032917752396315336, -0.0010093888267874718, 0.0022273289505392313, 0.007594607770442963, -0.0024225329980254173, -0.0038607034366577864, 0.011572100222110748, 0.008048415184020996, -0.017071183770895004, 0.02208976447582245, 0.0269748717546463, -0.009663437493145466, 0.009369797073304653, -0.01800549402832985, 0.04097617790102959, 0.008722453378140926, -0.017391517758369446, -0.01763176918029785, 0.009196282364428043, -0.013474089093506336, 0.01883302628993988, 0.020808424800634384, -0.02497277967631817, -0.012126012705266476, -0.004341206047683954, -0.004014197271317244, 0.006940590683370829, 0.002520969370380044, 0.0015574618009850383, 0.06727033853530884, -0.0025476638693362474, 0.007848205976188183, 0.011311828158795834, 0.024585707113146782, 0.016523944213986397, -0.011051556095480919, -0.005532451439648867, 0.03123265691101551, -0.023130852729082108, 0.03326144441962242, -0.003365185344591737, -0.003817324759438634, -0.0128067247569561, 0.00806843675673008, 0.0017851999728009105, 0.00156997493468225, -0.0022139817010611296, 0.026547759771347046, -0.014148127287626266, -0.012873460538685322, 0.01593666337430477, 0.008922663517296314, -0.005158727522939444, -0.03686521202325821, 0.01847264915704727, 0.007401071954518557, 0.0018702889792621136, -0.023184241726994514, -0.017458254471421242, 0.0031699812971055508, 0.02290394902229309, -0.021515831351280212, -0.0290170069783926, 0.004431300330907106, -0.008629023097455502, 0.00500857038423419, -0.02309081144630909, 0.0018068893114104867, 0.0004333698016125709, 0.009456554427742958, -0.002909709233790636, 0.0006114727002568543, -0.028216170147061348, 0.004861750174313784, 0.00015964609337970614, -0.0060930377803742886, -0.013734361156821251, -0.0444197803735733]","[0.003600251628085971, 0.01558141689747572, -0.009672806598246098, -0.006305358838289976, -0.0230180025100708, 0.008315335027873516, 0.0037543606013059616, -0.01862425170838833, -0.0008029249729588628, -0.01960792765021324, 0.028775781393051147, 0.001934561412781477, -0.003514999756589532, -0.006793917156755924, 0.0024345964193344116, -0.017837312072515488, 0.01320092286914587, -0.0083940289914608, -0.001357471919618547, -0.01757499948143959, 0.012066417373716831, 0.008879308588802814, -0.014584626071155071, 0.03680257126688957, 0.005069206468760967, -0.001281237113289535, 0.01754876784980297, -0.037405893206596375, 0.019529232755303383, -0.023726247251033783, 0.027175668627023697, 0.004282266367226839, -0.033969588577747345, -0.0029280735179781914, -0.011167993769049644, -0.014414122328162193, -0.015410913154482841, -0.016342125833034515, 0.005777453072369099, 0.0005024941056035459, 0.025759177282452583, -0.021942516788840294, -0.01737826317548752, -0.0049806758761405945, -0.006105344742536545, 0.023896751925349236, 0.007482490036636591, -0.03921585530042648, -0.004479001276195049, 0.018322592601180077, 0.022414680570364, 0.007915306836366653, -0.0318448469042778, 0.0003221536462660879, 0.0066988286562263966, -0.0047249202616512775, 0.007272639311850071, 0.019962050020694733, 0.01430919673293829, 0.004564253147691488, 0.033103954046964645, 0.0027706853579729795, -0.0013435365399345756, 0.0016747071640565991, -0.03423190116882324, -0.012722200714051723, 0.003141203196719289, 0.02469680830836296, -0.00994823593646288, -0.004033068660646677, 0.0031494004651904106, 0.009305568411946297, -0.013614065945148468, -0.0023493445478379726, 0.01191558688879013, -0.00545611884444952, -0.011338497512042522, 0.000236082065384835, -0.014584626071155071, 0.010092508047819138, 0.0173520315438509, -0.0025739504490047693, -0.023109812289476395, 0.023214736953377724, 0.011095857247710228, -0.0006389790796674788, 0.013102554716169834, 0.02088014781475067, 0.008551416918635368, -0.02693958766758442, 0.00980396382510662, 0.01344356220215559, -0.007115251384675503, -0.00035391817800700665, 0.010144971311092377, -0.014886286109685898, -0.011863123625516891, 0.01264350675046444, -0.036540258675813675, -0.004488838370889425, -0.03856007009744644, 0.015883076936006546, -0.01813897304236889, -0.018309475854039192, -0.010164644569158554, 0.028015071526169777, -0.0008217787253670394, -0.015214177779853344, 0.042468540370464325, -0.02304423414170742, 0.012945166788995266, 0.021785128861665726, 0.005839752499014139, -0.0002805523981805891, -0.005462676752358675, 0.0007926783291622996, 0.011436864733695984, -0.015083021484315395, -0.010007256641983986, 0.003482210449874401, -0.0026788758113980293, 0.020407984033226967, 0.024736154824495316, 0.005420051049441099, 0.007285755127668381, 0.007613646797835827, -0.01512236800044775, -0.006206991150975227, -0.010840102098882198, 0.010341706685721874, 0.028146229684352875, 0.023083580657839775, -0.00029817657195962965, -0.0011976247187703848, -0.012977955862879753, 0.008787499740719795, 0.0029870939906686544, 0.011449980549514294, 0.0015574858989566565, -0.024709923192858696, 0.0488952212035656, 0.026637926697731018, 0.002255895407870412, 0.03507130220532417, -0.03260555863380432, 0.042521003633737564, -2.244009192509111e-05, -0.013043534010648727, 0.000655783514957875, -0.0013935399474576116, -0.020670296624302864, -0.01714218221604824, -0.016184737905859947, -0.014059999026358128, -0.012925493530929089, 0.03543854132294655, -0.017994699999690056, 0.006898842751979828, -0.020814569666981697, -0.034992609173059464, 0.013653413392603397, 0.031530071049928665, -0.01343044638633728, -0.00022214667114894837, 0.005082322284579277, 0.008164504542946815, 0.019398076459765434, -0.002736256690695882, -0.004924934357404709, -0.021326079964637756, -0.023359009996056557, 0.013279616832733154, -0.000478721980471164, 0.027070743963122368, 0.006456188857555389, 0.007430027239024639, 0.006193875335156918, 0.004403586499392986, -0.004741314798593521, -0.00440686522051692, -0.011233571916818619, 0.011718851514160633, 0.03019227460026741, 0.013535371981561184, -0.00813827384263277, 0.00476426724344492, 0.026546116918325424, -0.006387331523001194, -0.02057848684489727, 0.002231303369626403, 0.002432956825941801, 0.016525745391845703, -0.01218445785343647, -0.044199809432029724, -0.6270340085029602, -0.010833543725311756, 0.028303617611527443, 0.00653160410001874, 0.004308497998863459, 0.02133919671177864, -0.010066277347505093, 0.0302447360008955, -0.019266920164227486, 0.024132834747433662, -0.006407005246728659, 0.02152281627058983, -0.002793637802824378, 0.007187387440353632, 0.013968189246952534, -0.019043954089283943, 0.02680843137204647, -0.011581136845052242, 0.011725409887731075, 0.0023493445478379726, -0.011377844028174877, 0.0188209880143404, -0.0428357794880867, -0.0015992920380085707, -0.011725409887731075, -0.007187387440353632, 0.009141622111201286, 0.0024673854932188988, -0.01989647187292576, 0.029693877324461937, -0.03302525728940964, 0.02396233007311821, 0.01979154720902443, 0.023214736953377724, 0.060961637645959854, 0.0017673366237431765, -0.015214177779853344, 0.03462537005543709, -0.004256035201251507, 0.027306826785206795, -0.0188209880143404, 0.015214177779853344, 0.022808151319622993, 0.00015554366109427065, -0.03108413890004158, -0.011430307291448116, 0.020591603592038155, -0.011167993769049644, -0.009889215230941772, 0.0014451829483732581, 0.02282126620411873, -0.004334729164838791, -0.00776447681710124, 0.04099958762526512, -0.00022993409947957844, -0.019922703504562378, 0.02312292717397213, 0.01732579991221428, 0.012263151817023754, 0.012938609346747398, -0.012394309043884277, 0.013227153569459915, -0.030008655041456223, -0.022519607096910477, -0.02856593020260334, -0.0012763186823576689, 0.030034884810447693, -0.00964001752436161, -0.001491087838076055, -0.016578206792473793, 0.01429608091711998, 0.015240409411489964, 0.00797432754188776, -0.007154598366469145, 0.008512070402503014, 0.030480818822979927, 0.04094712436199188, -0.0004319974104873836, -0.015201061964035034, 0.002601821208372712, 0.00485279830172658, 0.003534673247486353, -0.05204297974705696, -0.016879867762327194, 0.03551723435521126, 0.0010041685309261084, -0.02650677040219307, -0.02228352427482605, 0.008400587365031242, -0.0167880579829216, -0.0025936239399015903, 0.0032182575669139624, 0.008728479035198689, -0.019043954089283943, 0.023109812289476395, 0.021693319082260132, 0.006246338132768869, 0.013823917135596275, 0.011876239441335201, -0.02480173297226429, -0.007751361466944218, -0.006610298063606024, 0.012066417373716831, 0.021588394418358803, 0.02065718173980713, -0.004885587375611067, -0.019043954089283943, -0.004967560060322285, 0.025575557723641396, -0.013614065945148468, -0.024591881781816483, -0.007685782853513956, -0.002596902661025524, -0.020106323063373566, -0.006839822046458721, -0.033103954046964645, 0.022021211683750153, -0.01979154720902443, -0.006846379954367876, 0.01007283478975296, 0.015856845304369926, -0.030874287709593773, 0.03307772055268288, 0.006020092871040106, -0.0027133042458444834, -0.002150970045477152, 0.0014419039944186807, -0.006541440729051828, -0.014794476330280304, 0.021352311596274376, 0.01467643491923809, -0.018532441928982735, 0.023280315101146698, 0.002018173923715949, -0.001163196051493287, -0.02044733054935932, -0.0045150695368647575, 0.00047667266335338354, 0.007495605852454901, -0.027175668627023697, -0.01387637946754694, 0.01903083734214306, 0.0032674414105713367, 0.007403796073049307, -0.01510925218462944, 0.0018706225091591477, -0.011476212181150913, 0.01859802007675171, -0.00638405280187726, 0.02258518524467945, 0.01651262864470482, -0.008859635330736637, -0.012250036001205444, 0.00266739958897233, 0.005197084508836269, -0.005669248756021261, 0.015961771830916405, -0.019096415489912033, -0.01968662068247795, -0.008584205992519855, 0.003626483026891947, 0.03292033448815346, 0.008997349999845028, 0.02533947490155697, -0.03417943790555, -0.022099904716014862, -0.01773238740861416, 0.017470072954893112, -0.00897767674177885, -0.02701828069984913, -0.028119998052716255, -0.02060471847653389, -0.011436864733695984, -0.0059053306467831135, -0.00388223840855062, 0.01846686378121376, -0.03218585625290871, -0.004892145283520222, 0.0016255234368145466, 0.0010410563554614782, 0.015214177779853344, 0.020775221288204193, -0.01217134203761816, -0.02009320817887783, 0.02393609844148159, 0.0164863970130682, 0.01051876787096262, 0.05482350289821625, -0.018702946603298187, 0.027096975594758987, -0.008761268109083176, -0.005731548182666302, -0.03016604296863079, -0.012289383448660374, -0.016237199306488037, 0.00027891292120330036, 0.01257792767137289, 0.02360820770263672, 0.009121948853135109, 0.024303337559103966, -0.01879475638270378, -0.007731687743216753, 0.02686089277267456, -0.013810801319777966, -0.002021452644839883, -0.022008094936609268, -0.007311986293643713, -0.0027198621537536383, 0.009856426157057285, -0.007672667503356934, 0.003921585623174906, 0.022034326568245888, -0.004426538944244385, -0.003751081880182028, -0.0031051349360495806, 0.005747942719608545, -0.010118739679455757, 0.018742293119430542, -0.010269570164382458, 0.005708595737814903, -0.0012517267605289817, -0.016630670055747032, 0.0010763047030195594, -0.0032297337893396616, -0.009200642816722393, 0.010794197209179401, -0.0005561864236369729, 0.009017023257911205, -0.01137128658592701, -0.023306546732783318, 0.0004811811668332666, 0.012020512484014034, -0.01383703202009201, -0.009489187970757484, 0.004806893412023783, 0.02640184573829174, 0.017811080440878868, 0.00356746232137084, 0.01920134201645851, -0.03197600319981575, 0.003290393855422735, -0.014873170293867588, 0.004439654294401407, -0.017456958070397377, -0.0005418411456048489, 0.006167644169181585, 0.028408542275428772, 0.0033526932820677757, 0.00880061462521553, 0.017850426957011223, -0.007121809292584658, 0.027201900258660316, 0.002616576384752989, -0.0030051281210035086, 0.012505792081356049, 0.004206851124763489, -6.270930316532031e-05, 0.012866472825407982, 0.03785182535648346, 0.02179824374616146, 0.0037478029262274504, 0.008453049696981907, 0.01607981137931347, -0.003810102352872491, -0.008643226698040962, 0.008512070402503014, -0.016748711466789246, -0.019594812765717506, -0.02480173297226429, -0.01775861717760563, -0.0040953680872917175, -0.03609432652592659, 0.01179098803550005, -0.031372684985399246, 0.03171369060873985, 0.004754430614411831, 0.046534400433301926, -0.0016148668946698308, 0.03609432652592659, 0.005167574156075716, -0.028224922716617584, -0.020053859800100327, 0.027464214712381363, 0.014637088403105736, 0.00713492464274168, -0.021890053525567055, -0.003206781344488263, 0.012571370229125023, 0.01234840415418148, 0.017260221764445305, -0.004052742384374142, 0.009954794310033321, 0.016853636130690575, -0.018558673560619354, -0.022296639159321785, -0.01204674318432808, 0.0497608557343483, 0.0029149577021598816, 0.011017163284122944, -0.013423888944089413, 0.0218507070094347, 0.01928003504872322, -0.030874287709593773, 0.010066277347505093, 0.015201061964035034, -0.001790289068594575, 0.003521557664498687, -0.03856007009744644, 0.03276294469833374, -0.015253525227308273, -0.0036822245456278324, -0.008931771852076054, -0.00671522319316864, -0.012053301557898521, 0.002826427109539509, -0.01471578236669302, -0.04134059324860573, 0.0014705945504829288, 0.036566488444805145, -2.5117022232734598e-05, -0.02060471847653389, -0.014099345542490482, -0.011541790328919888, -0.002583787078037858, 0.038140371441841125, 0.005843031220138073, -0.008039905689656734, 0.002955944277346134, 0.00388223840855062, -0.005042975302785635, -0.02152281627058983, -0.0266116950660944, 0.0032543258275836706, -0.01516171544790268, 0.007456258870661259, -0.005954514257609844, -0.002793637802824378, 0.012112321332097054, 0.03132022172212601, -0.004531464073807001, 0.017994699999690056, -0.008302219212055206, 0.0007635779329575598, -0.022099904716014862, -0.005488907918334007, -0.00881373044103384, 0.00826943013817072, 0.02780522219836712, 0.03892730921506882, 0.008721920661628246, 0.007423469331115484, 0.01844063214957714, 0.012958282604813576, 0.0032559651881456375, 0.02442137897014618, 0.010400726459920406, 0.016066696494817734, 0.026637926697731018, 0.013194364495575428, 0.04645570367574692, 0.017614345997571945, 0.008997349999845028, 0.004006837494671345, 0.011108973063528538, -0.0012779581593349576, 0.0051511796191334724, 0.006049603223800659, 0.019148878753185272, 0.011436864733695984, -0.014912517741322517, -0.009718711487948895, 0.008485838770866394, 0.0003467455389909446, -0.006734896916896105, -0.010381053201854229, -0.004183899145573378, -0.018506210297346115, -0.012302499264478683, 0.021994980052113533, -0.017889775335788727, -0.009312125854194164, -0.03171369060873985, -0.016315894201397896, -0.010853216983377934, -0.009712154045701027, -0.01036793738603592, -0.005459398031234741, -0.000307603448163718, -0.026034606620669365, -0.03189731016755104, -0.029195481911301613, 0.007607088889926672, -0.005079043563455343, -0.007784150540828705, 0.0030903799924999475, 0.013797685503959656, -0.007712014485150576, 0.00638405280187726, 0.032107163220644, 0.01430919673293829, 0.02255895361304283, -0.013548487797379494, 0.003764197463169694, 0.03339249640703201, -0.044960517436265945, -0.030821826308965683, -0.02564113587141037, -0.023621322587132454, 0.015240409411489964, -0.0101252980530262, 0.02775275893509388, -0.012131995521485806, -0.011784429661929607, 0.00044552292092703283, 0.00797432754188776, 0.0032084209378808737, 0.027988841757178307, -0.016748711466789246, 0.015830613672733307, -0.010459747165441513, 0.0009295731433667243, 0.03551723435521126, -0.017483189702033997, -0.00777759263291955, 0.026795314624905586, 0.012027069926261902, -0.012728758156299591, 9.852123184828088e-05, -0.02355574443936348, 0.01035482157021761, 0.0025100114289671183, 0.02467057667672634, -0.020893262699246407, -0.025811640545725822, 0.02009320817887783, -0.012433655560016632, -0.013718991540372372, 0.01050565205514431, -0.00316087668761611, 0.014610856771469116, -0.006918516010046005, 0.03866499662399292, 0.012027069926261902, -0.005921725183725357, -0.01474201399832964, -0.02450007200241089, 0.019345613196492195, -0.013141902163624763, -0.016984794288873672, 0.015227293595671654, -0.0028690530452877283, -0.00483968248590827, 0.000616436533164233, -0.021483467891812325, -0.005298730917274952, 0.018322592601180077, 0.009174411185085773, -0.025273896753787994, -0.009200642816722393, 0.003155958140268922, 0.013233711943030357, 0.03100544586777687, 0.02352951280772686, 0.008643226698040962, -0.019070185720920563, 0.0064496309496462345, -0.013587834313511848, -0.020368635654449463, -0.018178319558501244, -0.03126775845885277, 0.0016115880571305752, 0.004882308188825846, 0.004128157161176205, 0.012007396668195724, 0.03011357970535755, -0.004633110482245684, -0.004760988522320986, -0.022034326568245888, -0.036566488444805145, -0.010164644569158554, 0.00881373044103384, -0.00779070844873786, 0.011279476806521416, -0.006859495770186186, 0.024946006014943123, 0.010184317827224731, 0.02436891570687294, -0.009876100346446037, -0.011797545477747917, 0.0047249202616512775, -0.005639738403260708, -0.018453748896718025, -0.012932050973176956, 0.021103113889694214, 0.0058200787752866745, 0.013286174274981022, 0.01581749878823757, 0.01513548381626606, -0.023385239765048027, 0.002837903331965208, -0.007626762613654137, -0.021299848333001137, -0.03200223669409752, -0.05023301765322685, 0.012131995521485806, 0.02932664006948471, -0.011036836542189121, 0.001967350486665964, -0.021693319082260132, -0.004783940967172384, 0.017181528732180595, -0.02596902847290039, 0.027910146862268448, -0.007075904402881861, 0.03858630359172821, -0.0146895507350564, 0.001042695832438767, -0.0024034467060118914, 0.003997000399976969, 0.0029329918324947357, -0.021326079964637756, -0.009154737927019596, -0.014610856771469116, 0.0038986331783235073, -0.008892424404621124, 0.011909028515219688, 0.019647274166345596, 0.03370727226138115, -0.012991071678698063, 0.015292871743440628, -0.017942236736416817, -0.016748711466789246, -0.001357471919618547, -0.01665690168738365, -0.007725129835307598, -0.02872331812977791, 0.020722759887576103, -0.01223692111670971, -0.012282825075089931, 0.03108413890004158, -0.0018476700643077493, 0.00483968248590827, -0.04598354175686836, -0.007587415631860495, -0.007679224945604801, -0.02073587477207184, 0.0260477215051651, 0.014492816291749477, 0.035832010209560394, 0.016289662569761276, -0.007449700962752104, -0.040632348507642746, -0.01265662256628275, 0.0016337207052856684, -0.005767615977674723, 0.023896751925349236, 0.024985352531075478, -0.008702247403562069, -0.01023678109049797, -0.01307632401585579, -0.004800335504114628, -0.02423775941133499, -0.024382032454013824, 0.028041303157806396, 0.005249547306448221, -0.02469680830836296, -0.024919774383306503, -0.006984094623476267, -0.04262593016028404, 0.006407005246728659, -0.028277385979890823, 0.0011099135736003518, 0.022021211683750153, -0.024565650150179863, -0.025759177282452583, 0.009994140826165676, 0.014597740955650806, 0.017837312072515488, 0.0253132451325655, 0.02320162206888199, -0.009351473301649094, -0.007718571927398443, -0.012374634854495525, -0.0004742134769912809, 0.013574719429016113, 0.0293791014701128, -0.02177201397716999, 0.005380704067647457, 0.023136042058467865, 0.03549100458621979, -0.018204551190137863, -0.004846240393817425, 0.009449840523302555, 0.030716899782419205, -0.013732107356190681, 0.024709923192858696, -0.012118879705667496, 0.002898563165217638, 0.00220343261025846, -0.009548207744956017, -0.016040464863181114, -0.027936378493905067, 0.0037674764171242714, -0.005974187981337309, 0.03798298165202141, 0.01876852475106716, 0.005557765252888203, -0.003574020229279995, -0.02317539043724537, -0.0030182437039911747, -0.030900519341230392, -0.0012148389359936118, 0.00581352086737752, -0.019083300605416298, 0.0176536925137043, -0.008184178732335567, -0.012532022781670094, 0.005547928623855114, 0.005344635806977749, -0.016630670055747032, -0.004652784205973148, -0.005908609367907047, -0.012138552963733673, 0.008007116615772247, 0.006892284844070673, 0.019266920164227486, -0.0134566780179739, 0.04304563254117966, 0.016315894201397896, -0.008538301102817059, -0.00637093698605895, -0.0004975757328793406, -0.026087068021297455, -0.014191155321896076, 0.010282685980200768, 0.0269133560359478, -0.008918656036257744, 0.008951445110142231, 0.06563081592321396, 0.010426958091557026, -0.010243338532745838, -0.04779350385069847, -0.029956191778182983, 0.0318448469042778, -0.02680843137204647, -0.005659411661326885, 0.007980885915458202, -0.021837592124938965, 0.005623343866318464, -0.028224922716617584, 0.030926750972867012, 0.012177900411188602, 0.0012320532696321607, -0.024119718000292778, -0.006197154521942139, 0.003980605863034725, -0.03709111735224724, -0.015686342492699623, -0.022073673084378242, -0.04044872894883156, -0.01989647187292576, 0.02263764664530754, 0.008912098594009876, -0.0001356652210233733, -0.012499233707785606, -0.0010926993563771248, -0.000380969257093966, 0.020421098917722702, -0.015371565707027912, -0.010020372457802296, -0.03438928723335266, -0.008846519514918327, -0.00800055917352438, 0.0011533593060448766, 0.009062928147614002, 0.03892730921506882, 0.0005217577563598752, -0.023542629554867744, -0.02238844893872738, 0.008118599653244019, -0.04879029467701912, -0.03129398822784424, -0.03213339298963547, 0.0040560211054980755, 0.029877496883273125, -0.009469513781368732, 0.006711944472044706, 0.015083021484315395, 0.006898842751979828, 0.015476491302251816, -0.027175668627023697, -0.008053021505475044, 0.009135064668953419, -0.0008500593830831349, 0.004583926871418953, -0.008971118368208408, -0.008879308588802814, -0.007816939614713192, 0.004029789939522743, 0.00019366107881069183, 0.029720108956098557, 0.02861839346587658, 0.008623553439974785, -0.011108973063528538, -0.02856593020260334, -0.012905820272862911, -0.016066696494817734, -0.0029805360827594995, 0.0006307817529886961, -0.011987722478806973, 0.0031330056954175234, 0.02488042786717415, -0.005449560936540365, -0.0019525954267010093, 0.004823287948966026, -0.00923343189060688, -0.0007402156479656696, 0.0031887474469840527, -0.01976531557738781, -0.004377354867756367, -0.023726247251033783, -0.018020931631326675, 0.03769443556666374, -0.01665690168738365, 0.008551416918635368, 0.02157527767121792, -0.01984401047229767, -0.021588394418358803, 0.0030346382409334183, 0.02393609844148159, -0.007449700962752104, 0.025024699047207832, 0.0146895507350564, 0.012827125377953053, -0.007600530982017517, 0.007718571927398443, 0.02345081977546215, -0.010466305539011955, -0.02047356218099594, -0.0023181948345154524, 0.016066696494817734, -0.01737826317548752, 0.007908749394118786, 0.014387890696525574, 0.004462606739252806, -0.019804662093520164, 0.0379042886197567, -0.002316555241122842, 0.019476771354675293, -0.0010074474848806858, -0.007475932128727436, -0.04037003219127655, -0.012433655560016632, 0.020644064992666245, 0.014099345542490482, -0.0347040630877018, 0.02174578234553337, 0.01905706897377968, 0.009607228450477123, -0.014020651578903198, 0.22747819125652313, 0.006990652531385422, 0.004875750746577978, 0.018834102898836136, -0.0008648145012557507, 0.008289103396236897, 0.0031969447154551744, 0.008072695694863796, -0.04388503357768059, 0.0405011922121048, 0.015017442405223846, 0.003482210449874401, -0.004318334627896547, -0.015686342492699623, 0.0013492746511474252, -0.009495745413005352, -0.03446798399090767, -0.00969248078763485, -0.037405893206596375, -0.011017163284122944, 0.03307772055268288, 0.0027133042458444834, 0.008649785071611404, -0.013207480311393738, 0.02610018476843834, -0.002706746570765972, 0.011436864733695984, -0.005161016248166561, 0.013758338056504726, 0.019214456900954247, -0.006082392297685146, -0.02223106101155281, 0.02861839346587658, 0.01716841198503971, -0.0318448469042778, -0.006256174761801958, 0.017037255689501762, 0.002706746570765972, 0.011476212181150913, -0.00048650940880179405, 0.009167853742837906, -0.015345335006713867, 0.01816520467400551, -0.009758058935403824, -0.03040212392807007, -0.001635360182262957, 0.008944887667894363, -0.025903450325131416, 0.005236431490629911, 0.04435719922184944, -0.0269133560359478, 0.017889775335788727, -0.00015154747234191746, 0.007108693476766348, 0.007895633578300476, -0.02770029567182064, 0.004485559184104204, 0.007239850237965584, -0.003626483026891947, 0.02363443747162819, -0.008708804845809937, 0.008905540220439434, 0.0009090799139812589, 0.03121529519557953, -0.02945779636502266, -0.004278987646102905, -0.004170783329755068, 0.010990931652486324, 0.001320584095083177, 0.0029149577021598816, 0.005308567546308041, -0.006754570174962282, 0.008230083622038364, -0.004721641540527344, -0.0034658159129321575, -0.011607368476688862, -0.006298800930380821, 0.01329273171722889, 0.05025925114750862, 0.012584486044943333, 0.011456537991762161, -0.0057741738855838776, 0.0007230013143271208, -0.01597488671541214, -0.02940533310174942, -0.010446631349623203, 0.03027096763253212, -0.0026723179034888744, -0.020696528255939484, -0.005833194591104984, -0.0013738664565607905, -0.015266640111804008, -0.025759177282452583, -0.00482656667008996, -0.004767546430230141, -0.004347844980657101, -0.01770615577697754, 0.014991211704909801, -0.005757779348641634, -0.02764783427119255, -0.038192830979824066, 0.01387637946754694, 0.0022329429630190134, -0.03189731016755104, -0.006846379954367876, 0.00012572600098792464, -0.014204271137714386, 0.022401565685868263, -0.02686089277267456, 0.0014837102498859167, -0.0029739784076809883, -0.028775781393051147, 0.0035772991832345724, -0.015712574124336243, -0.015345335006713867, 0.034153204411268234, -0.01732579991221428, -0.01724710687994957, 0.004082252271473408, 0.004006837494671345, -0.012204131111502647, -0.009102275595068932, -0.0021591673139482737, 0.002721501747146249, 0.003488768357783556, -0.0013910807901993394, -0.018506210297346115, -0.014427237212657928, 0.029877496883273125, -0.023700017482042313, 0.009502303786575794, -0.013391099870204926, -0.001875540940091014, -0.005079043563455343, -0.011253245174884796, 0.005220036953687668, -0.006702107843011618, -0.0019525954267010093, -0.01217134203761816, -0.009764616377651691, 0.006603740155696869, -0.021890053525567055, 0.037405893206596375, -0.02149658463895321, 0.009364589117467403, -0.004888866096735001, 0.007279197219759226, 0.006885726936161518, -0.029720108956098557, -0.01215822622179985, -0.005498745013028383, -0.003751081880182028, 0.008505512028932571, 0.002516569336876273, 0.02187693864107132, 0.0036232040729373693, 0.010158087126910686, -0.04934115335345268, 0.006610298063606024, 0.005708595737814903, -0.02688712440431118, -0.01971285231411457, 0.012571370229125023, 0.011469653807580471, -0.0344417504966259, -0.010046604089438915, -0.164942666888237, 0.03097921423614025, -0.006439794320613146, -0.008708804845809937, -0.007685782853513956, 0.017063487321138382, 0.027411751449108124, -0.008984234184026718, 0.008603880181908607, -0.028854474425315857, 0.008295661769807339, -0.007443143054842949, 0.00013668987958226353, -0.02006697654724121, 0.001147621194832027, -0.021378543227910995, -0.004564253147691488, 0.006820148788392544, 0.02610018476843834, 0.010551556944847107, 0.023280315101146698, -0.046586863696575165, 0.019148878753185272, -0.022270409390330315, 0.00014294032007455826, 0.0002262453199364245, 0.0015755199128761888, 0.019214456900954247, -0.004042905289679766, -0.031425148248672485, -0.048344362527132034, -0.020211247727274895, 0.02762160263955593, 0.009607228450477123, 0.020014513283967972, -0.004833124577999115, 0.007705456577241421, 0.0042658718302845955, -0.008144831284880638, 0.006357821170240641, 0.015240409411489964, 0.020316174253821373, -0.010328590869903564, -0.004308497998863459, -0.017496304586529732, 0.020368635654449463, 0.021535931155085564, -0.013509140349924564, 0.021431006491184235, -0.006193875335156918, 0.003803544444963336, -0.041445519775152206, -0.020867031067609787, 0.025601789355278015, 0.006734896916896105, -0.0026903520338237286, 0.01007283478975296, 0.008020232431590557, -0.015397797338664532, -0.0027051069773733616, -0.0018378333188593388, -0.009430167265236378, 0.009869541972875595, 0.001353373285382986, -0.016932331025600433, -0.0026575627271085978, -0.010551556944847107, 0.006433236412703991, -0.02383117377758026, 0.011135204695165157, -0.026729736477136612, 0.00880061462521553, 0.03160876780748367, 0.0016755269607529044, -0.002896923804655671, 0.02022436447441578, 0.0015328939771279693, 0.002752651460468769, 0.0167880579829216, 0.009744943119585514, -0.01564699411392212, 0.007436585146933794, -0.018073394894599915, 0.013653413392603397, -0.019135763868689537, 0.0012886145850643516, 0.00469213118776679, 0.008453049696981907, -0.019161995500326157, -0.005134785082191229, 0.023359009996056557, -0.0006086491048336029, 0.02108999900519848, 0.0051446217112243176, -0.008105484768748283, 0.018296360969543457, 0.02198186330497265, 0.009502303786575794, 0.01556830108165741, -0.01383703202009201, -0.004115041811019182, -0.0017853706376627088, -0.03019227460026741, -0.0039314222522079945, 0.026336265727877617, 0.005311846733093262, -0.018020931631326675, 0.00783661287277937, 0.028251154348254204, -0.02179824374616146, -0.009213758632540703, 0.0035707412753254175, 0.011069625616073608, 0.05965007096529007, -0.027228131890296936, 0.018230782821774483, -0.02339835651218891, 0.0024034467060118914, 0.016696248203516006, -0.026651043444871902, 0.04881652444601059, 0.0033346591517329216, -0.01600111834704876, -0.005429887678474188, 0.003292033215984702, 0.0037215715274214745, -0.07428716123104095, -0.030638206750154495, 0.012079532258212566, 0.0034658159129321575, 0.00037133743171580136, 0.02780522219836712, -0.00922031607478857, 0.04871160164475441, -0.0091088330373168, 0.027254363521933556, -0.03179238364100456, -0.018755408003926277, -0.008361239917576313, -0.007180829532444477, 0.029877496883273125, 0.004111762624233961, 0.02044733054935932, 0.0043904706835746765, 0.0015771593898534775, 0.028329849243164062, -0.02282126620411873, -0.025247665122151375, 0.018939027562737465, -0.03011357970535755, -0.025273896753787994, -0.001501744263805449, -0.007246408145874739, -0.0010222025448456407, 0.0134566780179739, 0.003069066908210516, 0.016551977023482323, 0.017837312072515488, 0.03116283379495144, -0.025457516312599182, 0.00927277933806181, -0.01556830108165741, -0.036514025181531906, 0.002662481041625142, 0.05180690065026283, 0.003237931290641427, -0.007252966053783894, 0.013955073431134224, 0.008728479035198689, -0.03612055629491806, 0.0007287394255399704, 0.0277789905667305, -0.009200642816722393, 0.04346533119678497, -0.0011599170975387096, -0.01385014783591032, -0.01194181852042675, 0.0311103705316782, 0.006262732669711113, -0.022440912202000618, 0.07365760952234268, 0.0048560770228505135, 0.01597488671541214, 0.013718991540372372, -0.01941119320690632, 0.001973908394575119, 0.006013534963130951, -0.007128366734832525, -0.016801174730062485, 0.005967630073428154, 0.018348822370171547, 0.024145949631929398, -0.01514859963208437, -0.01651262864470482, -0.005436445586383343, -0.012072974815964699, -0.010230222716927528, -0.004872471559792757, -0.013522256165742874, 0.0006418481352739036, -0.027936378493905067, 0.01862425170838833, -0.01054499950259924, 0.000800055917352438, 0.0005582357407547534, 0.007010325789451599, -0.005492187105119228, -0.010866332799196243, -0.030900519341230392, -0.004928213078528643, -0.003997000399976969, 0.01346979383379221, 0.012440213933587074, 0.018073394894599915, -0.021181808784604073, -0.045721229165792465, -0.006006977055221796, 0.005911888554692268, 0.01035482157021761, 0.023949215188622475, 0.011036836542189121, 0.0007971868617460132, 0.005974187981337309, 0.007666109595447779, -0.018558673560619354, -0.009023581631481647, -0.03522869199514389, -0.011836892925202847, -0.03205469995737076, 0.018257012590765953, 0.003633040701970458, -0.016906099393963814, 0.0179553534835577, -0.010243338532745838, -0.004990512505173683, -0.03370727226138115, 0.00028977435431443155, 0.002841182053089142, -0.01625031605362892, 0.014794476330280304, 0.0004934770986437798, -0.011548347771167755, -0.007266081403940916, 0.023949215188622475, 0.015607647597789764, -0.013810801319777966, 0.0004303579335100949, -0.011705735698342323, 0.008971118368208408, -0.016801174730062485, -0.009253105148673058, -0.016132274642586708, 0.0019378403667360544, 0.013017303310334682, 0.0011451620375737548, 0.017771733924746513, -0.008892424404621124, -0.0260477215051651, 0.007869401946663857, -0.02785768359899521, 0.005236431490629911, 0.01630277931690216, 0.0011336858151480556, -0.022952424362301826, 0.022703226655721664, 0.02655923366546631, 0.018912797793745995, 0.010217107832431793, -0.05188559368252754, -0.02355574443936348, 0.0062856851145625114, -0.02114246040582657, -0.00567908538505435, -0.011574579402804375, -0.04524906352162361, 0.03292033448815346, -0.007541510742157698, 0.0115090012550354, 0.03016604296863079, 0.01218445785343647, -0.036540258675813675, -0.03766820579767227, -0.017443841323256493, -0.03176615387201309, 0.01162704173475504, -0.002301800297573209, -0.02683466114103794, -0.010420400649309158, 0.05387917533516884, -0.008610437624156475, 0.003521557664498687, -0.025955911725759506, 0.026034606620669365, -0.00923343189060688, -0.02953648939728737, 0.00266739958897233, 0.03021850436925888, -0.012794336304068565, -0.0009000629070214927, -0.012912377715110779, 0.018506210297346115, 0.018099624663591385, 0.030664438381791115, 0.01108929980546236, -0.0051446217112243176, -0.01053188368678093, -0.011240129359066486, 0.008066137321293354, -0.006272569298744202, -0.005029859486967325, -0.02070964314043522, 0.018584905192255974, 0.009358030743896961, 0.016184737905859947, -0.017063487321138382, 0.023214736953377724, -0.004039626568555832, 0.010315475054085255, -0.02360820770263672, 0.004206851124763489, -0.018558673560619354, 0.033208876848220825, 0.013745223172008991, -0.0038592859636992216, -0.039006005972623825, 0.014401006512343884, 0.02114246040582657, 0.0029936518985778093, 0.006613576784729958, 0.014401006512343884, 0.008918656036257744, -0.03968802094459534, -0.007292313035577536, 0.001508302171714604, -0.04847551882266998, -0.044986750930547714, -0.010826986283063889, -0.005541370715945959, -0.002564113587141037, 0.0010722060687839985, 0.0006684893160127103, 0.007082462310791016, 0.0034658159129321575, -0.002896923804655671, 0.01301074493676424, 0.004213409032672644, -0.01859802007675171, 0.020670296624302864, 0.02526078186929226, -0.0066988286562263966, 0.012302499264478683, -0.02177201397716999, 0.03871745988726616, 0.015358449891209602, -0.01008595060557127, -0.018243897706270218, 0.009089159779250622, -0.010512210428714752, 0.01752253621816635, 0.02366066910326481, -0.028277385979890823, -0.015988001599907875, -0.009082602337002754, -0.011187667027115822, 0.007207061164081097, 0.00173126847948879, -0.0024837800301611423, 0.061853501945734024, -0.002621494699269533, 0.005423329770565033, 0.007443143054842949, 0.030034884810447693, 0.01607981137931347, -0.010308916680514812, -0.004774103872478008, 0.02867085672914982, -0.01941119320690632, 0.032474398612976074, -0.0035248363856226206, -0.005603670142591, -0.013771453872323036, 0.012164784595370293, 0.00533479917794466, -0.005823357962071896, 0.000676686642691493, 0.026113299652934074, -0.02393609844148159, -0.011108973063528538, 0.013718991540372372, 0.0016902820207178593, -0.008223525248467922, -0.03013981133699417, 0.012164784595370293, 0.00483968248590827, 0.0005496285739354789, -0.025273896753787994, -0.018375054001808167, 0.009725269861519337, 0.026441192254424095, -0.02436891570687294, -0.024526303634047508, 0.008053021505475044, -0.009076043963432312, 0.005915167275816202, -0.020001398399472237, 8.806967525742948e-05, 0.005324962083250284, 0.009449840523302555, -0.0009451480000279844, -0.0011181109584867954, -0.030061116442084312, 0.008735036477446556, -0.00308710103854537, -0.005302009638398886, -0.005528255365788937, -0.044934287667274475]","[-0.008492500521242619, 0.0008658134611323476, 0.03747675567865372, -0.029954636469483376, -0.025551116093993187, 0.005404014606028795, -0.007401659153401852, 0.0047983634285628796, -0.04419580474495888, -0.010205723345279694, 0.011497333645820618, -0.008599577471613884, 0.01867145486176014, -0.004393480252474546, 0.014950549229979515, 0.009429419413208961, 0.027143878862261772, -0.005032592918723822, 0.007174121681600809, -0.02517635002732277, -0.025363733991980553, 0.0029730445239692926, 0.004908785689622164, 0.009054652415215969, -0.01192563958466053, 0.00932234339416027, 0.005959473550319672, -0.021000368520617485, 0.007803196087479591, -0.019086375832557678, 0.053243763744831085, -0.039216749370098114, -0.008920806460082531, -0.01064741425216198, -0.015057625249028206, 0.011831947602331638, 0.007943733595311642, -0.011430410668253899, 0.018136072903871536, -0.01713223196566105, 0.03546907380223274, -0.0028341796714812517, 0.0072142756544053555, -0.020973598584532738, -0.004333249758929014, 0.032470934092998505, 0.01591423712670803, -0.011758332140743732, -0.01821638084948063, 0.012353944592177868, 0.04494533687829971, 0.007180814165621996, -0.016007928177714348, -0.021000368520617485, 0.01847068779170513, 0.002817448927089572, -0.005815589334815741, 0.0004634402284864336, 0.02241913042962551, -0.013444785960018635, 0.0036573298275470734, 0.021348366513848305, 0.018176225945353508, -0.002621699823066592, -0.012353944592177868, -0.013799477368593216, -0.032926008105278015, 0.04248258098959923, 0.026554958894848824, -0.011095796711742878, 0.02478819712996483, 0.024118969216942787, -0.017895150929689407, -0.004952285438776016, 0.011309949681162834, 0.005805551074445248, -0.010667490772902966, -0.0020076832734048367, 0.014013629406690598, 0.021268058568239212, 0.0007595735369250178, -0.0029111409094184637, -0.03870813548564911, 0.007080430164933205, 0.0007273669471032917, -0.006451355759054422, 0.02734464779496193, 0.005755358841270208, -0.017533767968416214, -0.015499315224587917, 0.0331401601433754, 0.0009143324568867683, 0.00950972642749548, -0.0098443403840065, 0.008164579048752785, -0.014361628331243992, -0.010098647326231003, 0.017814842984080315, -0.014549012295901775, -0.033836156129837036, -0.0003168375405948609, 0.015646545216441154, -0.03469276800751686, -0.003172139637172222, -0.01008526235818863, 0.012052792124450207, 0.006812738720327616, -0.004293096251785755, 0.0039183287881314754, -0.022044362500309944, -0.029071254655718803, 0.03276539221405983, 0.008171271532773972, -0.0025330272037535906, 0.010172262787818909, 0.008144502528011799, 0.010460030287504196, -0.023422973230481148, -0.0039584822952747345, -0.018403764814138412, 0.012628328055143356, 0.024774812161922455, 0.003965174779295921, -0.02877679467201233, -0.00010927234689006582, -0.011263103224337101, -0.009148343466222286, -0.008900729939341545, -0.03217647224664688, -0.003004832658916712, 0.043928112834692, 0.03399677202105522, 0.028482334688305855, 0.017640843987464905, -0.021977441385388374, 0.020973598584532738, -0.019715450704097748, -0.0028358527924865484, 0.013244017958641052, -0.016904693096876144, 0.011162719689309597, 0.03319370001554489, 0.013170402497053146, 0.01129656471312046, 0.0011201200541108847, 0.026742342859506607, -0.005962819792330265, -0.00730127515271306, 0.007622504606842995, -0.01449547428637743, -0.004259634763002396, 0.0038480598013848066, -0.004714709706604481, -0.021763287484645844, -0.012521252036094666, 0.00495563168078661, -0.01152410265058279, 0.00022962878574617207, -0.010393107309937477, -0.04109058529138565, -0.010125416330993176, 0.03827982768416405, 0.018939146772027016, 0.006725739222019911, 0.007000122684985399, 0.036459531635046005, 0.022633284330368042, -0.02090667560696602, -0.008773576468229294, 0.0025715078227221966, -0.021442057564854622, 0.007080430164933205, -0.01713223196566105, -0.011584333144128323, 0.030757708474993706, 0.00696666119620204, 0.005792166572064161, 0.013946707360446453, -0.006524970754981041, 0.006598586216568947, -0.015726853162050247, 0.010854874737560749, 0.03335431218147278, 0.021522365510463715, -0.01814945787191391, 0.013203863985836506, 0.0031687936279922724, -0.024975581094622612, -0.0032708507496863604, -0.0054910141043365, 0.009422726929187775, -0.009375881403684616, -0.012266945093870163, -0.015820544213056564, -0.6381756067276001, -0.025618039071559906, -0.00201102951541543, -0.012862558476626873, -0.012139791622757912, 0.019635142758488655, -0.003158755134791136, 0.018269918859004974, -0.013056633993983269, 0.03399677202105522, -0.025296811014413834, 0.03322046622633934, 0.010045109316706657, -0.02721080183982849, 0.014763165265321732, -0.030891554430127144, -0.001445532077923417, -0.0035301765892654657, -0.02098698355257511, 0.015459162183105946, 0.009034574963152409, -0.005718551576137543, -0.007957118563354015, -0.0007206746959127486, -0.003234043251723051, 0.0028576026670634747, -0.00016155577031895518, -0.04689948260784149, 0.005534513853490353, 0.007147352676838636, -0.018015611916780472, 0.015164701268076897, 0.013826246373355389, -3.644154276116751e-05, 0.0376373715698719, -0.011450487188994884, -0.007281198166310787, 0.02276712842285633, -0.0071272761560976505, 0.040581971406936646, -0.04922839626669884, 0.002855929546058178, 0.019661912694573402, 0.010687568224966526, 0.00036535653634928167, -0.026006191968917847, 0.0202776025980711, 0.006156895775347948, -0.007863426581025124, 0.041947197169065475, 0.01619531214237213, 0.0032859083730727434, -0.0013443112839013338, 0.015606392174959183, 0.009683726355433464, 0.008271655067801476, 0.018577763810753822, -0.028964178636670113, -0.01947452872991562, -0.009476265870034695, -0.011216257698833942, 0.02730449289083481, -0.0012606577947735786, -0.0208129845559597, 0.018055764958262444, -0.015927622094750404, 0.0028960832860320807, -0.007950426079332829, 0.007227660156786442, -0.022231746464967728, 0.019916219636797905, -0.006140165030956268, -0.0222451314330101, 0.0065584322437644005, 0.0027036801911890507, 0.0507810041308403, 0.01061395276337862, 0.0009411015780642629, -0.016101621091365814, -0.017854997888207436, 0.0017751266714185476, 0.00534043787047267, -0.04098350927233696, 0.0003063808544538915, 0.024038661271333694, -0.026742342859506607, -0.010955259203910828, -0.00640116399154067, 0.023128513246774673, -0.016663771122694016, 0.039377361536026, 0.0036539838183671236, -0.005792166572064161, -0.014281321316957474, -0.004303134512156248, 0.012220099568367004, -0.03399677202105522, -0.0012179946061223745, 0.019501296803355217, -0.019113145768642426, -0.027050187811255455, -0.0015342046972364187, -0.025122812017798424, -0.002584892325103283, 0.005280207376927137, -0.0064714327454566956, -0.018350226804614067, 0.01602131314575672, 0.03878844156861305, -0.010205723345279694, 0.013786092400550842, -0.017252692952752113, 0.010359645821154118, 0.00164797343313694, 0.005798858590424061, -0.03576353192329407, -0.0018052419181913137, -0.0010791297536343336, -0.010272646322846413, 0.005373899359256029, -0.00310856313444674, 0.03380938619375229, -0.0013677342794835567, 0.002034452510997653, 0.016422849148511887, -0.006063203793019056, 0.007823272608220577, -0.016061466187238693, -0.003033275017514825, -0.005189861636608839, 0.01187210064381361, 0.0013710804050788283, 0.007200891152024269, -0.020786214619874954, 9.405787568539381e-05, -0.006193703040480614, 0.0013501670910045505, -0.0026016230694949627, 0.00895426794886589, -0.003978559281677008, -0.021321596577763557, 0.01734638400375843, 0.02063898555934429, 0.010774567723274231, 0.0031788318883627653, 0.020933445543050766, -0.03945767134428024, 0.002275374485179782, -0.00496567040681839, 0.026876188814640045, 0.0076894271187484264, -0.005450860131531954, 0.000445036479504779, -0.007154045160859823, 0.007876810617744923, 0.0019056261517107487, 0.01409393735229969, -0.022365592420101166, 0.003046659519895911, -0.029258638620376587, 0.012260252609848976, 0.018162842839956284, -0.01905960775911808, 0.0008210588130168617, -0.001605310128070414, 0.0077095041051507, 0.008325194008648396, 0.02105390653014183, -0.015472546219825745, -0.0057352823205292225, -0.00028337613912299275, -0.011383564211428165, 0.01758730597794056, 0.03996628522872925, 0.0019257029052823782, 0.02808079868555069, -0.026943109929561615, -0.03244416415691376, -0.006926507689058781, 0.0031520628836005926, 0.01010533981025219, 0.02213805541396141, -0.02378435619175434, -0.026314036920666695, 0.006742469966411591, 0.019180068746209145, -0.0033561773598194122, 0.00811104103922844, 0.0012213407317176461, 0.029633406549692154, -0.007394967135041952, 0.017814842984080315, -0.03049001842737198, 0.01192563958466053, 0.003456561593338847, 0.005561282858252525, -0.008298425003886223, 0.010727721266448498, -0.03244416415691376, 0.029017716646194458, 0.011169412173330784, 0.021696364507079124, 0.005531167611479759, -0.015753621235489845, 0.0059393965639173985, -0.03801213949918747, -0.002159932628273964, -0.01916668377816677, 0.01752038300037384, -0.0012983018532395363, 6.175978910505364e-07, 0.011657947674393654, -0.007287890650331974, -0.021776672452688217, -0.0018788570305332541, 0.010553722269833088, -0.022325439378619194, 0.027023417875170708, -0.008211424574255943, 0.008204733021557331, 0.00201102951541543, -0.00012150667316745967, 0.020411446690559387, -0.017359768971800804, 0.0017090404871851206, 0.009242035448551178, 0.013210556469857693, 0.025885730981826782, 0.0018420495325699449, -0.013745938427746296, 8.386260742554441e-05, -0.0012280329829081893, -0.009449495933949947, -0.008546038530766964, 0.0005730263073928654, -0.002392489230260253, -0.003272523870691657, 0.004276365507394075, 0.006284048780798912, -0.005748666822910309, -0.003490022849291563, 0.0259526539593935, 0.016275620087981224, -0.0045005567371845245, 0.022231746464967728, 0.0029646791517734528, 0.038868751376867294, -0.002695314818993211, -0.007107199169695377, 0.021241290494799614, -0.01507101021707058, -0.0011586005566641688, -0.007829965092241764, -0.012353944592177868, -0.005541205871850252, 7.518356142099947e-05, 0.009315650910139084, -0.005802204832434654, 0.02087990753352642, -0.00010216180089628324, 0.009723879396915436, -0.01332432497292757, 0.020237447693943977, -0.022285284474492073, 0.022298669442534447, -0.03198908641934395, -0.03662014380097389, 0.013745938427746296, 0.015646545216441154, 0.013839630410075188, -0.007200891152024269, 0.0025731809437274933, 0.015713468194007874, -0.008030733093619347, 0.03844044357538223, 0.014856857247650623, 0.01369240041822195, 0.029713714495301247, 0.004165942780673504, 0.005972858052700758, -0.027090340852737427, -0.016449619084596634, 0.013431401923298836, 0.021883748471736908, -0.0022854129783809185, -0.022325439378619194, -0.01304324995726347, 0.005363860633224249, -0.015231624245643616, 0.03809244558215141, -0.007763042114675045, 0.011437103152275085, -0.009790802374482155, 0.02244590036571026, 0.016208697110414505, 0.022914359346032143, 0.010607260279357433, 0.005962819792330265, 0.010078570805490017, -0.0165700800716877, 0.0011519083054736257, 0.008418885990977287, -0.02161605842411518, 0.011992561630904675, 0.022673437371850014, 0.017814842984080315, 0.03889551758766174, -0.011316642165184021, 0.007435120642185211, -0.023476511240005493, 0.004667863715440035, 0.009114882908761501, 0.004326557740569115, -0.012942865490913391, -0.007287890650331974, -0.013732554391026497, 0.007374890148639679, 0.02604634501039982, -0.02552434802055359, 0.01996975764632225, 4.50944498879835e-05, -0.020786214619874954, -0.002328912727534771, -0.012896019034087658, 0.009442804381251335, 0.03918997943401337, -0.0027572184335440397, -0.0020896638743579388, -0.004099020268768072, -0.02049175463616848, -0.013772707432508469, -0.009804187342524529, 0.046176716685295105, -0.023409588262438774, -0.006100011058151722, -0.021027136594057083, 0.029874328523874283, -0.009717187844216824, 0.020344525575637817, -0.006919815205037594, 0.050486546009778976, -0.006919815205037594, -0.023101743310689926, -0.0285358726978302, -0.006387779023498297, 0.031801704317331314, -0.0005429110606200993, 0.0135518629103899, 0.02073267661035061, 0.02688957192003727, 0.012936173006892204, 0.030302634462714195, 0.020652368664741516, -0.006665508728474379, -0.002700334182009101, 0.02276712842285633, -0.009362496435642242, 0.02545742504298687, 0.02318205125629902, 0.038199521601200104, -0.011738255620002747, 0.03059709444642067, 0.004430287983268499, 0.017252692952752113, 0.019367452710866928, -0.009375881403684616, 0.0029914481565356255, -0.007421736139804125, 0.017814842984080315, -0.016101621091365814, -0.0157000832259655, 0.029874328523874283, -0.018055764958262444, -0.00839211605489254, 0.005956127308309078, 0.00201437552459538, -0.011584333144128323, -0.0035268303472548723, 0.012722020037472248, 0.003429792355746031, -0.010025031864643097, -0.019487913697957993, 0.012032715603709221, -0.03894905745983124, -0.030891554430127144, -0.010607260279357433, 0.0019993179012089968, -0.00402205903083086, 0.012548021040856838, -0.006357663776725531, 0.0011928984895348549, -0.004868632182478905, -0.027398185804486275, 0.005567975342273712, 0.025015734136104584, -0.013063326478004456, -0.024814967066049576, 0.012869250029325485, 0.008873960003256798, 0.0242662001401186, 0.028402026742696762, 0.00011450068996055052, -0.007528812624514103, 0.004761555697768927, -0.0038480598013848066, -0.02248605340719223, -0.0006215453031472862, -0.00970380287617445, 0.01243425253778696, 0.011771717108786106, 0.0142679363489151, -0.013799477368593216, 0.0015275124460458755, 0.04084966331720352, 0.014522243291139603, 0.004410210996866226, 0.010205723345279694, -0.03496045991778374, 0.021455442532896996, 0.011309949681162834, 0.012588175013661385, 0.05059362202882767, -0.012568097561597824, -0.03394323214888573, -0.015566238202154636, -0.029740482568740845, -0.031319860368967056, -0.004554095212370157, -0.012394098564982414, 0.014923779293894768, 0.0019240299006924033, 0.02108067460358143, -0.009710495360195637, 0.005966165568679571, 0.01780145987868309, -0.01782822795212269, -0.00128073466476053, 0.003187197260558605, 0.004503902979195118, 0.010480106808245182, 0.022539591416716576, 0.033729080110788345, -0.008746807463467121, -0.018136072903871536, 0.022713590413331985, -0.029954636469483376, -0.0036707143299281597, 0.0008641403983347118, 0.002809083554893732, -0.00825157854706049, 0.005035939160734415, -0.016904693096876144, -0.006796007975935936, 0.0036606760695576668, 0.012400791049003601, 0.04004659131169319, 0.0011828601127490401, -0.025363733991980553, -0.026702187955379486, -0.000359709927579388, 0.0325244702398777, 0.008786960504949093, -0.0063275485299527645, -0.017092077061533928, -0.0202776025980711, -0.000909313268493861, -0.024855120107531548, -0.04101027920842171, -0.014963933266699314, -0.034425076097249985, -0.004142520017921925, -0.0012129753595218062, -0.00043918073060922325, 0.01622208207845688, -0.007682735100388527, -0.005531167611479759, -0.017373153939843178, -0.028509104624390602, -0.015646545216441154, -0.0017148961778730154, -0.010560414753854275, 0.00045758450869470835, 0.015111163258552551, 0.027545414865016937, 0.03399677202105522, 0.0007917801267467439, 0.03388969600200653, -0.010533645749092102, 0.009830956347286701, -0.00029466935666278005, -0.009482957422733307, 0.01856437884271145, 0.001532531576231122, 0.00855273101478815, 0.01727946102619171, -0.00932234339416027, 0.025992807000875473, 0.003985251300036907, -0.0034766383469104767, 0.011062335222959518, -0.012875942513346672, -0.02283405140042305, -0.02923187054693699, -0.017359768971800804, 0.005604782607406378, 0.013960091397166252, -0.024333123117685318, 0.02556450106203556, -0.03844044357538223, -0.0045775179751217365, 0.013699092902243137, -0.008960960432887077, 0.00022314564557746053, -0.0038714827969670296, 0.023195434361696243, 0.013384555466473103, -0.0005788820562884212, -0.006939892191439867, 0.018858838826417923, -0.005397322122007608, -0.012387406080961227, -0.009650264866650105, 0.007328044157475233, -0.0027120455633848906, -0.011443794704973698, 0.010272646322846413, -0.00566501310095191, 0.0028743334114551544, -0.016690541058778763, 0.03637922182679176, -0.010018340311944485, 0.0006520788301713765, 0.006243895273655653, -0.006163587793707848, -0.014656088314950466, -0.013853015378117561, -0.014241167344152927, -0.003227351000532508, 0.00046887772623449564, 0.035442303866147995, -0.00023067445727065206, 0.015485931187868118, -0.0017617421690374613, -0.02532357908785343, -0.02668880484998226, -0.010915105231106281, 0.02472127415239811, 0.030115250498056412, 0.02730449289083481, 0.023797739297151566, -0.015044240280985832, -0.025510963052511215, -0.021067291498184204, -0.008813729509711266, -0.004952285438776016, 0.035201381891965866, 0.0428038090467453, -0.015231624245643616, -0.017399922013282776, 0.0001492168812546879, -0.0128491735085845, -0.010480106808245182, 0.00454740272834897, 0.02762572281062603, 0.008686576969921589, -0.011704794131219387, -0.0057352823205292225, 0.0015961083117872477, -0.037048451602458954, 0.0068294694647192955, -0.0009687072015367448, 0.0074485051445662975, -0.01723930798470974, -0.0030617171432822943, -0.002343970350921154, 0.01856437884271145, -0.00716742966324091, 0.026314036920666695, 0.0013275806559249759, -0.004246250260621309, -0.012313791550695896, -0.008224809542298317, 0.024185892194509506, -0.009188497439026833, -0.003001486649736762, 0.002755545312538743, -0.0006027232739143074, -0.006086626555770636, 0.02189713343977928, -0.008673192001879215, -0.022191593423485756, -0.009750648401677608, 0.0019842602778226137, 0.026140037924051285, -0.031346630305051804, -0.004430287983268499, 0.0202776025980711, -0.008579500019550323, 0.021883748471736908, 0.0015810506884008646, -0.02146882750093937, 4.355208875495009e-05, -0.01227363757789135, 0.01094856671988964, 0.025029119104146957, 0.034318000078201294, -0.0095632653683424, 0.008546038530766964, -0.014963933266699314, -0.006953276693820953, -0.027759568765759468, 0.0060565113089978695, -0.012902711518108845, -0.012347253039479256, -0.02070590853691101, -0.030115250498056412, -0.011289873160421848, 0.02255297638475895, 0.028348488733172417, 0.0074752746149897575, 0.005942742805927992, -0.0014538973337039351, -0.04636410251259804, -0.005531167611479759, -0.0026200267020612955, 0.002683603437617421, -0.047541942447423935, 0.0012029369827359915, -0.01302317250519991, -0.03311339020729065, 0.024172507226467133, 0.001880530035123229, -0.03916320949792862, -0.0051195924170315266, 0.00730127515271306, 0.0046143257059156895, 0.008907421492040157, -0.02461419813334942, 0.02786664478480816, 0.008211424574255943, 0.0008193857502192259, -0.014040399342775345, -0.008117733523249626, 0.03003494255244732, -0.031078938394784927, -0.0029195062816143036, 0.010634029284119606, 0.010794644244015217, -0.03653983771800995, 0.0012154849246144295, 0.010841489769518375, 0.00713396817445755, -0.015271778218448162, -0.011176103726029396, 0.007495351135730743, -0.01765422895550728, 0.0038246368058025837, -0.02762572281062603, -0.010741106234490871, 0.005594744347035885, -0.008840499445796013, 0.012139791622757912, -0.0010297743137925863, -0.003991943784058094, -0.019768988713622093, 0.023248974233865738, -0.003302639117464423, 0.02415912225842476, 0.005440821871161461, -0.001888895407319069, -0.03445184603333473, -0.016289005056023598, -0.04007336124777794, 0.0032976199872791767, -0.012855865992605686, 0.03003494255244732, 0.002290432108566165, -0.02146882750093937, -0.017533767968416214, -0.0052333613857626915, -0.012507867068052292, 0.0017634151736274362, 0.0296869445592165, -0.020799599587917328, 0.030061712488532066, 0.006913123186677694, -0.0038447135593742132, 0.0382530614733696, -0.014642704278230667, 0.02259312942624092, -0.011236334219574928, 0.0017148961778730154, -0.01094856671988964, -0.011102489195764065, -0.012601559050381184, -0.003381273476406932, -0.012461021542549133, 0.014575781300663948, 0.011637871153652668, 0.006170280277729034, -0.0017466845456510782, 0.017747920006513596, -0.00785004161298275, 3.91602807212621e-05, -0.023141896352171898, -0.008191348053514957, 0.019889449700713158, 0.011095796711742878, -0.0016680503031238914, -0.023690663278102875, -0.019313914701342583, 0.022352207452058792, -0.006729085464030504, -0.006130126304924488, -0.000971216824837029, -0.0004847718810196966, -0.014816703274846077, -4.4702323066303506e-05, -0.012032715603709221, 0.001524166320450604, 0.001671396428719163, 0.017118846997618675, 0.018015611916780472, -0.0045775179751217365, -0.01337786391377449, 0.012661789543926716, -0.014615935273468494, -0.013679016381502151, -0.028107566758990288, 0.002725430065765977, -0.028375258669257164, 0.011089104227721691, 0.016757464036345482, -0.016596850007772446, -0.05332406982779503, -0.01748022995889187, 0.0039584822952747345, -0.022820668295025826, -0.007441813126206398, -0.017547152936458588, -0.013484939932823181, -0.02496219612658024, 0.011169412173330784, 0.0010255916276946664, 0.009188497439026833, 0.009054652415215969, 0.0040755970403552055, -0.0035569455940276384, -0.0027722760569304228, -0.0165700800716877, 0.0024794889613986015, -0.01159102562814951, -0.00441355723887682, 0.031453706324100494, -0.020612215623259544, -0.017814842984080315, -0.00677593145519495, 0.006143511272966862, -0.0017617421690374613, 0.011898869648575783, 0.18781208992004395, 0.010660798288881779, 0.011517410166561604, 0.016355928033590317, -0.03193555027246475, -0.01615515910089016, 0.006106703542172909, 0.01332432497292757, -0.02783987671136856, 0.021482212468981743, -0.01745346002280712, 0.01734638400375843, -0.01619531214237213, -0.0007106362609192729, -0.0015250027645379305, -0.02660849690437317, -0.03284569829702377, -0.003961828537285328, -0.032337088137865067, 0.019835911691188812, -0.007957118563354015, 0.00586578156799078, -0.024748044088482857, -0.01901945285499096, 0.017747920006513596, 0.02335605025291443, 0.023422973230481148, 0.01847068779170513, 0.01727946102619171, 0.0010088608833029866, -0.026501420885324478, 0.012407483533024788, -0.007997271604835987, 0.014589165337383747, -0.00020087290613446385, -0.01010533981025219, 0.03755706176161766, -0.006317510269582272, 0.023275742307305336, 0.01765422895550728, 0.01576700620353222, -0.017212538048624992, -0.0142679363489151, -0.020719291642308235, -0.033166930079460144, 0.003162101376801729, -0.008612961508333683, -0.006357663776725531, 0.013250710442662239, 0.035442303866147995, -0.03263154625892639, -0.01021241582930088, 0.008947575464844704, -0.0021699711214751005, 0.006919815205037594, -0.023824509233236313, 0.03514784201979637, -0.002337278099730611, 0.01517808623611927, 0.004868632182478905, 0.00015319042722694576, 0.009770725853741169, -0.028937408700585365, 0.03091832436621189, -0.0028274874202907085, 0.03637922182679176, -0.030195558443665504, 0.004209442995488644, 0.013665631413459778, -0.03177493438124657, -0.015298547223210335, -0.005086131393909454, 0.022566361352801323, 0.025577886030077934, -0.013157018460333347, -0.009797494858503342, -0.0009846013272181153, -0.00693319970741868, 0.034184154123067856, 0.027250954881310463, -0.005467590875923634, -0.0022251824848353863, 0.024881890043616295, -0.0032022548839449883, -0.029258638620376587, -0.01871160976588726, -0.005450860131531954, 0.020344525575637817, 0.005982896313071251, -0.010794644244015217, -0.008331885561347008, -0.0043064807541668415, -0.007281198166310787, -0.015485931187868118, 0.0020294333808124065, 0.01843053288757801, 0.007087122183293104, 0.0444902628660202, -0.0021080675069242716, -0.013986860401928425, -0.030302634462714195, 0.06745816022157669, -0.00970380287617445, -0.0032842352520674467, -0.011182796210050583, 0.007937041111290455, 0.003413061611354351, 2.0406873773026746e-06, 0.0168243870139122, -0.013538477942347527, -0.012213407084345818, -0.03570999577641487, 0.022325439378619194, -0.025162965059280396, -0.012541328556835651, 0.0033310812432318926, 0.00950972642749548, -0.03860105946660042, 0.005614821333438158, -0.0015400603879243135, -0.01615515910089016, -0.02797372080385685, -0.013491632416844368, -0.0022854129783809185, 0.005578013602644205, 0.009998262859880924, -0.007287890650331974, -0.027920182794332504, -0.0006257279892452061, -0.029017716646194458, 0.02647465094923973, -0.026621881872415543, -0.0053504761308431625, -0.0020444910041987896, -0.014000245369970798, -0.023663895204663277, 0.011510717682540417, -0.039002593606710434, 0.008017349056899548, 0.009536496363580227, -0.007950426079332829, 0.011457179673016071, 0.0029228522907942533, -0.021442057564854622, -0.019715450704097748, -0.01899268478155136, -0.011008797213435173, -0.009784109890460968, -0.019260374829173088, -0.020973598584532738, -0.008693268522620201, -0.006019704043865204, 0.0016872906126081944, 0.0072544291615486145, 0.012092946097254753, -0.01192563958466053, -0.01748022995889187, -0.02658172696828842, -0.008746807463467121, 0.012775558046996593, -0.027652492746710777, 0.040822893381118774, -0.0030131980311125517, -0.0035301765892654657, -0.022807283326983452, -0.012005946598947048, -0.1688595563173294, -0.0004554931656457484, 0.02136175148189068, -0.025417272001504898, 0.04689948260784149, 0.04748840257525444, 0.010982028208673, 0.02496219612658024, -0.012949557974934578, 0.0045005567371845245, 0.021776672452688217, -0.02506927214562893, -0.012755481526255608, 0.006722392980009317, -0.017319615930318832, -0.007013507187366486, 0.006886353716254234, -0.015606392174959183, 0.046524714678525925, 0.0336487740278244, 0.022927744314074516, -0.006043126806616783, 0.02647465094923973, 0.018229765817523003, -0.0033745812252163887, 0.01094856671988964, -0.03289923816919327, 0.0047314404509961605, 0.004624363966286182, 0.014816703274846077, 0.0076894271187484264, 0.000738660164643079, -0.003560291836038232, -0.010332876816391945, -0.0011928984895348549, -0.02101375162601471, 0.006658816710114479, -0.0035870608408004045, 0.03410384804010391, 0.008960960432887077, 0.0011853696778416634, 0.032926008105278015, 0.011785101145505905, 0.008880652487277985, -0.00855273101478815, 0.021696364507079124, 0.01112256571650505, 0.010634029284119606, 0.017506998032331467, 0.008405501022934914, 0.0233962032943964, -0.001026428071781993, -0.013812861405313015, 0.0009770725155249238, -0.012052792124450207, 0.013337709940969944, -0.0010122070088982582, 0.009255420416593552, -0.014241167344152927, -0.000890072959009558, 0.00828504003584385, -0.03608476370573044, -0.010232493281364441, -0.007354813162237406, 0.02116098254919052, -0.005551244597882032, -0.014816703274846077, 0.010118723846971989, -0.03405030816793442, 0.013812861405313015, 0.00678262347355485, -0.02517635002732277, 0.017667613923549652, 0.017747920006513596, 0.005380591377615929, 0.0072544291615486145, -0.026514805853366852, 0.021415289491415024, 0.010700952261686325, -0.011617794632911682, -0.013210556469857693, 0.044436726719141006, -0.021736519411206245, 0.04146535322070122, -0.03664691373705864, -0.015485931187868118, 0.00202776025980711, 0.008599577471613884, 0.002971371402963996, -0.02419927716255188, 0.025430655106902122, -0.038975827395915985, -0.009108190424740314, -0.0038781750481575727, 0.0034699460957199335, -0.001043995376676321, -0.008847190998494625, 0.003172139637172222, 0.013244017958641052, -0.019260374829173088, 0.006227164529263973, -0.009583341889083385, -0.00858619250357151, -0.0043466342613101006, 0.04553425684571266, -0.0006721556419506669, -0.01982252672314644, 0.016342543065547943, 0.031105708330869675, -0.030730940401554108, -0.014990702271461487, 0.0002448955492582172, -0.007963811047375202, 0.004560787230730057, -0.014147475361824036, 0.02773279882967472, 0.0009411015780642629, 0.003543561091646552, 0.007809888105839491, -0.0034532153513282537, 0.04242904111742973, -0.013397940434515476, 0.0038112523034214973, 0.01972883567214012, -0.013812861405313015, -0.03450538590550423, -0.11467887461185455, -0.0067525082267820835, 0.018202995881438255, -0.005564629100263119, -0.025751885026693344, 0.02021067962050438, -0.014656088314950466, 0.012266945093870163, -0.023596972227096558, 0.01118948869407177, -0.007073737680912018, -0.0016588483704254031, -0.01773453690111637, -0.015285162255167961, -0.018979299813508987, -0.018751762807369232, -0.010165570303797722, 0.017332999035716057, -0.03702168166637421, 0.00781658012419939, 0.008499193005263805, -0.02699664980173111, 0.01741330698132515, -0.011202872730791569, 0.006350971758365631, -0.004256288520991802, -0.03640599176287651, -0.016061466187238693, -0.002104721497744322, 0.010292723774909973, 0.02374420128762722, -0.019327297806739807, 0.01227363757789135, -0.010774567723274231, -0.0033059853594750166, -0.019661912694573402, -0.02535034902393818, -0.009395957924425602, 0.014388397336006165, -0.025858961045742035, -0.0014329840196296573, 0.0376909077167511, 0.014080552384257317, -0.03153401240706444, -0.0098443403840065, 0.00027271031285636127, -0.023342665284872055, 0.04831824451684952, 0.02101375162601471, -0.013705785386264324, -0.053243763744831085, 0.02944602258503437, -0.007783119101077318, -0.03935059532523155, 0.018069149926304817, -0.01699838601052761, 0.017319615930318832, 0.03884198144078255, -0.006187011022120714, -0.024011893197894096, 0.02090667560696602, -0.014923779293894768, 0.0009954763809219003, 0.014682857319712639, 0.025751885026693344, 0.005942742805927992, -0.00767604261636734, -0.009155035950243473, 0.014803318306803703, -0.014803318306803703, -0.022646667435765266, 0.01793530397117138, -0.03091832436621189, 0.00604981929063797, -0.04497210681438446, 0.0021766633726656437, -0.012246868573129177, -0.018631301820278168, -0.02283405140042305, 0.003264158498495817, -0.008960960432887077, 0.011758332140743732, 0.0023255664855241776, -0.002427623840048909, -0.000806837750133127, 0.02506927214562893, 0.002129817381501198, 0.012019330635666847, -0.013906553387641907, -0.019354067742824554, -0.014375013299286366, 0.01769438199698925, -0.00949634239077568, -0.009750648401677608, -0.011570948176085949, -0.016556695103645325, 0.003406369360163808, 0.00531366840004921, -0.027706030756235123, 0.007990580052137375, 0.008960960432887077, -0.005059361923485994, -0.049148090183734894, 0.018858838826417923, -0.03003494255244732, -0.018229765817523003, 0.0038815210573375225, -0.0208397526293993, 0.012353944592177868, -0.01078795175999403, 0.0064045097678899765, 0.003761060070246458, -0.016730694100260735, 0.017774689942598343, -0.0058122435584664345, 0.004714709706604481, -0.0074485051445662975, 0.009677033871412277, -0.0015977813163772225, -0.012514559552073479, 0.004935555160045624, -0.023797739297151566, -0.03611152991652489, -0.003981905523687601, 0.014214398339390755, 0.012440945021808147, 0.003931713290512562, 0.018658069893717766, -0.014013629406690598, 0.03913643956184387, -0.02042483165860176, -0.003264158498495817, -0.004319865256547928, -0.04473118484020233, 0.017399922013282776, 0.016744079068303108, 0.010058493353426456, -0.005805551074445248, 0.02521650306880474, 0.023891432210803032, 0.04794348031282425, 0.025818808004260063, -0.0063275485299527645, -0.029820790514349937, 0.01207956112921238, -0.049817316234111786, 0.006605278234928846, 0.007937041111290455, -0.026621881872415543, 0.00895426794886589, 0.011002104729413986, 0.027250954881310463, 0.043901342898607254, 0.014013629406690598, -0.009061343967914581, -0.016355928033590317, -0.017667613923549652, -0.023543434217572212, -0.0003678661596495658, -0.031025400385260582, 0.00173329992685467, -0.009804187342524529, 0.024319738149642944, -0.0052735148929059505, -0.001705694361589849, -0.00930226594209671, 0.033836156129837036, -0.026836033910512924, 0.0020394716411828995, 0.038868751376867294, 0.0376909077167511, -0.005143015645444393, 0.009469573386013508, 7.042576908133924e-05, 0.004172635264694691, -0.009295574389398098, 0.008244886063039303, -0.001699001993983984, -0.004641094710677862, 0.006822777446359396, 0.004801709204912186, 0.016516542062163353, -0.0011945716105401516, 0.00034318838152103126, 0.003620522329583764, -0.009409342892467976, 0.04063551127910614, -0.00041429384145885706, 0.006344279274344444, -0.021937286481261253, -0.03576353192329407, 0.023275742307305336, -0.009978186339139938, -0.0006257279892452061, -0.01104895118623972, 0.009108190424740314, -0.022499438375234604, -0.016904693096876144, -0.004470441490411758, 0.009168420918285847, 0.0017784727970138192, 0.0009017844568006694, 0.0013760996516793966, 0.0039183287881314754, 0.0019206837750971317, -0.04052843526005745, -0.02622034400701523, 0.02350327931344509, -0.017185769975185394, -0.03632568567991257, -0.001203773426823318, 0.008592884987592697, -0.009951417334377766, 0.0024175853468477726, -0.0009770725155249238, 0.009650264866650105, 0.018243148922920227, -0.009114882908761501, 0.0062873950228095055, -0.004734786693006754, -0.0035803685896098614, 0.05147700011730194, 0.010654106736183167, -0.004912131931632757, 0.017199154943227768, 0.003398003987967968, 0.025055889040231705, 0.011617794632911682, -0.018591148778796196, -0.0011050624307245016, 0.011035566218197346, -0.007803196087479591, -0.006350971758365631, -0.01264171302318573, -0.013505016453564167, 0.010466722771525383, -0.006089972797781229, 0.005728589836508036, 0.012347253039479256, 0.02140190452337265, -0.028107566758990288, 0.05179823189973831, 0.008639730513095856, 0.004192712251096964, -0.009395957924425602, -0.014401782304048538, 0.01040649227797985, 0.006019704043865204, 0.012809019535779953, -0.014227782376110554, -0.033166930079460144, 0.010346261784434319, -0.009951417334377766, 0.003150389762595296, -0.027291109785437584, 0.03643276169896126, 0.003147043753415346, -0.006980045698583126, 0.016811002045869827, 0.00312529387883842, 0.0039584822952747345, 0.003456561593338847, 0.03884198144078255, 0.03091832436621189, 0.012822404503822327, -0.009958109818398952, 0.01818961091339588, 0.00876019150018692, -0.010667490772902966, -0.02577865496277809, -0.03672721982002258, 0.0013083403464406729, -0.0024493737146258354, -0.02335605025291443, -0.03552260994911194, 0.014040399342775345, -0.007589043118059635, -0.007113891188055277, -0.0016061466885730624, 0.01923360675573349, -0.006521624978631735, 0.015285162255167961, 0.01246771402657032, -0.02933894656598568, -0.01982252672314644, 0.0009168420801870525, -0.002653488190844655, -0.000725693884305656, -0.011008797213435173, -0.02105390653014183]"
7205,"Add new key-value pair in python dict<p>I am facing problem while trying to add a new key-value pair in python dictionary while keeping previous key-value pairs. I am using <code>MongoDB</code> as database.</p>

<p>My Sample response is</p>

<pre><code>""field1"" : ""a"",
""field2"" : ""b"",
""field3"" : ""c"",
""history"" : {
    ""2019-09-03 00:00:00"" : ""state1""
}
</code></pre>

<p>Expected response is</p>

<pre><code>""field1"" : ""a"",
""field2"" : ""b"",
""field3"" : ""c"",
""history"" : {
    ""2019-09-01 00:00:00"" : ""state1""
    ""2019-09-02 00:00:00"" : ""state1""
    ""2019-09-03 00:00:00"" : ""state1""
}
</code></pre>

<p>I want to add key-value pair in history, the key is date and value will be state but the problem is my code removes the previous key-value pairs and then add a new key-value pair.</p>

<p>I am using <code>mongo client</code> to save a record in MongoDB data.</p>

<p>here is my code</p>

<pre><code>out = dict()
history = dict()
out['field1'] = 'a'
out['filed2'] = 'b'
out['field3'] = 'c'
history[str(datetime.datetime.now().replace(hour=0, minute=0, second=0, microsecond=0))] = 'state1'
out_handle.update_one(
                    {'field1': a, 'field2': 'b', 'field3': 'c'},
                    {'$set': out}},
                    upsert=True
                )
</code></pre>
",Are you including `token` argument? It's required https://api.slack.com/methods/chat.postMessage,"Embed Field: Add new key-value pair in python dict<p>I am facing problem while trying to add a new key-value pair in python dictionary while keeping previous key-value pairs. I am using <code>MongoDB</code> as database.</p>

<p>My Sample response is</p>

<pre><code>""field1"" : ""a"",
""field2"" : ""b"",
""field3"" : ""c"",
""history"" : {
    ""2019-09-03 00:00:00"" : ""state1""
}
</code></pre>

<p>Expected response is</p>

<pre><code>""field1"" : ""a"",
""field2"" : ""b"",
""field3"" : ""c"",
""history"" : {
    ""2019-09-01 00:00:00"" : ""state1""
    ""2019-09-02 00:00:00"" : ""state1""
    ""2019-09-03 00:00:00"" : ""state1""
}
</code></pre>

<p>I want to add key-value pair in history, the key is date and value will be state but the problem is my code removes the previous key-value pairs and then add a new key-value pair.</p>

<p>I am using <code>mongo client</code> to save a record in MongoDB data.</p>

<p>here is my code</p>

<pre><code>out = dict()
history = dict()
out['field1'] = 'a'
out['filed2'] = 'b'
out['field3'] = 'c'
history[str(datetime.datetime.now().replace(hour=0, minute=0, second=0, microsecond=0))] = 'state1'
out_handle.update_one(
                    {'field1': a, 'field2': 'b', 'field3': 'c'},
                    {'$set': out}},
                    upsert=True
                )
</code></pre>; Answer: Are you including `token` argument? It's required https://api.slack.com/methods/chat.postMessage","[-0.030835909768939018, 0.01378435455262661, 0.004367520567029715, 0.0002544063900131732, -0.022451890632510185, 0.007141942624002695, -0.005221448373049498, -0.010935677215456963, -0.012279010377824306, -0.00422913720831275, -0.004262889269739389, 0.015053432434797287, 0.010793918743729591, -0.001091036363504827, -0.010773667134344578, -0.016038993373513222, 0.015633968636393547, -0.0156609695404768, -0.006429773289710283, 0.0018614277942106128, 0.007081188727170229, 0.016997553408145905, 0.004262889269739389, -0.0140273692086339, -0.019157687202095985, -0.00916706770658493, 0.011158441193401814, -0.019900232553482056, 0.00928182527422905, 0.011900987476110458, -0.0041785091161727905, 0.011367704719305038, 0.0028014236595481634, -0.017119061201810837, -0.015552964061498642, -0.015309948474168777, 0.003527093445882201, -0.01798311434686184, 0.052734266966581345, -0.0032807032112032175, 0.01891467161476612, 0.023518458008766174, 0.005788483656942844, -0.0013973366003483534, -0.022910919040441513, 0.027460701763629913, 0.006878676358610392, -0.04922404885292053, -0.005332830362021923, 0.0024234000593423843, 0.009909613989293575, 0.032131992280483246, -0.039881471544504166, 0.012015744112432003, 0.013116062618792057, -0.02334294654428959, 0.04571383073925972, 0.05151919275522232, -0.015255945734679699, -0.0012952365214005113, 0.011853734031319618, 0.014486397616565228, -0.0007767200004309416, -0.0072229476645588875, -0.0008007683791220188, -0.0008573030936531723, 0.005380083341151476, 0.0038882410153746605, 0.022424889728426933, 0.014445895329117775, 0.015539462678134441, 0.02081828936934471, -0.019225191324949265, 0.010645410045981407, 0.02696117013692856, 0.005491465330123901, -0.0012994555290788412, -0.011671473272144794, 0.005329455249011517, 0.01578247733414173, -0.00335327023640275, -0.008397520519793034, -0.01294730231165886, 0.018037118017673492, 0.04028649628162384, 0.015323449857532978, -0.012306012213230133, 0.03931443765759468, 0.008762042969465256, -0.013689848594367504, -0.006568157114088535, 0.004620661493390799, 0.01714606210589409, 0.022451890632510185, 0.00225632730871439, 0.03251001611351967, -0.018158625811338425, 0.03453513979911804, 0.023869479075074196, -0.00921432115137577, -0.01801011525094509, 0.013919362798333168, -0.021520333364605904, -0.03240200877189636, -0.0026259126607328653, -0.007209446746855974, 0.0006855893298052251, -0.02708267793059349, -0.000984717276878655, 0.014324387535452843, -0.014823918230831623, 0.03134894371032715, -0.009302075952291489, -0.02575959637761116, -0.009565342217683792, -0.008741791360080242, 0.019346699118614197, -0.043310683220624924, -0.024004487320780754, -0.011401456780731678, 0.01320381835103035, -0.004252763465046883, 0.016673533245921135, -0.022586898878216743, 0.0117524778470397, 0.014945426024496555, 0.0047421688213944435, -0.04309466853737831, -0.005160694941878319, -0.007418709807097912, 0.041852593421936035, 0.01584998145699501, -0.015296448022127151, 0.02837875857949257, -0.011455459520220757, 0.016862545162439346, -0.01287979818880558, -0.02111530862748623, -0.023234939202666283, -0.028189746662974358, 0.0046341619454324245, 0.03307705000042915, 0.00020240707090124488, -0.021344821900129318, -0.03431912511587143, 0.04158257693052292, -0.0021567586809396744, -0.008397520519793034, 0.01726756989955902, -0.004104254301637411, 0.025530081242322922, 0.018644655123353004, -0.04193359985947609, 0.0039219930768013, -0.0030680650379508734, 0.004283140413463116, -0.001760171609930694, -0.005768232513219118, 0.02886478789150715, 0.016835542395710945, 0.006352143362164497, 0.01840163953602314, -0.014513399451971054, -0.011171942576766014, 0.004630786832422018, 0.025840600952506065, -0.0006062719621695578, -0.033617082983255386, -0.008276012726128101, -0.01594448834657669, -0.012893298640847206, 0.012083248235285282, -0.016903046518564224, -0.010031121782958508, 0.007924990728497505, 0.01068591233342886, -0.012103499844670296, 0.025611087679862976, -0.03515617921948433, -0.019387200474739075, -0.03002586029469967, 0.009788106195628643, -0.014229881577193737, 0.06096977740526199, -0.01817212626338005, -0.052410248667001724, -0.017024554312229156, -0.023356446996331215, 0.014580903574824333, 0.0064432742074131966, 0.04917004704475403, 0.03256401792168617, -0.004620661493390799, -0.02905379980802536, -0.5823720693588257, -0.012522025965154171, -0.02160133793950081, -0.000583489250857383, 0.002335644792765379, 0.00020219612633809447, -0.011853734031319618, 0.016065996140241623, -0.049791086465120316, 0.01801011525094509, -0.022843414917588234, 0.05648750066757202, -0.006304890848696232, 0.011570217087864876, -0.011759229004383087, 0.0041920095682144165, 0.033914100378751755, -0.030808908864855766, -0.0008277700399048626, -0.0029094303026795387, 0.004499153699725866, 0.02139882557094097, -0.011050434783101082, 0.02872977964580059, -0.004181884229183197, -0.03272602707147598, -0.01065216027200222, 0.017348574474453926, 0.0026765407528728247, 0.01742957904934883, -0.024612024426460266, -0.0036958539858460426, 0.0076279728673398495, -0.0088767996057868, 0.0511411689221859, 0.002401461359113455, -0.04055651277303696, 0.015039931982755661, -0.007202696055173874, 0.04506579414010048, 0.012029245495796204, -0.03040388412773609, 0.00021917764388490468, 0.004435024689882994, -0.001932307262904942, -0.0054070851765573025, -0.007472713012248278, -0.017443081364035606, 0.030943917110562325, -0.04428274556994438, 0.01130020059645176, 0.007850736379623413, -0.014445895329117775, -0.012130501680076122, 0.03196997940540314, -0.017618590965867043, 0.013575091026723385, -3.950049358536489e-05, 0.03950344771146774, -0.015768976882100105, 0.004904178902506828, 0.007675225380808115, -0.026002611964941025, 0.010112126357853413, -0.03731631115078926, 0.00252634403295815, -0.013716849498450756, 0.015930987894535065, 0.0028588022105395794, -0.019508708268404007, -0.0018091121455654502, 0.004667914006859064, -0.016808541491627693, -0.027271689847111702, 0.01675453782081604, 0.025395072996616364, 0.01090867631137371, 0.010166130028665066, -0.028432762250304222, 0.023423951119184494, 0.009443835355341434, -0.017632093280553818, -0.026029612869024277, -0.014121875166893005, 0.023747971281409264, 0.011043684557080269, -0.030133867636322975, 0.01535045076161623, 0.01698405295610428, -0.0015686284750699997, 0.03288803622126579, 0.035885222256183624, -0.012238508090376854, 0.008606783114373684, -0.008802545256912708, 0.0280547384172678, 0.008249010890722275, 0.009126565419137478, 0.02478753589093685, -0.023612963035702705, -0.0362902469933033, -0.005511716473847628, 0.010368642397224903, 0.008579781278967857, 0.03955744951963425, 0.012468022294342518, -0.0173350740224123, 0.00982860941439867, 0.00196943455375731, 0.0033397695515304804, -0.0026579771656543016, -0.017038054764270782, -0.022303381934762, 0.0012505149934440851, -0.0018411765340715647, -0.03593922778964043, 0.036398254334926605, -0.011165191419422626, 0.03269902616739273, 0.026542644947767258, -0.005869488697499037, 0.008978056721389294, 0.0008180662989616394, -0.005572470370680094, -0.009983868338167667, 0.019063180312514305, -0.012569278478622437, -0.005471214186400175, -0.0023221438750624657, 0.025219563394784927, 0.01428388524800539, -0.02324843965470791, 0.02411249466240406, 0.0014808729756623507, 0.015201942063868046, -0.010787168517708778, 0.03966545686125755, -0.006490527186542749, 0.02201986499130726, 0.016619529575109482, 0.01486442144960165, 0.0033498951233923435, 0.017321573570370674, -0.007202696055173874, -0.001768609625287354, -0.025867601856589317, -0.04509279504418373, 0.0016125061083585024, -0.02408549189567566, -0.017024554312229156, 0.014189379289746284, -0.044174738228321075, -0.01320381835103035, 0.009632847271859646, -0.005160694941878319, -0.008255761116743088, 0.01756458915770054, -0.011522963643074036, 0.011745727621018887, -0.01594448834657669, -0.014445895329117775, 0.014337887987494469, -0.04865701496601105, -0.009302075952291489, -0.019927235320210457, -0.011792981065809727, -0.005764857400208712, 0.025611087679862976, 0.007344454992562532, -0.022478893399238586, -0.017362074926495552, -0.024477016180753708, -0.010463148355484009, -0.015971489250659943, -0.0014395266771316528, -0.0052990783005952835, -0.04849500581622124, -0.013905861414968967, 0.003736356506124139, -0.01649802178144455, -0.02675865776836872, 0.025719093158841133, -0.0030680650379508734, -0.004340518731623888, 0.03680327907204628, -0.018118122592568398, 0.001930619589984417, 0.023167435079813004, -0.0009653097949922085, 0.03529118746519089, 0.012825794517993927, -0.010098625905811787, -0.010915426537394524, -0.006774044595658779, -0.017308073118329048, -0.004320267587900162, 0.008606783114373684, -0.0019542460795491934, -0.008768793195486069, 0.029593832790851593, 0.029026798903942108, 0.007567218970507383, 0.017213566228747368, -0.013811355456709862, -0.009369581006467342, -0.018617654219269753, 0.0012167629320174456, -0.006331892218440771, 0.017672594636678696, -0.019535711035132408, 0.007762981113046408, -0.010820920579135418, -0.005616347771137953, -0.010456398129463196, -0.014810417778789997, 0.007648224011063576, -0.04198760166764259, 0.007756230421364307, -0.017969613894820213, 0.019940735772252083, -0.026866665109992027, 0.011914487928152084, 0.0264076367020607, 0.01394636370241642, -0.010145878419280052, -0.016471020877361298, 0.01262328214943409, 0.02956683188676834, -0.009916364215314388, -0.0230864305049181, 0.006102378014475107, 0.007715728133916855, 0.020008239895105362, 0.00585936289280653, 0.024639027193188667, -0.02534106932580471, 0.036911286413669586, 0.0002613677643239498, 0.03369808942079544, 0.010456398129463196, -0.01126644853502512, 0.0088767996057868, 0.01517494022846222, -0.014580903574824333, 0.021331321448087692, 0.0185636505484581, 0.03248301148414612, 0.016606029123067856, -0.0038781152106821537, 0.028297754004597664, 0.0028874913696199656, -0.02663714997470379, -0.005933617707341909, -0.01975172385573387, -0.0041785091161727905, -0.0337790921330452, -0.008005996234714985, 0.012900048866868019, 0.003965870942920446, 0.016214504837989807, 0.004664538893848658, -0.016997553408145905, 0.0015601904597133398, -0.00417175842449069, 0.014472897164523602, -0.005974119994789362, -0.022033365443348885, -0.016471020877361298, -0.005511716473847628, -0.012447771616280079, -0.017632093280553818, -0.04768495634198189, -0.004377646371722221, -0.025651589035987854, 0.031294938176870346, 0.006250887177884579, 0.02494954504072666, 0.02617812156677246, -0.0018428642069920897, 0.010274136438965797, -0.01420287974178791, -0.0048636761493980885, 0.029296815395355225, 0.00012498821888584644, 0.009329077787697315, -3.11943149426952e-05, -0.03315805271267891, 0.024139495566487312, -0.018158625811338425, 0.04196060076355934, 0.009180569089949131, 0.01805061846971512, -0.008161256089806557, -0.01323757041245699, 0.000769547710660845, 0.014216381125152111, 0.054705388844013214, -0.0028469888493418694, 0.025260064750909805, 0.005015560891479254, -0.001128163654357195, 0.038234367966651917, -0.004458651412278414, 0.005288952495902777, 0.04428274556994438, 0.001998123712837696, 0.0008893675985746086, -0.02401798777282238, -0.007857486605644226, -0.007121691480278969, 0.002654602052643895, -0.0030495014507323503, 0.006669413298368454, 0.0029178683180361986, 0.004023249261081219, -0.003410648787394166, -0.0008315671584568918, -0.006693039555102587, 0.005049312952905893, -0.01726756989955902, 0.002143257763236761, -0.018388139083981514, -0.020642779767513275, 0.002048752037808299, 0.029674839228391647, 0.04941306263208389, 0.002968496410176158, -0.001989685697481036, -0.018847167491912842, 0.014958926476538181, -0.025813600048422813, -0.011489211581647396, 0.012015744112432003, -0.03853138908743858, -0.023734470829367638, 0.0055522192269563675, -0.010841172188520432, 0.028972795233130455, 0.027433698996901512, 0.0037701085675507784, -0.01759159006178379, -0.03070090152323246, -0.015552964061498642, -0.015161439776420593, -0.002403148915618658, -0.008059998974204063, 0.00615638168528676, 0.01821262761950493, 0.020440267398953438, 0.01810462214052677, 0.0006619628984481096, 0.0013855233555659652, 0.011644471436738968, -0.032104987651109695, -0.01995423622429371, 0.030430885031819344, 0.038882408291101456, 0.006493902299553156, -0.01724056899547577, 0.04817098379135132, 0.02376147173345089, 0.004060376435518265, 0.018091121688485146, 0.008593282662332058, 0.015282946638762951, 0.014796916395425797, -0.0038882410153746605, 0.017834605649113655, 0.007330954074859619, 0.014459395781159401, -0.010814170353114605, 0.013986866921186447, -0.012211506254971027, 0.01817212626338005, -0.013008056208491325, -0.018712159246206284, -0.05057413503527641, -0.03585822135210037, 0.019859731197357178, 0.0013931175926700234, 0.010287637822329998, -0.03286103531718254, -0.015404454432427883, 0.00039046950405463576, -0.013453583233058453, -0.020170249044895172, 0.016484521329402924, -0.011354203335940838, 0.002661352511495352, -0.013757352717220783, -0.01981922797858715, 0.011860485188663006, -0.02139882557094097, 0.002642788691446185, -0.00447890255600214, -0.03753232583403587, -0.013102562166750431, 0.006946180481463671, 0.040529511868953705, 0.006385895889252424, 0.018941674381494522, -0.021736346185207367, 0.0027153557166457176, -0.0025027175433933735, 0.01454040128737688, -0.02408549189567566, 0.0035102174151688814, 0.0029566832818090916, -0.013797855004668236, 0.001824300503358245, -0.01740257814526558, 0.00837726891040802, -0.036749277263879776, 0.04206860810518265, -0.00986236147582531, -0.0037397316191345453, -0.008309764787554741, 0.02227638103067875, -0.00041198646067641675, -0.00223101326264441, -0.020521271973848343, 0.023491455242037773, 0.016552025452256203, 0.033104050904512405, 0.004988559056073427, -0.006257637869566679, -0.03264502435922623, -0.01226550992578268, -0.010253885760903358, 0.011657971888780594, -0.0009788105962798, 0.03696529194712639, 0.0077089774422347546, 0.02243839018046856, 0.018388139083981514, -0.012285761535167694, 0.022991925477981567, -0.0002558830310590565, 0.028648775070905685, 0.023815475404262543, -0.014040869660675526, 0.024423012509942055, -0.022478893399238586, 0.002863864880055189, 0.030268875882029533, -0.01923869177699089, 0.019967736676335335, 0.01348058506846428, -0.0034730902407318354, -0.0011416644556447864, 0.013338826596736908, -0.0156879723072052, -0.014081372879445553, -0.0071081905625760555, 0.015093935653567314, 0.017213566228747368, 0.012704286724328995, -0.014040869660675526, -0.03169996291399002, 0.012549027800559998, 0.011084186844527721, 0.012805543839931488, -0.01742957904934883, 0.014000367373228073, -0.003476465353742242, -0.023261941969394684, 0.011664723046123981, -0.025840600952506065, -0.005612972658127546, -0.026299629360437393, -0.020035240799188614, 0.017510585486888885, 0.010915426537394524, -0.0025010299868881702, -0.0065276543609797955, -0.015066933818161488, -0.013791104778647423, -0.008431272581219673, -0.02872977964580059, -0.0185636505484581, -0.011927989311516285, 0.04223061725497246, 0.017645593732595444, 0.019576212391257286, 0.033401068300008774, -0.01312281284481287, 0.01656552590429783, -0.019670719280838966, 0.01598498970270157, 0.002018375089392066, 0.0025600960943847895, 0.007776482030749321, -0.007465962786227465, -0.03653326258063316, 0.016673533245921135, 0.002614099532365799, 0.0239504836499691, 0.013311824761331081, 0.0017551087075844407, 0.010388894006609917, -0.024517519399523735, 0.005828985944390297, -0.02127731777727604, -0.033266060054302216, -0.007614471949636936, 0.037883348762989044, -0.024288004264235497, -0.022775910794734955, -0.04590284451842308, 0.004273014608770609, 0.008998307399451733, 0.004016499035060406, 0.0206562802195549, -0.0016217880183830857, 0.008620284497737885, -0.008762042969465256, 0.0044080233201384544, 0.0005556438118219376, -0.012204756028950214, -0.022843414917588234, -0.0058931149542331696, -0.025786597281694412, -0.006379145197570324, 0.01042939629405737, -0.00029343224014155567, 0.005582595709711313, -0.013325325213372707, 0.010584656149148941, -0.029836848378181458, 0.03637125343084335, -0.02366696670651436, -0.010078374296426773, 0.0003948994562961161, -0.025813600048422813, -0.006966431625187397, -0.005278827156871557, -0.0018681782530620694, -0.054219357669353485, 0.019454704597592354, 0.011090937070548534, 0.004715166985988617, 0.01707855798304081, -0.010233634151518345, -0.004435024689882994, 0.008640535175800323, -0.012319513596594334, 0.04476877301931381, 0.014243382960557938, 0.011414957232773304, 0.043499696999788284, -0.007850736379623413, -0.012636782601475716, -0.020291756838560104, 0.0013087373226881027, -0.011806481517851353, 0.031294938176870346, 0.02921581082046032, -0.020264755934476852, -0.018361138179898262, -0.008296264335513115, -0.003766733454540372, -0.0009383081342093647, -0.0006817922694608569, 0.010868173092603683, 0.00899155717343092, -0.03626324608922005, -0.002452089451253414, 0.006379145197570324, -0.04174458608031273, -0.003208136186003685, -0.010679162107408047, 0.01652502454817295, 0.013338826596736908, -0.02318093553185463, -0.046955909579992294, 0.014675409533083439, 0.011927989311516285, 0.030592896044254303, 0.017632093280553818, 0.02169584482908249, -0.021223314106464386, -0.007769731339067221, -0.006888801697641611, 0.02647514082491398, 0.00813425425440073, 0.013541338965296745, -0.04174458608031273, -0.009261573664844036, -0.0016133500030264258, -0.011617469601333141, 0.0072296978905797005, -0.013048558495938778, 0.017200065776705742, 0.042851656675338745, -0.02956683188676834, -0.00866753701120615, 0.015201942063868046, -0.004097504075616598, -0.0059943716041743755, -0.004391147289425135, -0.02924281172454357, -0.01859065145254135, -0.018955174833536148, 0.0003991184930782765, 0.027096178382635117, 0.0013348952634260058, 0.0073377047665417194, -0.013021556660532951, -0.006186758168041706, 0.014067871496081352, 0.002190510742366314, 0.027447201311588287, -0.012292511761188507, -0.014216381125152111, -0.01136095356196165, -0.012326263822615147, -0.0030123740434646606, -9.898855205392465e-05, -0.017510585486888885, 0.01395986508578062, 0.024315007030963898, 0.03353607654571533, -0.012515275739133358, -0.0005885520949959755, -0.011549965478479862, -0.007168943993747234, 0.008519027382135391, -0.013143064454197884, -0.01756458915770054, -0.007749480195343494, 0.008708039298653603, -0.0007244042353704572, -0.03853138908743858, -0.000497421424370259, 0.0016648218734189868, 0.017348574474453926, -0.0038106110878288746, 0.023896479979157448, 0.009099563583731651, 0.02324843965470791, 0.020926296710968018, -0.0337790921330452, -0.02585410140454769, 0.02854076772928238, -0.014513399451971054, 0.009659848175942898, -0.02401798777282238, -0.029620835557579994, -0.004235887434333563, -0.009599095210433006, 0.00363510032184422, -0.003295891685411334, -0.03758632764220238, 0.003459589323028922, 0.00419538514688611, 0.014999429695308208, -0.019805727526545525, 0.009842109866440296, -0.029296815395355225, -0.022937921807169914, -0.0297288428992033, 0.013777603395283222, -0.002325518988072872, -0.006834798492491245, -0.005366582423448563, 0.03934143856167793, 0.03040388412773609, -0.021776849403977394, -0.02376147173345089, -0.033752091228961945, -0.04106954485177994, -0.02466602809727192, 0.00027972046518698335, -0.0028081738855689764, -0.0010176255600526929, 0.0387474000453949, 0.014337887987494469, -0.00849202647805214, -0.01817212626338005, -0.020521271973848343, -0.01817212626338005, -0.023747971281409264, 0.009734103456139565, -0.013919362798333168, 0.05465138703584671, 0.025719093158841133, -0.012873047962784767, 0.028594771400094032, 0.02536807209253311, 0.03761333227157593, -0.01798311434686184, 0.0002700167242437601, 0.0014429019065573812, -0.013588592410087585, 0.004738793708384037, 0.01485092006623745, -0.020183751359581947, 0.013595342636108398, -0.01460790541023016, -0.009707101620733738, 0.052896276116371155, 0.02149333246052265, -0.014297385700047016, -0.03650626167654991, -0.01428388524800539, 0.017875107005238533, -0.014040869660675526, 0.016970550641417503, -0.015458458103239536, -0.021911857649683952, -0.015579964965581894, 0.013622344471514225, -0.009983868338167667, -0.00036262403591535985, -0.010294388048350811, 0.013224069029092789, -0.007945242337882519, 0.0218848567456007, 0.005744605790823698, -0.012528776191174984, 0.011313701048493385, -0.03485915809869766, 0.03842338174581528, 0.004718542564660311, -0.004468776751309633, 0.04444475471973419, 0.008532528765499592, 0.02740669809281826, -0.01863115467131138, 0.02478753589093685, -0.01991373300552368, 0.0031288189347833395, -0.0037262309342622757, -0.008586532436311245, 0.008870049379765987, -0.01003787200897932, 0.03429212421178818, -0.006959681399166584, 0.0019930610433220863, 0.015120936557650566, 0.0009222758817486465, -0.0014007118297740817, -0.005099941045045853, -0.007789982482790947, -0.02905379980802536, -0.018550150096416473, 0.016808541491627693, 0.0003898366412613541, 0.00974760390818119, -0.030484888702630997, -0.01801011525094509, -0.0134265823289752, -0.004799547605216503, 0.017416078597307205, -0.00642302306368947, -0.01810462214052677, 0.029026798903942108, 0.013581841252744198, -0.035723213106393814, -0.00499530928209424, 0.1963561624288559, 0.0012235132744535804, 0.009342579171061516, 0.00418863445520401, 0.005245075095444918, 0.02478753589093685, 0.009720602072775364, -0.008525778539478779, -0.016025492921471596, 0.012198005802929401, 0.006544530391693115, -0.0022546397522091866, -0.002698479685932398, -0.006699790246784687, 0.007276950869709253, 0.014216381125152111, -0.04274364933371544, -0.041042543947696686, -0.008303014561533928, -0.027838725596666336, 0.004647662863135338, 0.0010539090726524591, 0.003678977955132723, -0.014256883412599564, 0.023329446092247963, -0.0239504836499691, 0.012427520006895065, -0.026650650426745415, -0.00923457182943821, 0.01535045076161623, -0.03159195929765701, 0.012522025965154171, 0.01975172385573387, -0.020993800833821297, -0.04412073269486427, -0.01348058506846428, 0.0251790601760149, 0.0035574703942984343, 0.0239504836499691, 0.00419538514688611, 0.0047792959958314896, -0.03415711596608162, 0.021749848499894142, -0.004890677984803915, 0.0012294199550524354, -0.00791149027645588, 0.010760166682302952, -0.003306017257273197, 0.00503581203520298, 0.03169996291399002, -0.017578089609742165, -0.06037574261426926, 0.0077089774422347546, 0.025678591802716255, 0.010307888500392437, -0.020480768755078316, 0.020251255482435226, 0.010915426537394524, -0.022843414917588234, 0.035426195710897446, -0.010112126357853413, 0.03102492168545723, 0.002765983808785677, 0.02601611241698265, -0.031159929931163788, 0.012792042456567287, -0.0461728610098362, -0.01888767071068287, 0.011151690967381, 0.013892360962927341, 0.004661163780838251, -0.026556145399808884, -0.0023474579211324453, -0.0036958539858460426, -0.009389831684529781, -0.0173350740224123, 0.0511411689221859, 0.0020622527226805687, 0.010442896746098995, 0.024814536795020103, -0.042014602571725845, -0.04503878951072693, 0.0038308624643832445, 0.010773667134344578, -0.04606485366821289, -0.00309169152751565, 0.02255989797413349, 0.011617469601333141, -0.03618224337697029, 0.0021753222681581974, -0.00530920410528779, 0.018091121688485146, -0.010260635986924171, 0.0026461640372872353, -0.027676714584231377, -0.024288004264235497, -0.009011808782815933, 0.036236245185136795, -0.010577904991805553, 0.013986866921186447, -0.03518318012356758, 0.0206562802195549, 0.022235877811908722, 0.02366696670651436, -0.006858424749225378, 0.00047295118565671146, -0.016700534150004387, -0.008228760212659836, 0.019859731197357178, -0.03645225986838341, 0.01171872578561306, -0.014189379289746284, -0.004080628044903278, -0.0025246564764529467, -0.0065512810833752155, -0.015228943899273872, 0.027109678834676743, -0.00849202647805214, -0.0036654770374298096, 0.012839295901358128, 0.011779479682445526, -0.0337790921330452, 0.010017620399594307, 0.010503650642931461, -0.015336950309574604, -0.015444956719875336, -0.015255945734679699, 0.0069394297897815704, 0.004333768505603075, -0.01584998145699501, 0.041528571397066116, -0.022316882386803627, -0.0044451504945755005, -0.021250316873192787, -0.021358324214816093, 0.017227066680788994, -0.023059429600834846, -0.02870277874171734, -0.0018715534824877977, 0.030133867636322975, 0.003516967874020338, -0.010935677215456963, 0.022654403001070023, 0.002209074329584837, 0.03521018102765083, -0.02717718482017517, -0.010847922414541245, -0.0036756028421223164, 0.0038376126904040575, -0.009450585581362247, -0.013892360962927341, 0.013865359127521515, 0.01749708503484726, -0.027190685272216797, -0.01377085316926241, -0.008073500357568264, -0.0053362054750323296, -0.011171942576766014, -0.003621599404141307, 0.00017846417904365808, -0.01459440402686596, 0.026448138058185577, 0.002710293047130108, -0.016065996140241623, -0.007121691480278969, -0.009875861927866936, -0.1681664139032364, 0.04098853841423988, 0.02634013257920742, -0.030133867636322975, -0.006841548718512058, 0.017416078597307205, 0.017713097855448723, -0.004050251096487045, -0.01821262761950493, -0.025624588131904602, 0.01034839078783989, -0.0031456949654966593, -0.03731631115078926, -0.02336994744837284, 0.0030950668733567, 0.02918880805373192, 0.013257821090519428, -0.01007162407040596, -0.003824112005531788, 0.025786597281694412, 0.011671473272144794, -0.011725476942956448, 0.02573259361088276, -0.011846983805298805, 0.003419086802750826, 0.02127731777727604, 0.011124689131975174, -0.0010775355622172356, -0.02750120311975479, -0.008471774868667126, -0.009086063131690025, 0.00953834131360054, 0.019711220636963844, 0.0218578539788723, 0.03218599408864975, -0.00532608013600111, 0.033833097666502, -0.017186565324664116, -0.0021095057018101215, 0.013291573151946068, 0.020413264632225037, 0.003437650389969349, -0.0006767294253222644, -0.019441204145550728, -0.012441020458936691, 0.00021158342133276165, 0.013642595149576664, 0.006716666277498007, 0.00025989109417423606, 0.016835542395710945, 0.01707855798304081, -0.020831791684031487, -0.016808541491627693, -0.007175694685429335, 0.01560696680098772, 0.027231186628341675, -0.012967553921043873, -0.0019458080641925335, -0.02789272740483284, 0.008478525094687939, 0.01536395214498043, -0.0019086807733401656, -0.008647285401821136, -0.01591748557984829, -0.03386009857058525, -0.006868550553917885, -0.0140273692086339, 0.018766162917017937, -0.03982746601104736, 0.008768793195486069, -0.003268890082836151, 0.015093935653567314, 0.01061840821057558, 0.016511522233486176, -0.006821297574788332, -0.011320451274514198, -0.020845292136073112, 0.006358894053846598, 0.0023204563185572624, -0.0077089774422347546, -0.030160868540406227, 0.018509646877646446, -0.014310887083411217, 0.01370334904640913, -0.0020234377589076757, -0.00530245341360569, 0.004549781791865826, 0.0038274871185421944, 0.004327018279582262, -0.008694538846611977, 0.012049496173858643, -0.016903046518564224, -0.006372394971549511, 0.005221448373049498, -0.002641101134940982, 0.011853734031319618, -0.0010674098739400506, 0.01427038386464119, 0.028108742088079453, 0.0033093926031142473, -0.009626096114516258, -0.009923114441335201, -0.008816046640276909, -0.0018850542837753892, 0.014823918230831623, 0.030619896948337555, -0.004630786832422018, 0.0007611096370965242, 0.04403972998261452, 0.002190510742366314, -0.015201942063868046, 0.011968491598963737, 0.0033785842824727297, 0.02698817290365696, 0.004505904391407967, 0.01798311434686184, -0.004553156904876232, 0.012731288559734821, -0.011381205171346664, 0.006959681399166584, 0.02427450381219387, -0.03502117097377777, -0.007081188727170229, 0.004654413554817438, -0.019117183983325958, 0.01034839078783989, -0.061347801238298416, -0.049440063536167145, 0.005045937839895487, 0.0028486764058470726, -0.011468960903584957, -0.004586909431964159, -0.003982746973633766, 0.02285691536962986, -0.01231276337057352, 0.02139882557094097, -0.016835542395710945, -0.008978056721389294, 0.009470837190747261, 0.0037397316191345453, 0.014189379289746284, 0.006112503819167614, -0.032591018825769424, 0.004404647741466761, -0.01981922797858715, 0.022667905315756798, -0.008316515013575554, -0.017416078597307205, 0.0069394297897815704, -0.02501704916357994, 0.007094689644873142, 0.01587698422372341, -0.009950116276741028, 0.03175396844744682, 0.029107803478837013, -0.009187319315969944, -0.0030545643530786037, -0.010186380706727505, 0.01136095356196165, 0.0010640346445143223, -0.0011517901439219713, 0.00044510571751743555, -0.011367704719305038, -0.01591748557984829, 0.02647514082491398, -0.030916916206479073, 0.009403333067893982, 0.013271322473883629, 0.005606222432106733, 0.009443835355341434, 0.02511155605316162, 0.0039321184158325195, 0.0028689277824014425, 0.023032426834106445, 0.019778724759817123, -0.030511891469359398, -0.03072790428996086, -0.002190510742366314, -0.029836848378181458, 0.007391707971692085, 0.0024672779254615307, 0.02192535810172558, 0.0011416644556447864, 0.0038713649846613407, 0.0077089774422347546, -0.013662846758961678, -0.02721768617630005, 0.006338642910122871, -0.0024554645642638206, 0.017807602882385254, 0.02821674756705761, 0.035561203956604004, -0.009443835355341434, -0.00978135596960783, 0.013683097437024117, 0.020993800833821297, -0.008228760212659836, 0.014567402191460133, -0.03642525523900986, 0.023491455242037773, -0.03321205824613571, 0.0337790921330452, -0.00045987224439159036, -0.030511891469359398, 0.02420699968934059, -0.00181755016092211, 0.008903801441192627, -0.0018006740137934685, -0.030781907960772514, -0.023909982293844223, 0.014891422353684902, 0.002690041670575738, -0.0009973742999136448, -0.002391335554420948, 0.008870049379765987, -0.0429866649210453, 0.006136130075901747, 0.01003787200897932, 0.004117755219340324, -0.030916916206479073, -0.005531967617571354, 0.013764102943241596, -0.015971489250659943, 0.030916916206479073, -0.02246539108455181, -0.01594448834657669, -0.033590082079172134, -0.007384957745671272, -0.05500240623950958, 0.027069177478551865, 0.018023617565631866, -0.030646899715065956, 0.01958971470594406, -0.014999429695308208, -0.0041852593421936035, -0.04403972998261452, 0.026353633031249046, -0.0010210007894784212, 0.017807602882385254, 0.007823734544217587, -0.016052493825554848, -0.015120936557650566, 0.011657971888780594, 0.005481339525431395, 0.029593832790851593, 0.01772659830749035, 0.02821674756705761, 0.00873504113405943, 0.010152628645300865, -0.0028368632774800062, 0.00475229462608695, -0.012184505350887775, -0.007695476990193129, 0.031429946422576904, 0.009342579171061516, 0.03944944590330124, -0.01726756989955902, -0.035399194806814194, 0.008188256993889809, -0.017618590965867043, -0.003209823975339532, 0.03002586029469967, 0.023194437846541405, -0.013284822925925255, -0.00899155717343092, 0.0051910714246332645, 0.012150753289461136, 0.00011475710925878957, -0.013332076370716095, -0.02592160552740097, 0.009774605743587017, -0.00834351684898138, -0.02821674756705761, 0.004931180737912655, -0.0190091785043478, 0.0070001836866140366, 0.00812075287103653, -0.03205098584294319, -0.0003837190743070096, 0.019130684435367584, -0.02721768617630005, -0.002460527466610074, -0.020089244470000267, -0.0033330190926790237, 0.019319696351885796, 0.020737284794449806, -0.0030714403837919235, 0.021074805408716202, 0.020872293040156364, -0.013021556660532951, 0.007972244173288345, -0.007864236831665039, 0.019549211487174034, -0.03750532492995262, -0.0032435760367661715, -0.012184505350887775, 0.011050434783101082, -0.011880735866725445, -0.005059438291937113, -0.008998307399451733, 0.0190091785043478, 0.007249949034303427, 0.02627262845635414, -0.009308827109634876, -0.014958926476538181, -0.006831423379480839, -0.008505526930093765, 0.014040869660675526, 0.023396950215101242, -0.047144919633865356, -0.007351205684244633, -0.011786229908466339, 0.02575959637761116, 0.044498756527900696, -0.02499004825949669, 0.01348058506846428, 0.03488616272807121, -5.922437412664294e-05, -0.03650626167654991, 0.017699597403407097, -0.007378207053989172, 0.02594860829412937, 0.0230864305049181, -0.03518318012356758, -0.008816046640276909, -0.0009011808433569968, 0.007776482030749321, -0.015093935653567314, 0.0101053761318326, 0.010692662559449673, -0.022816414013504982, -0.016835542395710945, -0.03183497115969658, -0.010449647903442383, -0.024423012509942055, 0.006014622747898102, -0.011468960903584957, 0.04611885920166969, -0.005488090217113495, -0.011124689131975174, -0.01998123712837696, 0.00874854251742363, -0.019765224307775497, -0.00040439225267618895, -0.0031659461092203856, -0.019711220636963844, -0.01510743610560894, 0.021385325118899345, 0.034913163632154465, -0.021088305860757828, 0.04644287750124931, -0.03499417006969452, 0.0445527620613575, 0.016282008960843086, -0.0044519007205963135, -0.0013509273994714022, -0.016700534150004387, 0.020683281123638153, 0.008309764787554741, -0.0107196643948555, -0.04063751921057701, -0.01493192557245493, -0.0036587268114089966, -0.032456010580062866, -0.01065216027200222, 0.009855610318481922, -0.017794102430343628, 0.07241848856210709, 0.0036958539858460426, -5.468893505167216e-05, 0.011023432947695255, -0.0173350740224123, 0.030781907960772514, 0.016160501167178154, 0.00870128907263279, -0.01204274594783783, -0.014216381125152111, 0.02408549189567566, -0.021506832912564278, -0.018482645973563194, -0.01759159006178379, 0.012164253741502762, 0.011840233579277992, 0.015323449857532978, 0.04406673088669777, 0.011063935235142708, 0.022802913561463356, 0.012387017719447613, -0.004549781791865826, 0.008485275320708752, -0.014310887083411217, -0.012933800928294659, 0.004381021484732628, -0.004708416759967804, -0.011759229004383087, -0.01891467161476612, -0.021871354430913925, 0.004472152329981327, 0.015093935653567314, -0.020345760509371758, -0.01694354973733425, -0.02401798777282238, 0.017888609319925308, -0.009396581910550594, 0.01801011525094509, -0.0021381950937211514, 0.016835542395710945, -0.008714789524674416, 0.01821262761950493, -0.024166496470570564, -0.02666415274143219, -0.02631312981247902, -0.007857486605644226, 0.005393584258854389, -0.01710556074976921, -0.035264186561107635]","[-0.029121486470103264, 0.019151125103235245, 0.012687117792665958, -0.004520120564848185, -0.024022549390792847, 0.016327304765582085, 0.00940158311277628, -0.010699736885726452, 0.006430548615753651, 0.005108973942697048, 0.0017648878274485469, 0.014186018146574497, 0.012673734687268734, 0.0005892717745155096, -0.003365833545103669, -0.008973325602710247, 0.011154760606586933, -0.015912430360913277, 0.006447277497500181, 0.009220912121236324, 0.017264116555452347, 0.016139941290020943, 0.0034026368521153927, -0.014989000745117664, -0.012727267108857632, -0.013543632812798023, 0.004714174196124077, -0.013168907724320889, 0.025521449744701385, 0.011663315817713737, -0.010157723911106586, 0.0017866352573037148, 0.0018552233232185245, -0.021854497492313385, -0.01025809720158577, -0.016206856817007065, 0.008377780206501484, -0.01742471195757389, 0.04598411172628403, -0.006992636248469353, 0.0065610334277153015, 0.020074553787708282, 0.0009460133733227849, 0.0035331214312464, -0.03145013377070427, 0.03182486072182655, 0.0003306028083898127, -0.04464580863714218, -0.002223256742581725, -0.010940631851553917, 0.00839785486459732, 0.030593620613217354, -0.03313639760017395, 0.0057513597421348095, 0.02172066830098629, -0.027783183380961418, 0.043120142072439194, 0.054094232618808746, -0.027836713939905167, -0.0027518868446350098, 0.01275403331965208, 0.017745906487107277, -0.006678135134279728, -0.001870279316790402, -0.004740940406918526, -0.01696969009935856, 0.00225336872972548, -0.008444695733487606, 0.034367635846138, 0.0177860539406538, 0.030379490926861763, 0.028880592435598373, -0.02968357317149639, 0.016394218429923058, 0.02649841085076332, 0.005537230987101793, -0.010351778008043766, -0.01333619561046362, -0.0037740161642432213, 0.016956306993961334, 0.0023989093024283648, -0.020890919491648674, -0.011161452159285545, 0.0037572872824966908, 0.0441640205681324, 0.025815876200795174, -0.015069298446178436, 0.0344211682677269, 0.006815311033278704, -0.028800293803215027, -0.0017046642024070024, 0.00606920663267374, 0.015671534463763237, 0.023273099213838577, 0.002850586548447609, 0.025186873972415924, -0.007206765003502369, 0.02770288474857807, 0.016260389238595963, -0.021372707560658455, -0.013162216171622276, 0.00914730504155159, -0.023835187777876854, -0.02445080690085888, -0.006450623273849487, -0.006373670883476734, -0.002526048105210066, -0.03592006862163544, -0.004078480415046215, 0.004282571375370026, -0.00754134077578783, 0.04009557515382767, -0.0037539415061473846, -0.026123685762286186, -0.0032738251611590385, -0.006661406252533197, 0.013971889391541481, -0.03345758840441704, -0.014453678391873837, -0.011850678361952305, 0.0057513597421348095, -0.0033825624268501997, 0.02126564458012581, -0.016661880537867546, 0.008223875425755978, 0.0010196201037615538, 0.002835530787706375, -0.05722586065530777, -0.0035732705146074295, -0.012178562581539154, 0.05131056159734726, 0.018575653433799744, -0.022777928039431572, 0.025280555710196495, -0.006898954976350069, 0.0049751438200473785, -0.010278171859681606, -0.021734049543738365, -0.005620874930173159, -0.024731850251555443, 0.0016544777899980545, 0.03021889552474022, 0.01084695104509592, -0.03126277029514313, -0.03268137201666832, 0.04095209017395973, -0.009060315787792206, -0.008317557163536549, 0.002556159859523177, -0.008023129776120186, 0.02193479612469673, 0.016273772343993187, -0.043842826038599014, -0.003158396575599909, -0.0033440859988331795, 0.0012019638670608401, 0.003693717997521162, -0.013396418653428555, 0.018963761627674103, 0.008043204434216022, -0.00666809780523181, 0.016059642657637596, -0.005436858162283897, -0.00845807883888483, 0.004687408450990915, 0.01976674422621727, -0.001942213042639196, -0.03222635015845299, -0.0110410051420331, -0.019070826470851898, -0.007849150337278843, 0.013262588530778885, -0.01747824437916279, -0.012218711897730827, 0.011435803957283497, 0.0070595513097941875, 0.00030320941004902124, 0.03586653620004654, -0.02439727447926998, -0.007688554003834724, -0.015417257323861122, 0.007032785564661026, -0.0092075290158391, 0.05417453125119209, -0.011951050721108913, -0.05085553601384163, -0.00995697919279337, -0.010264788754284382, 0.014426913112401962, 0.0045602694153785706, 0.048018332570791245, 0.016273772343993187, -0.007220148108899593, -0.02123887836933136, -0.5927078723907471, -0.017384564504027367, -0.039908211678266525, -0.003697063773870468, -0.0007243567961268127, 0.011509411036968231, -0.005035367328673601, 0.015162980183959007, -0.0454220250248909, 0.021921413019299507, -0.017612075433135033, 0.05936714634299278, 0.0022868262603878975, 0.007608255837112665, -0.021533304825425148, -0.009060315787792206, 0.03476912900805473, -0.025039659813046455, 0.0006695699994452298, -0.0098097650334239, 0.004777743946760893, 0.0141324857249856, -0.021412856876850128, 0.023902101442217827, 0.0010187836596742272, -0.03439440205693245, -0.004008219111710787, 0.017264116555452347, 0.0048714252188801765, 0.025066426023840904, -0.015965962782502174, -0.00845807883888483, 0.006290026940405369, -0.0159258134663105, 0.055138107389211655, 7.020866178208962e-05, -0.0239422507584095, 0.0159258134663105, 0.002877352759242058, 0.03784722462296486, 0.01643436774611473, -0.02917501889169216, 0.006671443581581116, 0.014627658762037754, -0.0122588612139225, -0.012653660960495472, -0.002954305149614811, -0.014788255095481873, 0.035438280552625656, -0.036268025636672974, 0.022269371896982193, 0.011817220598459244, -0.020529577508568764, -0.01793326810002327, 0.03463529795408249, -0.020181618630886078, 0.006537612993270159, -0.008672207593917847, 0.047804202884435654, -0.019512467086315155, 0.007467734161764383, 0.005433512385934591, -0.014346614480018616, 0.011683390475809574, -0.036669518798589706, 0.0140923373401165, -0.005774780176579952, 0.014815020374953747, 0.00182343868073076, -0.02097121812403202, -0.01128189917653799, -0.01067966315895319, -0.023754889145493507, -0.03118247352540493, 0.02396901696920395, 0.016956306993961334, 0.007688554003834724, 0.007313829381018877, -0.02048942819237709, 0.026458261534571648, 0.006621256936341524, -0.011000855825841427, -0.025240406394004822, -0.016768943518400192, 0.02568204514682293, 0.008023129776120186, -0.016394218429923058, 0.022644096985459328, 0.003984799142926931, -0.009950287640094757, 0.03209251910448074, 0.021827731281518936, 0.00032098375959321856, -0.0015465770848095417, -0.0005825802800245583, 0.02502627670764923, 0.0021680518984794617, 0.00637701665982604, 0.014413530007004738, -0.027569053694605827, -0.029522977769374847, -0.004794472828507423, -0.0032537507358938456, -0.004068443085998297, 0.02898765541613102, 0.0160061102360487, -0.012145104818046093, -0.0033256844617426395, 0.010733194649219513, 0.012760724872350693, 0.0007385762874037027, -0.015510939061641693, -0.011683390475809574, 0.0054301670752465725, -0.004479971248656511, -0.03364495187997818, 0.035705938935279846, -0.009575562551617622, 0.02225598879158497, 0.024223295971751213, -0.0011576325632631779, 0.008792654611170292, 0.006387053988873959, 0.0003228657296858728, -0.007895991206169128, 0.008417929522693157, -0.005152469035238028, 0.0018167471280321479, -0.0036167653743177652, 0.02220245636999607, 0.010612747631967068, -0.023273099213838577, 0.013209056109189987, -0.010632822290062904, 0.021051514893770218, -0.01844182424247265, 0.03094157949090004, -0.007454351056367159, 0.021038131788372993, 0.01019787322729826, 0.017973417416214943, -0.008076662197709084, 0.005878498777747154, -0.002497609006240964, 0.005279607605189085, -0.019325103610754013, -0.02628428302705288, 0.001655314234085381, -0.020917685702443123, -0.016300538554787636, 0.01703660562634468, -0.03974761813879013, -0.01850873790681362, 0.00542347552254796, 0.0036803348921239376, -0.005835003685206175, 0.023447079584002495, -0.0026648971252143383, 0.008284099400043488, -0.02196156233549118, -0.0159793458878994, 0.011723539792001247, -0.043093375861644745, -0.01435999758541584, -0.018428441137075424, -0.003566579194739461, -0.006925721187144518, 0.028907356783747673, -0.005614183377474546, -0.03096834570169449, -0.02592294104397297, -0.023058971390128136, -0.011763688176870346, -0.010405310429632664, 0.00037347033503465354, -0.009856605902314186, -0.03899816796183586, -0.008464770391583443, 0.015042532235383987, -0.017745906487107277, -0.01826784387230873, 0.032253116369247437, 0.008103428408503532, -0.012546596117317677, 0.036000367254018784, -0.012439532205462456, 0.0016544777899980545, 0.006019020453095436, -0.007467734161764383, 0.03361818566918373, 0.011154760606586933, -0.0026347851380705833, -0.002656532684341073, -0.025160107761621475, -0.01916450820863247, -0.013958506286144257, 0.0017598692793399096, 0.002877352759242058, 0.006811965256929398, 0.02565528079867363, 0.02799731120467186, 0.006567724980413914, 0.014078954234719276, -0.005604146514087915, -0.0077220117673277855, -0.01895037852227688, 0.0085919089615345, -0.014119102619588375, 0.012493063695728779, -0.026926668360829353, 0.0015599600737914443, -0.029255317524075508, -0.0003065551572944969, -0.017223967239260674, -0.004677371121942997, 0.02000763826072216, -0.03998851031064987, 0.013396418653428555, -0.008973325602710247, 0.024370508268475533, -0.024986127391457558, 0.023500612005591393, 0.02973710559308529, 0.012573362328112125, 0.0003878989373333752, -0.029576510190963745, 0.020837387070059776, 0.029415912926197052, 0.004824584349989891, -0.006925721187144518, 0.007494500372558832, 0.008471461944282055, 0.010853642597794533, -0.0041320123709738255, 0.021827731281518936, -0.011141377501189709, 0.03409997746348381, -0.016889391466975212, 0.021198729053139687, 0.011596400290727615, -0.012934704311192036, 0.0014068916207179427, 0.004720865748822689, -0.02042251266539097, 0.007320520468056202, 0.020087936893105507, 0.021680518984794617, 0.019271571189165115, -0.004265842493623495, 0.04231715947389603, 0.003516392782330513, -0.03444793447852135, -0.01078672707080841, -0.01302169356495142, -0.00651084678247571, -0.04863395169377327, -0.012961470521986485, 0.02109166420996189, 0.0141324857249856, 0.017357798293232918, 0.006534267216920853, -0.015885664150118828, 0.015484172850847244, -0.014279698953032494, 0.021439623087644577, -0.009582254104316235, -0.0140923373401165, -0.01703660562634468, 0.006363633554428816, -0.011402346193790436, -0.02186788059771061, -0.052167072892189026, -0.005891881417483091, -0.02973710559308529, 0.036268025636672974, 0.0011049369350075722, 0.025574982166290283, 0.0251734908670187, 0.006243186071515083, 0.00012065643386449665, -0.007467734161764383, -0.004078480415046215, 0.023473845794796944, -0.0014361670473590493, 0.014707956463098526, -0.0017163744196295738, -0.03444793447852135, 0.015430640429258347, -0.008177034556865692, 0.05476338416337967, 0.003233676077798009, 0.01829461008310318, -0.0101242670789361, -0.018107248470187187, -0.013543632812798023, 0.013055151328444481, 0.053371548652648926, -0.005841695237904787, 0.028666462749242783, 0.012319084256887436, 0.004757669288665056, 0.01937863603234291, -0.00242567528039217, 0.0021111739333719015, 0.04756331071257591, 0.005306373815983534, 0.008150269277393818, -0.014199401251971722, -0.0008615329279564321, -0.01607302576303482, 0.00019206748402211815, -0.006822002585977316, 0.01336965337395668, 0.003128284588456154, -0.005945413839071989, -0.0050454046577215195, -0.005881844088435173, -0.006745050195604563, 0.007360669784247875, -0.012874480336904526, 0.013088609091937542, -0.023527376353740692, -0.01964629627764225, -0.0015432313084602356, 0.018709484487771988, 0.0527559295296669, 0.004998563788831234, -0.00399483647197485, -0.016380835324525833, 0.009588945657014847, -0.011951050721108913, -0.017879735678434372, 0.024517722427845, -0.028800293803215027, -0.012901246547698975, 0.023259716108441353, -0.010626130737364292, 0.035732705146074295, 0.024624785408377647, 0.010739886201918125, -0.013001619838178158, -0.03637509047985077, -0.036669518798589706, -0.010010510683059692, 0.002400582190603018, -0.007742086425423622, 0.014560743235051632, 0.030299194157123566, 0.02015485242009163, 0.02772965095937252, 0.011917593888938427, 0.005978871136903763, 0.01747824437916279, -0.03048655577003956, -0.03535798192024231, 0.023768272250890732, 0.036990709602832794, 0.021252261474728584, -0.0028907358646392822, 0.04512759670615196, 0.030513321980834007, 0.006059169769287109, 0.024116231128573418, 0.007608255837112665, 0.02135932631790638, 0.010184490121901035, -0.0007352305110543966, -0.004459896590560675, 0.0011099555995315313, 0.011556251905858517, -0.0012287299614399672, 0.025909557938575745, -0.011843986809253693, 0.0202485341578722, -0.015444023534655571, -0.019699828699231148, -0.04887484759092331, -0.03554534539580345, 0.02102474868297577, -0.0019288300536572933, 0.0004167561128269881, -0.029121486470103264, -0.019097592681646347, 0.0059286849573254585, -0.004921611398458481, -0.014400146901607513, 0.008993400260806084, -0.014373380690813065, 0.012807565741240978, -0.011770379729568958, -0.024972744286060333, 0.013168907724320889, -0.036187730729579926, -0.002092772163450718, -0.003302264027297497, -0.041648007929325104, -0.013342887163162231, 0.02655194327235222, 0.03907846659421921, 0.011904210783541203, 0.01664849743247032, -0.015002382919192314, 0.0005846713902428746, -0.005466970149427652, 0.010565906763076782, -0.0282649714499712, 0.0007665970479138196, -0.0011158105917274952, -0.0067684706300497055, 0.0010539140785112977, -0.014212784357368946, 0.012412765994668007, -0.03586653620004654, 0.04713505133986473, -0.006731667090207338, -0.008183726109564304, 0.00681865680962801, 0.02304558828473091, 0.005547268316149712, 0.002505973447114229, -0.016019493341445923, 0.01952585019171238, 0.004526812117546797, 0.02384857088327408, 0.010532448999583721, 0.010043968446552753, -0.02652517706155777, -0.017023222520947456, -0.006959178484976292, 0.0003247477288823575, -0.006905646529048681, 0.020288681611418724, -0.002452441258355975, 0.02433035895228386, 0.03728513792157173, -0.022630713880062103, 0.020650023594498634, 0.004399673081934452, 0.015136213973164558, 0.03674981743097305, -0.01616670750081539, 0.040175873786211014, -0.009294518269598484, 0.004908228293061256, 0.018093865364789963, -0.008913101628422737, 0.01294808741658926, 0.006139467936009169, 0.005992254242300987, 0.0008351851138286293, 0.012874480336904526, -0.01363731361925602, -0.005530539434403181, -0.0068420772440731525, 0.015725066885352135, 0.014761488884687424, 0.00687218876555562, -0.012881171889603138, -0.03214605152606964, 0.03578623756766319, 0.009113847278058529, 0.005878498777747154, -0.014386763796210289, 0.0009326303261332214, -0.005162505898624659, -0.020021021366119385, 0.022028477862477303, -0.016247006133198738, 0.003991490695625544, -0.025227023288607597, -0.01294808741658926, 0.006691517774015665, 0.006825348362326622, -0.00748780881986022, 0.0008523321012035012, -0.028853826224803925, -0.017438095062971115, -0.015444023534655571, -0.03535798192024231, -0.02997800149023533, -0.008243950083851814, 0.04622500762343407, 0.016528049483895302, 0.02259056456387043, 0.04178183898329735, -0.024557871744036674, 0.01461427565664053, -0.009214220568537712, 0.0232864823192358, -0.008009746670722961, -0.0053264484740793705, 0.01667526364326477, -0.013068534433841705, -0.03589330241084099, 0.012667043134570122, -0.0067785074934363365, 0.020957835018634796, 0.009174071252346039, -0.002877352759242058, 0.013068534433841705, -0.005935376510024071, -0.0074409679509699345, -0.02039574645459652, -0.03538474813103676, -0.007213456556200981, 0.02532070316374302, -0.018227694556117058, -0.01235923357307911, -0.0331096313893795, 0.0056175291538238525, 0.027783183380961418, 0.009080389514565468, 0.01648790016770363, 0.0036167653743177652, -0.0010413675336167216, -0.006648023147135973, 0.004222347866743803, -0.0013215747894719243, -0.017438095062971115, -0.028131142258644104, -0.006303410045802593, -0.03565240651369095, -0.008337631821632385, 0.006246531847864389, -0.015791982412338257, 0.008351013995707035, -0.006788544822484255, -0.0014370034914463758, -0.02418314665555954, 0.022791311144828796, -0.023768272250890732, -0.01031832117587328, 0.0020559688564389944, -0.012633586302399635, 0.0009543777559883893, 0.006079243961721659, 0.001338303554803133, -0.058778293430805206, 0.012767416425049305, 0.009140613488852978, -0.001363396761007607, 0.014239550568163395, -0.012406074441969395, -0.005667715799063444, 0.012493063695728779, -0.005256187170743942, 0.050480812788009644, 0.005032021552324295, 0.027809949591755867, 0.0343141034245491, -0.01170346513390541, -0.015524322167038918, -0.026926668360829353, -0.006771816406399012, -0.013463334180414677, 0.02379503846168518, 0.027087265625596046, -0.02748875506222248, -0.025882791727781296, -0.013035076670348644, 0.0017264116322621703, -0.0037740161642432213, -0.002151323016732931, 0.00666809780523181, -0.003820856800302863, -0.030272427946329117, 0.0010037276661023498, -0.003516392782330513, -0.04279894754290581, 0.0013575417688116431, -0.011823912151157856, 0.018187545239925385, 0.009963670745491982, -0.016233623027801514, -0.052407968789339066, 0.01294808741658926, 0.0020308757666498423, 0.03642862290143967, 0.01899052783846855, 0.020676789805293083, -0.009829839691519737, -0.005487044807523489, -0.00666809780523181, 0.025815876200795174, -0.007133158389478922, 0.004653950687497854, -0.04127328470349312, -0.023594291880726814, -0.01422616746276617, -0.014922085218131542, 0.0063535962253808975, -0.017826203256845474, 0.01147595327347517, 0.03578623756766319, -0.03187839314341545, -0.004938340280205011, 0.011904210783541203, -0.0031215930357575417, -0.011201601475477219, 0.0015306847635656595, -0.02847910113632679, -0.01696969009935856, -0.0012922993628308177, 0.009689318016171455, 0.012740650214254856, 0.0021195383742451668, 0.008806037716567516, -0.012874480336904526, -0.008431312628090382, 0.0048714252188801765, -0.012017966248095036, 0.043066609650850296, -0.013282663188874722, -0.009970361366868019, -0.013182290829718113, -0.013918356969952583, -0.00565433269366622, -0.01361054740846157, -0.009843222796916962, 0.012513138353824615, 0.02507980912923813, 0.03385908156633377, -0.015015766024589539, 0.011455878615379333, -0.01264696940779686, -0.008665516041219234, -0.005216038320213556, -0.013570398092269897, -0.018401674926280975, -0.003941304050385952, 0.009461806155741215, 0.0030011457856744528, -0.03731190413236618, -0.008712355978786945, 0.009522030130028725, 0.013048459775745869, -0.0025862716138362885, 0.026458261534571648, 0.006203037220984697, 0.029148252680897713, 0.023166034370660782, -0.024825531989336014, -0.02121211215853691, 0.022242605686187744, -0.014774871990084648, -0.007688554003834724, -0.02321956679224968, -0.03289550170302391, 0.0025862716138362885, -0.00590191874653101, 0.000123165751574561, -0.00454354053363204, -0.03760633245110512, 0.006972561590373516, -0.012901246547698975, 0.028532633557915688, -0.010820184834301472, 0.017290882766246796, -0.018468590453267097, -0.023888718336820602, -0.028532633557915688, 0.0045167747884988785, 0.008177034556865692, -0.006356942001730204, -0.014520593918859959, 0.03048655577003956, 0.025789109990000725, -0.02466493472456932, -0.007313829381018877, -0.022871607914566994, -0.03506355360150337, -0.02283145859837532, -0.01078672707080841, 0.008317557163536549, 0.006999327801167965, 0.036910414695739746, 0.005885189864784479, 0.006290026940405369, -0.0215065386146307, -0.02775641717016697, -0.005042058881372213, -0.01862918585538864, 0.010465534403920174, -0.011455878615379333, 0.0564764104783535, 0.01751839369535446, -0.008719047531485558, 0.030299194157123566, 0.028800293803215027, 0.03241371363401413, -0.011656624265015125, 0.009990436024963856, -0.0024424041621387005, -0.017009839415550232, 0.0033842353150248528, 0.012412765994668007, -0.03632155805826187, 0.009903446771204472, -0.013075225986540318, -0.009803073480725288, 0.04734918102622032, 0.01904406026005745, -0.005303028039634228, -0.024638168513774872, -0.014333231374621391, 0.0165815819054842, -0.009689318016171455, 0.02109166420996189, -0.015564470551908016, -0.01604625955224037, -0.01769237406551838, 0.011877444572746754, -0.005182580556720495, -0.00036217839806340635, -0.02135932631790638, 0.008190417662262917, -0.007072934415191412, 0.004781089723110199, 0.01252652145922184, -0.01829461008310318, 0.016929540783166885, -0.03854314237833023, 0.025066426023840904, 0.005891881417483091, 0.0029208476189523935, 0.045823514461517334, 0.0009075371199287474, 0.03476912900805473, -0.018468590453267097, 0.02736830897629261, -0.03340405598282814, 0.002248350065201521, 0.0009610692504793406, -0.0006649696151725948, 0.010037276893854141, -0.008417929522693157, 0.032279882580041885, -0.005226075649261475, 0.007835767231881618, 0.014962234534323215, -0.0005148286581970751, -0.0027150835376232862, -0.00040232751052826643, -0.004255805630236864, -0.022884991019964218, -0.006765124853700399, 0.015484172850847244, -0.00021621967607643455, 0.010853642597794533, -0.028077609837055206, -0.0076484051533043385, -0.03313639760017395, -0.006273298058658838, 0.01336965337395668, -0.002124557038769126, -0.01308191753923893, 0.014467061497271061, 0.004801164381206036, -0.027408458292484283, -0.004125320818275213, 0.18746957182884216, 0.008123503066599369, 0.013296046294271946, 0.0023119193501770496, 0.00038099830271676183, 0.035491812974214554, 0.0012948086950927973, -0.013784526847302914, -0.007809001486748457, 0.027381692081689835, 0.006939104292541742, -0.006761779077351093, -0.007106392178684473, -0.00019196292851120234, 0.004045022651553154, 0.02847910113632679, -0.04496699944138527, -0.0466800294816494, -0.01192428544163704, -0.02382180467247963, 0.011957742273807526, 0.0012044731993228197, 0.007447659503668547, -0.01105438731610775, 0.020864153280854225, -0.02237643674015999, 0.011930976994335651, -0.028907356783747673, -0.00986998900771141, 0.009194145910441875, -0.028077609837055206, 0.004613801836967468, 0.015791982412338257, -0.009776308201253414, -0.03434086963534355, -0.01826784387230873, 0.02565528079867363, 0.010057351551949978, 0.02256379835307598, -0.004757669288665056, -0.004111937712877989, -0.04001527652144432, 0.010043968446552753, -0.00937481690198183, 0.00250095478259027, 0.0033992910757660866, 0.01832137629389763, -0.00500190956518054, 0.005560651421546936, 0.025119958445429802, -0.027890246361494064, -0.053906869143247604, -0.0039011549670249224, 0.02481214888393879, 0.003914537839591503, -0.017745906487107277, 0.027020350098609924, 0.005416783969849348, -0.03045978955924511, 0.04196920245885849, -0.002326975343748927, 0.013797909952700138, 0.0016168380388990045, 0.015818748623132706, -0.010646205395460129, 0.012432840652763844, -0.04732241481542587, -0.019244804978370667, 0.015176362358033657, 0.010378544218838215, 0.017411330714821815, -0.028773527592420578, 0.007507883012294769, 0.004024947993457317, 0.0054402039386332035, -0.010351778008043766, 0.047268882393836975, -0.00014240386371966451, 0.013229130767285824, 0.024102848023176193, -0.04076472669839859, -0.030352724716067314, 0.0032738251611590385, 0.013958506286144257, -0.0516049861907959, 0.0010263115400448442, 0.02259056456387043, 0.012907938100397587, -0.03629479184746742, -0.004971798043698072, -0.0031951998826116323, 0.007367361336946487, -0.006674789357930422, -0.011315356940031052, -0.010853642597794533, -0.006390399765223265, -0.014774871990084648, 0.039640553295612335, -0.0037539415061473846, 0.017598692327737808, -0.02754228748381138, 0.010967398062348366, 0.014627658762037754, 0.017558543011546135, 0.0071599241346120834, -0.016394218429923058, -0.010345086455345154, -0.006443931721150875, 0.019177891314029694, -0.03811488673090935, 0.014707956463098526, -0.01461427565664053, -0.01619347371160984, 0.0007231021882034838, -0.007688554003834724, -0.010820184834301472, 0.0085919089615345, -0.02022176794707775, -0.00995697919279337, 0.003523084335029125, 0.026391347870230675, -0.03592006862163544, 0.0034227115102112293, 0.011696773581206799, -0.017919884994626045, -0.013838059268891811, -0.010719811543822289, 0.0063837082125246525, 0.010117575526237488, -0.02604338712990284, 0.04223686084151268, -0.03265460953116417, 0.004316029138863087, -0.025280555710196495, -0.026725923642516136, 0.00693241273984313, -0.020824003964662552, -0.03709777444601059, -0.0003883171593770385, 0.0184150580316782, 1.1553323929547332e-05, 0.01117483526468277, 0.03142336755990982, 0.0020593146327883005, 0.020087936893105507, -0.02138609066605568, -0.01189751923084259, -0.00668482668697834, 0.009655860252678394, -0.005306373815983534, 0.0014478771481662989, 0.007942832075059414, 0.02850586734712124, -0.026806220412254333, -0.00823056697845459, -0.01061943918466568, -0.010739886201918125, -0.0069123380817472935, -0.010351778008043766, 0.015162980183959007, -0.010893790982663631, 0.01976674422621727, 0.012994928285479546, -0.008618675172328949, 0.0022416585125029087, -0.007895991206169128, -0.16605670750141144, 0.03174456208944321, 0.02598985657095909, -0.026444878429174423, -0.001175197889097035, 0.022269371896982193, 0.031583964824676514, -0.0012948086950927973, -0.0165815819054842, -0.031583964824676514, 0.011957742273807526, 0.00647404370829463, -0.03332376107573509, -0.019218038767576218, -0.005523847881704569, 0.015551087446510792, 0.006671443581581116, -0.007695245556533337, 0.007969598285853863, 0.02403593249619007, 0.010438768193125725, -0.010371852666139603, 0.027622586116194725, -0.010639513842761517, 0.010130958631634712, 0.019512467086315155, 0.00989675521850586, -0.009555487893521786, -0.030058298259973526, -0.014761488884687424, -0.010438768193125725, 0.008926484733819962, 0.01160978339612484, 0.02607015334069729, 0.02712741307914257, -0.009174071252346039, 0.024651551619172096, -0.005433512385934591, -0.005808237474411726, 0.013516866602003574, 0.012004583142697811, 0.0010539140785112977, 0.006959178484976292, -0.03045978955924511, -0.010646205395460129, 0.010893790982663631, 0.009629094041883945, 0.007661788258701563, 0.0027953817043453455, 0.024557871744036674, 0.026217367500066757, -0.01751839369535446, -0.0196195300668478, -0.004001527559012175, 0.015698300674557686, 0.019351869821548462, -0.00786922499537468, -0.0008084190194495022, -0.033778782933950424, 0.0050888992846012115, 0.01733103208243847, -0.0012011274229735136, -0.0002199836599174887, 0.004834621679037809, -0.02514672465622425, -0.007507883012294769, -0.009649168699979782, 0.018977144733071327, -0.0405506007373333, 0.0003858078271150589, -0.010478917509317398, 0.016514666378498077, 0.015283427201211452, 0.02625751681625843, -0.014801638200879097, -0.0026347851380705833, -0.013851442374289036, 0.0072669885121285915, 0.002885717200115323, -0.005580726079642773, -0.02078385464847088, 0.011964433826506138, -0.014962234534323215, 0.006045786663889885, -0.003240367630496621, -0.007079625967890024, 0.0034728979226201773, 0.005102282389998436, -0.005202655214816332, -0.010532448999583721, 0.013128758408129215, -0.01856227032840252, -0.019365252926945686, 0.007835767231881618, -0.0055740345269441605, 0.00944842305034399, -0.0009903446771204472, 0.013784526847302914, 0.02556159906089306, 0.0005144104361534119, -0.005386671982705593, -0.004791127052158117, -0.012573362328112125, -0.002855605212971568, 0.013463334180414677, 0.028773527592420578, 0.0024574599228799343, -0.0050855535082519054, 0.0319051593542099, 0.007668479811400175, -0.00845807883888483, 0.01369753759354353, 0.006885571870952845, 0.025856025516986847, 0.0023888719733804464, 0.012613511644303799, -0.01288786344230175, 0.012151796370744705, -0.008103428408503532, 0.013035076670348644, 0.01660834811627865, -0.03292226791381836, -0.005748013965785503, 0.005042058881372213, -0.0196730624884367, 0.024009166285395622, -0.07660450041294098, -0.05061464384198189, 0.014078954234719276, -0.007447659503668547, -0.021319177001714706, -0.00460376450791955, -0.015270044095814228, 0.023018822073936462, -0.023955633863806725, 0.020235151052474976, -0.017505010589957237, -0.0017531777266412973, 0.013958506286144257, 0.001415256061591208, 0.009662551805377007, -0.003359141992405057, -0.028773527592420578, 0.0018920267466455698, -0.011857369914650917, 0.014774871990084648, -0.008190417662262917, -0.01092055719345808, 0.018736250698566437, -0.007641713600605726, 0.0020877534989267588, 0.004483317025005817, -0.014172635041177273, 0.02734154276549816, 0.022296138107776642, -0.0018251115689054132, -0.004275879822671413, 0.0014487135922536254, 0.005169197451323271, 0.004289262928068638, -0.0007469406700693071, 0.0029727069195359945, -0.010157723911106586, -0.013717612251639366, 0.0356791727244854, -0.033966146409511566, 0.01203134935349226, 0.018789783120155334, 0.0032186200842261314, 0.007594872731715441, 0.02754228748381138, -0.008585217408835888, 0.014667807146906853, 0.028184674680233, 0.014533977024257183, -0.027314776554703712, -0.018575653433799744, 0.01048560906201601, -0.03096834570169449, -0.009669243358075619, 0.008357705548405647, 0.013563706539571285, 0.01324920542538166, 0.005226075649261475, -0.0015131195541471243, -0.0049851806834340096, -0.018575653433799744, 0.0008276571170426905, -0.013644005171954632, 0.025574982166290283, 0.017130285501480103, 0.028372036293148994, -0.003238694742321968, -0.014641040936112404, 0.004219002090394497, 0.011910902336239815, 0.008250641636550426, 0.007594872731715441, -0.037472501397132874, 0.01703660562634468, -0.037418968975543976, 0.036723051220178604, 0.0020392402075231075, -0.026725923642516136, 0.018575653433799744, -0.0034327488392591476, 0.006621256936341524, -0.0011802164372056723, -0.036937180906534195, -0.0270069669932127, 0.017143668606877327, -0.0038041279185563326, 0.0019238113891333342, 0.004503391683101654, 0.011241749860346317, -0.03166426345705986, 0.005028675775974989, 0.011061078868806362, -0.0006415492971427739, -0.029817404225468636, 0.0016603328986093402, 0.013289354741573334, -0.0066647520288825035, 0.028853826224803925, -0.020261917263269424, -0.02628428302705288, -0.032306648790836334, -0.011937668547034264, -0.04764360934495926, 0.02710064873099327, 0.02321956679224968, -0.026846369728446007, 0.0282114390283823, -0.01183729525655508, 0.007855841889977455, -0.032279882580041885, 0.019271571189165115, -0.00030467318720184267, 0.014667807146906853, 0.0072335307486355305, -0.02992446906864643, -0.02174743264913559, 0.0015883990563452244, 0.0038610058836638927, 0.029844170436263084, 0.0113421231508255, 0.024116231128573418, 0.001501409336924553, 0.006858806125819683, -0.0132157476618886, 0.00473759463056922, -0.015524322167038918, -0.01739794760942459, 0.02772965095937252, 0.022871607914566994, 0.056583475321531296, -0.01377114374190569, -0.033243462443351746, 0.005239458754658699, -0.013563706539571285, 0.003586653620004654, 0.027047116309404373, 0.018000183627009392, -0.008799346163868904, -0.00464056758210063, 0.0020108011085540056, 0.010666280053555965, -0.009716084226965904, -0.01874963380396366, -0.03506355360150337, 0.011964433826506138, -0.014801638200879097, -0.02799731120467186, 0.011235058307647705, -0.025119958445429802, 0.0032771709375083447, 0.0002498863614164293, -0.0344211682677269, -0.0010898809414356947, 0.020342214033007622, -0.02433035895228386, -0.01706336997449398, -0.014533977024257183, -0.007206765003502369, -0.0006131103145889938, 0.013945123180747032, 0.003308955579996109, 0.018214311450719833, 0.01703660562634468, -0.017973417416214943, 0.006919029634445906, -0.0027970545925199986, 0.02724786102771759, -0.03163749724626541, 0.0004303482419345528, -0.015845514833927155, -0.003307282691821456, -0.017826203256845474, -0.008698973804712296, -0.009615710936486721, 0.014761488884687424, 0.0018318030051887035, 0.02946944534778595, -0.012519829906523228, -0.016528049483895302, -0.0029676882550120354, -0.009414966218173504, 0.011930976994335651, 0.028372036293148994, -0.05123026296496391, -0.02000763826072216, -0.01105438731610775, 0.040122341364622116, 0.03640185669064522, -0.021105047315359116, 0.028398802503943443, 0.04143387824296951, 0.0034210386220365763, -0.036214496940374374, 0.005206000991165638, -0.0023303211200982332, 0.008069970645010471, 0.020021021366119385, -0.029630040749907494, -0.02198832854628563, -0.0018602419877424836, -0.008377780206501484, 0.008638749830424786, 0.008351013995707035, 0.01128189917653799, -0.020382363349199295, -0.010766652412712574, -0.02751552127301693, 0.0017481590621173382, -0.02027530036866665, 0.01667526364326477, -0.0220820102840662, 0.0465729646384716, -0.006925721187144518, -0.001744813285768032, -0.011583017185330391, 0.022015094757080078, -0.023661207407712936, 0.007889299653470516, 0.0020124739967286587, -0.020890919491648674, -0.020676789805293083, 0.020382363349199295, 0.03364495187997818, -0.013824676163494587, 0.044538743793964386, -0.031557198613882065, 0.028639696538448334, 0.039854682981967926, 0.013322812505066395, -0.0024557870347052813, -0.014989000745117664, 0.029603276401758194, 0.022296138107776642, -0.015189745463430882, -0.048232462257146835, -0.018602419644594193, -0.007581490091979504, -0.03958702087402344, -0.005871807225048542, 0.017531776800751686, -0.019445551559329033, 0.05840357020497322, -0.003543158760294318, -0.006253223400563002, -0.00030132741085253656, -0.00565433269366622, 0.019030677154660225, 0.016126558184623718, -0.0007231021882034838, -0.015403874218463898, -0.016273772343993187, 0.027836713939905167, -0.01733103208243847, -0.014453678391873837, -0.02739507518708706, 0.013202364556491375, 0.02565528079867363, 0.0009150650585070252, 0.04146064445376396, 0.027087265625596046, 0.02058310993015766, 0.012881171889603138, -0.0005219383747316897, 0.011623166501522064, -0.01691615767776966, -0.013677462935447693, -0.0003506773500703275, -0.0010012183338403702, -0.009595637209713459, -0.013985272496938705, -0.03343082219362259, 0.009595637209713459, 0.006761779077351093, -0.01655481569468975, -0.016407601535320282, -0.024022549390792847, 0.024049315601587296, -0.012894554995000362, 0.007628330495208502, 0.0029442678205668926, 0.0160061102360487, -0.02285822480916977, 0.027087265625596046, -0.02355414256453514, -0.026203984394669533, -0.026873135939240456, -0.019271571189165115, 0.006213074550032616, -0.016086408868432045, -0.030111830681562424]","[-0.005578427109867334, 0.023013846948742867, -0.0181776974350214, 0.007746914867311716, -0.014689966104924679, 0.005348288454115391, -0.03207676485180855, -0.018735216930508614, -0.016518108546733856, -0.011221681721508503, -0.0014634862309321761, 0.006421187426894903, -0.007325534708797932, 0.004589803982526064, -0.030443105846643448, -0.0067809815518558025, 0.025230957195162773, 0.005516840610653162, 0.016479210928082466, -0.0222618468105793, -0.004343458451330662, -0.00927684921771288, 0.004952839110046625, 0.006012772675603628, -0.002785972086712718, -0.008511882275342941, 0.01205147709697485, -0.03884478285908699, -0.021626533940434456, -0.001555865746922791, -0.001683900598436594, 0.0008905711001716554, -0.012900720350444317, -0.02148391306400299, -0.02393440157175064, -0.014677000232040882, -0.0027195236179977655, 0.003620629198849201, 0.042060237377882004, -0.001388123957440257, 0.03303621709346771, 0.0179702490568161, 0.0181776974350214, -0.022741571068763733, -0.026605304330587387, 0.014884449541568756, 0.021224601194262505, -0.02214515581727028, -0.032128628343343735, 0.010022368282079697, 0.019098252058029175, 0.01625879667699337, -0.03612201660871506, -0.0192019771784544, -0.008006226271390915, -0.005899324547499418, 0.02748696133494377, 0.0096009885892272, 0.002740592695772648, -0.0032462491653859615, 0.00212959130294621, -0.0042235273867845535, 0.011688441969454288, -0.004035526886582375, -0.010897543281316757, 0.010767887346446514, 0.021263498812913895, 0.0062882909551262856, 0.008278502151370049, -0.013976860791444778, 0.008609123528003693, 0.005383943673223257, -0.006401739548891783, -0.0159346591681242, 0.03342518210411072, -0.005695117171853781, 0.010411335155367851, -0.010651197284460068, 0.007098637521266937, -0.004725942388176918, 0.03549966961145401, 0.02237853594124317, -0.0004242165305186063, 0.0367702953517437, 0.02315646782517433, 0.002651454648002982, 0.007915467023849487, 0.015701279044151306, 0.009218504652380943, -0.009659333154559135, -0.00043556137825362384, -0.009717678651213646, 0.006028980016708374, 0.02634599432349205, 0.010158507153391838, -0.00032515163184143603, -0.02239150181412697, 0.011565268971025944, 0.01870928518474102, 0.002785972086712718, -0.015558657236397266, 0.015014104545116425, -0.03505884110927582, -0.02361026220023632, 0.009296298027038574, 0.0003697207139339298, -0.005938220769166946, 0.026734959334135056, 0.012472856789827347, 0.016557004302740097, -0.003685456933453679, 0.02699427120387554, -0.01764611154794693, -0.02193770743906498, -0.026281164959073067, 0.003455318510532379, 0.01793135330080986, -0.03479953110218048, -0.04073775187134743, -0.01088457740843296, 0.02055039443075657, -0.004097113385796547, 0.011468026787042618, -0.01605134829878807, 0.06150855869054794, 0.018372181802988052, -0.014858517795801163, -0.009776023216545582, -0.021354258060455322, -0.014223205856978893, 0.029924483969807625, -0.0035558014642447233, 0.0017130729975178838, 0.021457981318235397, 0.009549126029014587, 0.032906562089920044, -0.023999229073524475, -0.002565557835623622, -0.034747667610645294, -0.015792038291692734, -0.009879747405648232, 0.03614794835448265, 0.0038604920264333487, 0.02932806871831417, -0.015014104545116425, 0.021069016307592392, 0.04151568561792374, -0.0012997961603105068, 0.02847234345972538, -0.007332017179578543, 0.003033938119187951, -0.016673695296049118, -0.014119481667876244, -0.009542643092572689, 0.0004469062259886414, 0.009458367712795734, -0.0018881079740822315, 0.009788989089429379, 0.0322582833468914, -0.006012772675603628, -0.010022368282079697, 0.028524205088615417, 0.009938092902302742, -0.02193770743906498, 0.02157467231154442, 0.03889664262533188, 0.045612797141075134, -0.008725813589990139, 0.013574928976595402, 0.0014894172782078385, -0.024167781695723534, 0.00010605413262965158, -0.024414127692580223, -0.0072931209579110146, -0.0047713215462863445, 0.038092780858278275, 0.017309006303548813, -0.02156170643866062, -0.006716154050081968, -0.013406376354396343, -0.03207676485180855, 0.036744363605976105, 0.00033649647957645357, 0.03316587209701538, -0.02560695819556713, 0.008472985588014126, -0.0036335948389023542, -0.03832615911960602, 0.026890546083450317, -0.014741827733814716, 0.03202490508556366, 0.041152648627758026, -0.01015202421694994, -0.03407346084713936, -0.6140483617782593, -0.039363402873277664, 0.02393440157175064, -0.00849243439733982, 0.01362679060548544, 0.027538824826478958, -0.0038475263863801956, 0.011033681221306324, -0.014145412482321262, 0.021496878936886787, -0.023882539942860603, 0.02720171958208084, -0.018048042431473732, -0.003990147262811661, 0.03957085311412811, -0.002202522475272417, 0.0194094255566597, -0.01041781809180975, 0.003290007822215557, 0.006910637021064758, -0.008259054273366928, 0.026657165959477425, -0.009451884776353836, 0.006113255862146616, -0.010106644593179226, -0.007416293490678072, 0.017309006303548813, -0.021341292187571526, -0.016595901921391487, 0.00023884970869403332, -0.032284215092659, -0.006028980016708374, 0.003139283275231719, 0.0014002792304381728, 0.03586270660161972, -0.00925091840326786, -0.029354000464081764, 0.012719202786684036, -0.0016142107779160142, 0.023376883938908577, -0.028861310333013535, -0.026605304330587387, 0.0037956642918288708, 0.0030955246184021235, 0.026371924206614494, -0.009160160087049007, 0.047479838132858276, -0.0024747990537434816, -0.0015996245201677084, -0.0010696577373892069, 0.0005899324314668775, -0.012913686223328114, -0.0022381776943802834, 0.0018719009822234511, 0.0033937322441488504, -0.032984353601932526, 0.023999229073524475, 0.0105215422809124, -0.010553956031799316, -0.02676089107990265, -0.008135881274938583, 0.015001138672232628, -0.025840336456894875, -0.009730643592774868, -0.015558657236397266, -0.004952839110046625, -0.0028021789621561766, -0.005772910080850124, -0.0019334873650223017, -0.01806100830435753, 0.013821274042129517, 0.020239220932126045, -0.00135814119130373, 0.006696705706417561, 0.0049593220464885235, 0.02262488193809986, 0.02619040757417679, -0.010378921404480934, -0.012090373784303665, 0.007344983052462339, 0.009808436967432499, -0.00606463523581624, -0.025334680452942848, -0.03684808686375618, 0.035966429859399796, -0.004803735762834549, -0.015078932046890259, -0.02651454508304596, 0.03863733261823654, -0.013484169729053974, 0.013121134601533413, 0.03140255808830261, -0.007831190712749958, -0.007941397838294506, -0.016362521797418594, 0.004353182855993509, 0.02001880668103695, -0.005413116421550512, 0.02446598932147026, -0.025918129831552505, -0.007195879239588976, 0.01616803929209709, 0.016777418553829193, 0.0428900346159935, 0.031713731586933136, -0.016310660168528557, -0.022650811821222305, 0.031013591215014458, 0.006683739833533764, -0.01268678903579712, 0.02479012869298458, -0.005759944673627615, -0.025593992322683334, -0.020861566066741943, -0.01059933565557003, -0.029846690595149994, 0.038585469126701355, -0.00033730684663169086, 0.024440057575702667, 0.0004359665617812425, -0.009134228341281414, -0.018774112686514854, -7.151310273911804e-05, -0.012926651164889336, -0.001037243870086968, 0.007520017679780722, 0.001099640503525734, -0.019590942189097404, 0.009834367781877518, -0.006155394017696381, 0.013302652165293694, -0.005088977515697479, 0.028290824964642525, 0.001255227136425674, 0.015506795607507229, -0.004852356389164925, 0.0026368682738393545, 0.007247741334140301, 0.00998995453119278, -0.011578233912587166, -0.011558786034584045, 0.006768016144633293, 0.0024845232255756855, -0.004917183890938759, -0.02340281382203102, -0.033762287348508835, -0.022248880937695503, -0.004148975480347872, -0.0070532578974962234, -0.0044180103577673435, -0.03570711985230446, -0.016284728422760963, -0.0024521092418581247, -0.0012665719259530306, -0.016803350299596786, -0.003896147245541215, 0.0010007782839238644, -0.02414184994995594, 0.010411335155367851, -0.004116561263799667, 0.0025396267883479595, 0.02402516081929207, -0.012816444039344788, -0.009925127029418945, -0.026333028450608253, -0.009199056774377823, -0.0004813459818251431, 0.011662510223686695, 0.01160416565835476, -0.008660986088216305, 0.004136009607464075, -0.00019650909234769642, -0.003234904259443283, 0.009698229841887951, 0.00416518235579133, 0.03500698134303093, -0.03884478285908699, -0.023765848949551582, -0.04364203289151192, 0.001658779801800847, 0.007137534208595753, 0.02414184994995594, -0.03671843186020851, 0.021393153816461563, 0.013393411412835121, -0.019759494811296463, -0.007072706241160631, 0.028368618339300156, -0.021432051435112953, 0.03129883110523224, -0.015325278043746948, -0.007176430895924568, -0.016531074419617653, 0.02173025906085968, 0.011085543781518936, 0.03207676485180855, -0.0007187775918282568, 0.007144017145037651, -0.011202233843505383, 0.008894366212189198, 0.010378921404480934, 0.012459891848266125, -0.020394807681441307, -0.02896503359079361, 0.00068028608802706, -0.031635936349630356, -0.013341548852622509, -0.022780468687415123, 0.03342518210411072, 0.01180513110011816, 0.007500569336116314, 0.008375744335353374, -0.014041688293218613, 0.01891673542559147, 0.0012422616127878428, -0.026683097705245018, -0.02507537044584751, 0.0037794571835547686, -0.039726439863443375, 0.0026498339138925076, 0.026242269203066826, -0.020005840808153152, 0.007610776461660862, 3.980828478233889e-05, -0.031350694596767426, 0.004803735762834549, 0.02115977369248867, 0.01937052793800831, -0.007993260398507118, 0.0006458463612943888, -0.028238963335752487, 0.014495482668280602, 0.005623806267976761, 0.0036886984016746283, 0.011746786534786224, -0.013652722351253033, 0.027564754709601402, 0.010009403340518475, 0.03485139459371567, -0.025671785697340965, -0.005584909580647945, 0.003944768104702234, 0.030572762712836266, 0.002230074256658554, 0.05518137291073799, 0.012006097473204136, 0.05295129865407944, 0.014002791605889797, -0.007254224270582199, -0.011124440468847752, -0.007299603428691626, -0.0013168135192245245, -0.011137405410408974, -0.0012325374409556389, 0.006398498080670834, 0.021056050434708595, 0.017788732424378395, -0.010949404910206795, 0.009296298027038574, 0.01772390492260456, 0.022235915064811707, -0.011668993160128593, 0.023337986320257187, 0.011202233843505383, 0.01523451879620552, -0.002878351602703333, -0.03684808686375618, 0.011643062345683575, -9.55702707869932e-05, 0.012459891848266125, 0.00417814776301384, -0.003876698901876807, -0.003111731493845582, 0.015040035359561443, 0.02847234345972538, 0.02022625505924225, 0.017010798677802086, 0.031272903084754944, -0.007448707241564989, 0.01004830002784729, -0.028524205088615417, -0.023701021447777748, 0.01268030609935522, 0.008401675149798393, -0.006009531673043966, 0.0018330042948946357, 0.007545948959887028, 0.036096084862947464, -0.002959386445581913, 0.008122915402054787, 0.015947623178362846, -0.0006584067596122622, -0.00779229449108243, 0.008706365711987019, -0.003986905794590712, 0.010242782533168793, -0.0030274554155766964, 0.0012471236987039447, -0.005429323296993971, -0.03052089922130108, 0.015040035359561443, 0.033191803842782974, -0.01829438842833042, 0.016971902921795845, 0.012544168159365654, -0.012057960033416748, -0.005510357674211264, -0.021665431559085846, -0.010378921404480934, -0.0025590751320123672, 0.009322228841483593, -0.007092154584825039, -0.00634015304967761, -0.009283332154154778, 0.028446411713957787, 0.030780211091041565, 0.008544296026229858, 6.68029606458731e-05, 0.016608867794275284, -0.02303977869451046, -0.010404852218925953, -0.009309263899922371, -0.00761725939810276, 0.0021263498347252607, 0.030080070719122887, 0.03272504359483719, 0.015169691294431686, 0.0002945610322058201, -0.0051246327348053455, 0.020718945190310478, -0.029276207089424133, 0.016271762549877167, -0.022002534940838814, -0.04970991238951683, -0.01924087293446064, -0.019513150677084923, -0.005358012858778238, 0.019759494811296463, 0.0008686917135491967, -0.005186219234019518, 0.024660471826791763, 0.008006226271390915, 0.02034294418990612, -0.005276978015899658, 0.015454933047294617, -0.01054099015891552, -0.0025542129296809435, -0.01170140691101551, 0.026683097705245018, 0.0259440615773201, -0.01564941555261612, 0.004998218733817339, 0.013354514725506306, -0.015040035359561443, 0.017710939049720764, 0.014184309169650078, 0.03010600246489048, -0.01515672542154789, -0.019176045432686806, 0.05168067291378975, -0.013717549853026867, 0.007682087365537882, -0.006761533208191395, 0.01711452379822731, 0.0009083987097255886, 0.003935043700039387, -0.003432628931477666, 0.0088878832757473, 0.0013735376996919513, -0.0052834609523415565, -0.036044225096702576, -0.009425953030586243, 0.007682087365537882, 0.008855469524860382, 0.003152248915284872, -0.0021279705688357353, -0.04379761964082718, -0.010839197784662247, 0.013730515725910664, 0.020446669310331345, -0.011215198785066605, -0.025477301329374313, -0.007046775426715612, -0.016025416553020477, -0.019422391429543495, -0.005669185891747475, -0.011720855720341206, -0.010761404410004616, -0.0027016960084438324, -0.00022041430929675698, -0.01747755892574787, 0.01262196060270071, -0.027668479830026627, 0.01576610654592514, 0.011007750406861305, 0.0035169050097465515, -0.014677000232040882, 0.007494086865335703, 0.01867038942873478, 0.023337986320257187, 0.019824322313070297, -0.01891673542559147, 0.017633145675063133, 0.04133416712284088, 0.005970634985715151, -0.015182657167315483, 0.0045217350125312805, 0.013912033289670944, 0.0021279705688357353, -0.010741956532001495, -0.0228712260723114, 0.010638232342898846, -0.010657680220901966, 0.023013846948742867, 0.009957540780305862, 0.024336334317922592, -0.012777547352015972, -0.03741857036948204, 0.011422648094594479, -0.03002820909023285, -0.026320062577724457, 0.024517850950360298, -0.006696705706417561, 0.016569970175623894, -0.009043470025062561, -0.009270367212593555, -0.011221681721508503, -0.0030452830251306295, -0.0012957444414496422, 0.031428489834070206, 0.00706622377038002, 0.046831559389829636, -0.0033191803377121687, 0.01086512953042984, 0.01239506434649229, -0.0010145541746169329, -0.013756446540355682, -0.012103338725864887, 0.012531202286481857, 0.015467898920178413, 0.02361026220023632, 0.029405862092971802, -0.01854073442518711, 0.002304626163095236, 0.01813880167901516, -0.05212150141596794, 0.024362264201045036, 0.026501579210162163, -0.026047786697745323, -0.00033264735247939825, 0.012258925475180149, -0.04203430563211441, -0.027227651327848434, 0.014975207857787609, 0.01637548767030239, 0.02691647782921791, 0.008498916402459145, -0.02022625505924225, -0.03954492136836052, -0.012472856789827347, 0.009348159655928612, 0.02712392620742321, -0.00896567665040493, 0.012751616537570953, -0.03096172772347927, 0.0001434313744539395, -0.01760721392929554, -0.022819364443421364, -0.005370978266000748, -0.031713731586933136, -0.0003081343602389097, 0.0081682950258255, 0.018618527799844742, 0.0021036602556705475, -0.0003760008839890361, 0.02810930833220482, -0.021548740565776825, -0.024906817823648453, -0.0032284215558320284, -0.010612300597131252, -0.024608610197901726, 0.0009748471202328801, 0.016349555924534798, 0.016531074419617653, 0.03046903759241104, 0.004375872667878866, 0.02855013683438301, -0.012291339226067066, 0.005840979516506195, 0.010404852218925953, 0.025256887078285217, 0.005299667827785015, -0.013121134601533413, 0.012803479097783566, 0.006116497330367565, -0.004557390231639147, 0.027798134833574295, 0.011882924474775791, 0.014936311170458794, -0.01773686893284321, -0.012829409912228584, -0.0064276703633368015, -0.02471233531832695, -0.036951810121536255, -0.007150499615818262, 0.014093550853431225, -0.021665431559085846, -0.010767887346446514, -0.028524205088615417, -0.022119224071502686, -0.008395192213356495, 0.0021214878652244806, 0.030365314334630966, -0.009717678651213646, 0.027175787836313248, -0.021989569067955017, 0.003043662291020155, -0.0015890899812802672, 0.032699111849069595, -0.019655771553516388, -0.018838942050933838, -0.010139058344066143, 0.0024893851950764656, 0.018813010305166245, 0.02683868445456028, 0.04104892536997795, 0.002785972086712718, 0.022404467687010765, -0.018774112686514854, 0.032673180103302, -0.027642548084259033, -0.00037215175689198077, 0.012200580909848213, -0.032128628343343735, -0.034462425857782364, -0.028498275205492973, -0.011688441969454288, -0.013160031288862228, 0.010365955531597137, 0.006145669613033533, 0.01239506434649229, 0.014300999231636524, -0.0017779007321223617, -0.030572762712836266, -0.03272504359483719, -0.021146809682250023, 0.01494927704334259, 0.035810843110084534, 0.005390426609665155, 0.0008164243772625923, -0.0017973490757867694, -0.019292734563350677, -0.006563808768987656, -0.014534379355609417, -0.015882795676589012, 0.019785426557064056, 0.022106260061264038, -0.005458495579659939, -0.0032786629162728786, -0.006268842611461878, 0.0014634862309321761, -0.02683868445456028, -0.0052607711404562, 0.019668735563755035, 0.008836020715534687, -0.015571623109281063, -0.00790250115096569, 0.002408350585028529, -0.052017778158187866, -0.008200708776712418, -0.0037016640417277813, -0.002597971586510539, 0.014677000232040882, -0.009445401839911938, -0.009056434966623783, 0.007532983552664518, 0.007344983052462339, 0.01854073442518711, 0.030650556087493896, 0.024686403572559357, -0.015195622108876705, -0.010774370282888412, -0.0002030931500485167, -0.0024715575855225325, 0.013678653165698051, 0.012550650164484978, -0.024478955194354057, 0.02218405343592167, 0.022845296189188957, 0.006596222519874573, -0.007150499615818262, 0.009821402840316296, 0.0035493187606334686, 0.03109138458967209, 0.012596029788255692, -0.012939617037773132, 0.020239220932126045, -0.023636193946003914, 0.006949533708393574, -0.016310660168528557, 0.0018281423253938556, 0.004184630699455738, -0.04906163364648819, -0.011986649595201015, 0.03975237160921097, 0.0010453473078086972, -0.006589739583432674, -0.009004573337733746, -0.004735666327178478, 0.003523387713357806, 0.019876185804605484, -0.012310788035392761, 0.01217464916408062, -0.014936311170458794, -0.015221552923321724, -0.0026838683988898993, -0.016479210928082466, 0.02953551895916462, 0.005542771890759468, 0.007357948459684849, 0.000871933123562485, 0.03671843186020851, -0.02119867131114006, 0.0005814238102175295, -0.004045250825583935, -0.022598950192332268, -0.007416293490678072, -0.008667469024658203, -0.0030890419147908688, -0.03910409286618233, 0.018722251057624817, -0.004372631199657917, -0.048957910388708115, -0.0008225019555538893, 0.018242526799440384, 0.02209329418838024, 0.003079317742958665, 0.017309006303548813, 0.015830934047698975, 0.021432051435112953, 0.0011660889722406864, -0.012745133601129055, 0.007494086865335703, 0.020291082561016083, -0.020044736564159393, 0.012284856289625168, 0.024686403572559357, 0.007364431396126747, -0.022287776693701744, -0.018774112686514854, 0.036951810121536255, -0.0081682950258255, -0.013289686292409897, -0.02042073756456375, 0.020783772692084312, -0.02704613283276558, -0.023130537942051888, -0.026579372584819794, -0.021146809682250023, -0.0027243858203291893, -0.019681701436638832, 0.025334680452942848, 0.0026417304761707783, -0.013795343227684498, -0.004829666577279568, 0.0028329722117632627, 0.01006774790585041, 0.006806912831962109, -0.040219128131866455, -0.02969110570847988, -0.03158407658338547, 0.01061878353357315, -0.011305958032608032, -0.04195651412010193, -0.00681339530274272, 0.02009660005569458, 0.012926651164889336, -0.03876698762178421, -0.01484555285423994, -0.01025574840605259, -0.0226767435669899, -0.02230074256658554, -0.02969110570847988, -0.01096885371953249, 0.008038640022277832, -0.004816701170057058, -0.005740496329963207, 0.01494927704334259, -0.005033873952925205, 0.008207191713154316, -0.01505300123244524, -0.006956016644835472, -0.013432308100163937, -0.01088457740843296, 0.028161169961094856, 0.007007878739386797, -0.01572720892727375, 0.02140611968934536, 0.02810930833220482, -0.0015664002858102322, 0.011824579909443855, 0.032984353601932526, -0.02332502044737339, -0.010139058344066143, -0.03448835760354996, -0.021250532940030098, -0.006045186892151833, 0.001730900607071817, -0.019189011305570602, -0.035110704600811005, -0.0049042184837162495, 0.01859259605407715, -0.003753526136279106, -0.010916991159319878, 0.009464849717915058, 0.02332502044737339, -0.0005684582283720374, 0.010981819592416286, -0.016245830804109573, -0.007947880774736404, -0.029302138835191727, -0.0065346360206604, 0.02165246568620205, 0.016933005303144455, -0.011954234912991524, 0.002606075257062912, -0.0031003865879029036, 0.005468219984322786, -0.008959193713963032, 0.014936311170458794, -0.015377139672636986, 0.01846294105052948, 0.004210561513900757, -0.016323624178767204, -0.016323624178767204, 0.005588151048868895, -0.005565461702644825, -0.0041133202612400055, -0.005584909580647945, -0.006071117706596851, 0.005238081328570843, -0.001993452897295356, -0.0005615702830255032, 0.02132832631468773, -0.030261589214205742, -0.02581440657377243, 0.010197403840720654, 0.009283332154154778, 0.009199056774377823, -0.002239798428490758, -0.03524035960435867, -0.006006290204823017, 0.007344983052462339, 0.0015275035984814167, -0.026371924206614494, -0.034618012607097626, 0.019863219931721687, 0.01616803929209709, 0.009186090901494026, 0.01212927047163248, 0.22114038467407227, -0.01854073442518711, -0.000685148173943162, 0.02855013683438301, 0.001996694365516305, -0.008829537779092789, 0.0022333157248795033, 0.023480607196688652, -0.011079060845077038, -0.005883117206394672, -0.0034909737296402454, 0.005678909830749035, -0.0005287512321956456, -0.008395192213356495, -0.009296298027038574, -0.029068758711218834, -0.03871512785553932, -0.0363553948700428, -0.008725813589990139, -0.005225115921348333, -0.021224601194262505, -0.006936568301171064, -0.004580080043524504, -0.025425439700484276, 0.02018735744059086, 0.012615478597581387, 0.016064314171671867, -0.00859615858644247, 0.0015218311455100775, -0.0018913493258878589, -0.033347390592098236, -0.005944703705608845, 0.02537357807159424, 0.005182977765798569, -0.0031052487902343273, -0.025256887078285217, 0.02855013683438301, -0.002748696133494377, 0.021756188943982124, 0.012861823663115501, 0.010690093971788883, -0.01842404343187809, 0.027642548084259033, -0.01715341955423355, 0.0009716057684272528, -0.014677000232040882, 0.006722636520862579, -0.0019010734977200627, 0.006891188677400351, 0.044056933373212814, -0.009730643592774868, -0.00914719421416521, 0.028809446841478348, 0.012777547352015972, 0.010625266470015049, -0.014352861791849136, -0.0033013527281582355, -0.008038640022277832, -0.009549126029014587, 0.010002920404076576, -0.01903342455625534, 0.03023565746843815, 0.002998282900080085, 0.009212021715939045, -0.040296923369169235, -0.00036181980976834893, -0.02074487693607807, 0.0012341580586507916, 0.0119477529078722, -0.003776215948164463, -0.0015728829894214869, -0.023869574069976807, 0.006742084864526987, 0.015856865793466568, -0.03741857036948204, -0.019435357302427292, 0.02953551895916462, 0.02152280882000923, 0.038014985620975494, 0.020602256059646606, -0.004962563514709473, 0.0044731139205396175, 0.026255235075950623, -0.04198244586586952, -0.0009116401197388768, 0.0041133202612400055, 0.011066094972193241, -0.008051604963839054, 0.006155394017696381, 0.006554084364324808, -0.017996180802583694, 0.006819878239184618, -0.02100418694317341, 0.01584389992058277, -0.02619040757417679, -0.01882597617805004, 0.01022981759160757, 0.012842374853789806, -0.00463842460885644, 0.012077407911419868, -0.03770381212234497, 0.046961214393377304, 0.01878707855939865, 0.023013846948742867, -0.03487732261419296, 0.005678909830749035, -0.032621320337057114, -0.02896503359079361, 0.004751873202621937, -0.0013670549960806966, -0.01487148366868496, -0.028990965336561203, 0.0020728670060634613, 0.012842374853789806, -0.017710939049720764, -0.01671259105205536, 0.009432435967028141, 0.018268456682562828, -0.006609187927097082, 0.0011004508705809712, -0.014495482668280602, -0.0069689820520579815, -0.004674079827964306, 0.008032157085835934, 0.024051090702414513, 0.00416518235579133, -0.001445658621378243, -0.022197017446160316, -0.005098701920360327, -0.033399250358343124, 0.017140453681349754, 0.007448707241564989, -0.016336590051651, 0.002019384177401662, 0.0015064346371218562, -0.005393668077886105, 0.004032285418361425, -0.01728307642042637, 0.0009926747297868133, 0.007999743334949017, 0.010450231842696667, -0.031350694596767426, -0.0033937322441488504, -0.028290824964642525, 0.03256945684552193, -0.026358958333730698, -0.016401417553424835, 0.014741827733814716, -0.023013846948742867, -0.0035169050097465515, -0.0747852772474289, -0.004181389231234789, -0.0021539016161113977, -0.01160416565835476, 0.022806398570537567, -0.010631749406456947, 0.00978250615298748, -0.038792919367551804, -0.010573404841125011, 0.0074551901780068874, -0.03557746484875679, 0.010307610966265202, 0.0015169690595939755, -0.007364431396126747, -0.022598950192332268, -0.024012194946408272, -0.16118769347667694, 0.02254708856344223, 0.019837288185954094, -0.02480309270322323, 0.0019837289582937956, 0.006622153799980879, -0.015286381356418133, 0.007280155085027218, 0.002202522475272417, -1.2642675756069366e-05, 0.016971902921795845, -0.029276207089424133, -0.023013846948742867, 0.013075754977762699, -0.0020080392714589834, -0.012965547852218151, 0.007163465488702059, -0.010430783033370972, 0.015545692294836044, 0.017218247056007385, 0.02712392620742321, -0.012239477597177029, 0.01162361353635788, -0.015675347298383713, -0.02974296733736992, -0.011921821162104607, -0.019616873934864998, 0.021030118688941002, -0.0016215038485825062, -0.017503490671515465, -0.03161000460386276, 0.0020177634432911873, 0.027746273204684258, 0.012096856720745564, 0.02051149681210518, 0.010962370783090591, 0.024738265201449394, -0.01017147209495306, 0.01033354178071022, 0.009763057343661785, 0.010340024717152119, 0.029768899083137512, -0.0015194001607596874, 0.0007576742209494114, -0.011189267970621586, -0.005546013358980417, 0.029717035591602325, 0.00249100592918694, 0.002372695365920663, 0.004281872417777777, -0.014599206857383251, -0.023558400571346283, -0.010307610966265202, -0.014936311170458794, -0.0063174632377922535, 0.011085543781518936, 0.003597939619794488, -0.0016004348872229457, -0.0031360420398414135, 0.01625879667699337, 0.02283233031630516, -0.03223235160112381, -0.003575249807909131, -0.01444362010806799, 0.003873457433655858, -0.013912033289670944, -0.01887783780694008, -0.0027778686489909887, -0.02263784594833851, 0.03804091736674309, -0.0026093164924532175, -0.010813266970217228, 0.003640077542513609, -0.014197275042533875, 0.012693271040916443, 0.009490781463682652, -0.034695807844400406, 0.013185962103307247, 0.009406505152583122, -0.006570291239768267, -0.009665816091001034, 0.025801440700888634, -0.009899196214973927, 0.02761661633849144, 6.68029606458731e-05, 0.0002704532234929502, 0.019785426557064056, -0.004424493294209242, 0.0002953713992610574, -0.03251759335398674, 0.0012130890972912312, 0.0011960718547925353, 0.005646496079862118, -0.014365826733410358, -0.010158507153391838, 0.009134228341281414, 0.00827201921492815, 0.007137534208595753, 0.02720171958208084, -0.024323368445038795, -0.014689966104924679, -0.007208844646811485, -0.01360085979104042, 0.0046611144207417965, 0.010113127529621124, 0.04470520839095116, -0.013289686292409897, 0.003234904259443283, 0.04989142715930939, -0.009944574907422066, -0.026047786697745323, 0.004424493294209242, 0.008453537710011005, 0.04784287139773369, -0.01441768929362297, 0.020693015307188034, 0.01882597617805004, -0.006022497080266476, -0.0012957444414496422, 0.015377139672636986, 0.040711820125579834, -0.019059356302022934, -0.021535774692893028, 0.010690093971788883, -0.019876185804605484, -0.014080584980547428, -0.0711030662059784, -0.017101557925343513, 0.021172739565372467, 0.033684492111206055, 0.007312569301575422, 0.018242526799440384, 0.027798134833574295, 0.014249137602746487, 0.0005842599784955382, 0.003805388230830431, -0.017840594053268433, 0.0022057639434933662, 0.006194290705025196, -0.020122529938817024, 0.017334938049316406, -0.010158507153391838, -0.03726298362016678, -0.02300088293850422, -0.023260192945599556, 0.030339382588863373, -0.0016855212161317468, -0.05585557967424393, -0.00869988277554512, -0.02691647782921791, -0.0017146937316283584, -0.00011972873471677303, -0.019616873934864998, 0.01859259605407715, 0.008738779462873936, -0.0019075562013313174, -0.005565461702644825, -0.02115977369248867, 0.003766491776332259, -0.008900849148631096, 0.01233671884983778, 0.014923345297574997, -0.031713731586933136, -0.017490524798631668, 0.020770808681845665, -0.01180513110011816, -0.0035914566833525896, 0.008122915402054787, 0.011837545782327652, -0.003108490025624633, 0.003662767354398966, -0.002977214055135846, -0.009562091901898384, 0.01646624505519867, 0.006638360675424337, 0.0025169369764626026, -0.0514732263982296, -0.0030501452274620533, -0.005299667827785015, -0.01666072942316532, 0.027227651327848434, -0.006544360425323248, -0.01662183180451393, 0.028653861954808235, 0.017944319173693657, -0.01572720892727375, 0.0005822341190651059, -0.015558657236397266, 0.010929957032203674, 0.01838514767587185, 0.03728891536593437, 0.008051604963839054, -0.024154815822839737, -0.006748567800968885, 0.0212375670671463, -0.015027070418000221, -0.015817968174815178, 0.02233963832259178, -0.0181776974350214, 0.0015380381373688579, -0.035188496112823486, -0.0206281878054142, -0.005325598642230034, -0.00445366557687521, 0.012997961603105068, -0.006819878239184618, 0.010022368282079697, -0.009957540780305862, -0.03547373786568642, 0.01752942055463791, 0.0010745198233053088, 0.013198927976191044, 0.017127489671111107, -0.013639756478369236, -0.022573018446564674, -0.02643675170838833, 0.011033681221306324, 0.01964280568063259, 0.004029043950140476, 0.002346764085814357, -0.04068588837981224, -0.02136722393333912, -0.011014233343303204, 0.014638103544712067, -0.006294773425906897, 0.00031198348733596504, -0.021885845810174942, 0.018022112548351288, -0.05564813315868378, 0.02332502044737339, 0.01015202421694994, -0.02075784280896187, -0.018761148676276207, -0.030054140836000443, -0.009613953530788422, -0.04239734262228012, 0.019577978178858757, 0.005088977515697479, 0.003584973979741335, 0.014210240915417671, 0.004382355138659477, -0.0005603547906503081, 0.0010340024018660188, 0.004025802481919527, 0.0322582833468914, -0.02377881482243538, 0.00553628895431757, -0.01956501230597496, -0.014275068417191505, 0.012608995661139488, 0.010891060344874859, 0.01088457740843296, 0.004158699419349432, 0.02300088293850422, -0.03088393621146679, 0.025645853951573372, -0.01533824298530817, -0.007332017179578543, 0.01646624505519867, -0.016764452680945396, 0.004171665292233229, 0.01388610154390335, 0.002816765336319804, 0.0017082109116017818, -0.009082366712391376, 0.02066708356142044, 0.011344854719936848, -0.004602769389748573, -0.01080678403377533, -0.0055330474860966206, 0.003766491776332259, -0.010800301097333431, -0.009756575338542461, -0.005322357639670372, -0.016103209927678108, 0.01049561146646738, 0.015169691294431686, 0.0022560053039342165, 0.020122529938817024, 0.00042502686847001314, -0.036251671612262726, -0.007299603428691626, 0.0034585599787533283, -0.014080584980547428, 0.03080614283680916, 0.011584716849029064, -0.004962563514709473, -0.001688762684352696, 0.03814464062452316, -0.009400022216141224, 0.015817968174815178, -0.004790769889950752, -0.002482902491465211, -0.0001675391977187246, -0.017425697296857834, 0.002478040289133787, 0.05162881314754486, 0.0005903376149944961, -0.0042786309495568275, -0.015597553923726082, -0.002977214055135846, 0.015001138672232628, 0.011584716849029064, 0.03386601060628891, 0.008544296026229858, 0.0011328647378832102, -0.007889536209404469, 0.029068758711218834, 0.019953979179263115, -0.006327187642455101, -0.0005396909546107054, 0.007578362710773945, 0.0033353872131556273, 0.04063402861356735, -0.012771064415574074, 0.009510229341685772, -0.019007492810487747, 0.0003413585654925555, -0.035318151116371155, -0.002280315849930048, -0.003766491776332259, 0.039363402873277664, 0.02782406657934189, 0.02235260419547558, 0.007468155585229397, 0.020485565066337585, 0.023701021447777748, -0.013795343227684498, 0.02197660319507122, -0.000999967916868627, -0.018527768552303314, -0.010365955531597137, -0.009834367781877518, -0.01903342455625534, -0.06036759167909622, -0.033477045595645905, 0.010657680220901966, 0.012894237414002419, -0.0004189492610748857, 0.0071569825522601604, -0.000712699955329299, -0.0015023829182609916, -0.0049593220464885235, 0.0068847062066197395, 0.0009189331904053688, -0.010236300528049469, -0.009795471094548702, 0.002726006554439664, 0.021535774692893028, -0.023701021447777748, 0.033269595354795456, -0.01806100830435753, 0.037444502115249634, -0.022884191945195198, -0.011390234343707561, -0.01242099516093731, 0.026605304330587387, 0.004641666077077389, -0.00321707664988935, 0.0011863476829603314, -0.006463325582444668, -0.023597298189997673, 0.0017422455130144954, -0.00398366479203105, -0.03010600246489048, -0.007740431930869818, -0.006943050771951675, 0.07888239622116089, 0.004910701420158148, 0.0006592170684598386, 0.022482261061668396, -0.0037697330117225647, 0.03435870260000229, 0.0038475263863801956, 0.021846948191523552, 0.001909176935441792, 0.00925091840326786, 0.007072706241160631, -0.01686817780137062, 0.0034909737296402454, -0.010929957032203674, 0.02480309270322323, -0.0068847062066197395, 0.018605561926960945, 0.044627416878938675, -0.008498916402459145, -0.010061264969408512, 0.01609024591743946, 0.036173880100250244, -0.014975207857787609, 0.001135295839048922, 0.00041327683720737696, -0.020433703437447548, 0.008207191713154316, -0.015454933047294617, 0.000567647919524461, -0.0005348288686946034, 0.009607471525669098, 0.010378921404480934, -0.05004701390862465, -0.021833982318639755, 0.000513759849127382, -0.010852163657546043, -0.009451884776353836, 0.012531202286481857, 0.0004967425484210253, 0.003409939119592309, 0.017542386427521706, -0.0033807666040956974, -0.008388709276914597, -0.015506795607507229, 0.002304626163095236, 0.011092026717960835, -0.009529678151011467, 0.017957283183932304, -0.0343068391084671]"
7206,"Mongo query for an array is a subarray<p>I'm looking for a query that acts as <code>$setIsSubset</code>, except accounting for duplicate values. </p>

<p>For example, <code>[1,1,2,3]</code> is a subset of <code>[1,2,3,4]</code>, because sets don't have duplicate values.</p>

<p>How can I write a query such that <code>[1,1,2,3]</code> is not a subset of <code>[1,2,3,4]</code>?</p>

<p>An example of expected outputs: </p>

<pre><code>INPUT     |  TARGET  | RESULT
[1]        [1,2,3,4]   TRUE
[1,2,3]    [1,2,3,4]   TRUE
[1,1,2,3]  [1,2,3,4]   FALSE
[1,2,3,4]  [1,2,3,4]   TRUE
[1,3]      [1,2,3,4]   TRUE
[1,11,5]   [1,2,3,4]   FALSE
[1,2,2,3]  [1,2,3,4]   FALSE
</code></pre>
",Wow thanks! I did focus entirely in the JavaScript part but it turns out the problem was in the Python side of things. Using get_json did solve my problem! If you post that answer underneath I'll mark it as the one that solved my problem. Thanks a lot!,"Embed Field: Mongo query for an array is a subarray<p>I'm looking for a query that acts as <code>$setIsSubset</code>, except accounting for duplicate values. </p>

<p>For example, <code>[1,1,2,3]</code> is a subset of <code>[1,2,3,4]</code>, because sets don't have duplicate values.</p>

<p>How can I write a query such that <code>[1,1,2,3]</code> is not a subset of <code>[1,2,3,4]</code>?</p>

<p>An example of expected outputs: </p>

<pre><code>INPUT     |  TARGET  | RESULT
[1]        [1,2,3,4]   TRUE
[1,2,3]    [1,2,3,4]   TRUE
[1,1,2,3]  [1,2,3,4]   FALSE
[1,2,3,4]  [1,2,3,4]   TRUE
[1,3]      [1,2,3,4]   TRUE
[1,11,5]   [1,2,3,4]   FALSE
[1,2,2,3]  [1,2,3,4]   FALSE
</code></pre>; Answer: Wow thanks! I did focus entirely in the JavaScript part but it turns out the problem was in the Python side of things. Using get_json did solve my problem! If you post that answer underneath I'll mark it as the one that solved my problem. Thanks a lot!","[-0.027605745941400528, 0.002007626462727785, 0.022468481212854385, -0.018940139561891556, -0.03689234331250191, 0.025658102706074715, 0.009554749354720116, -0.037598010152578354, -0.027252912521362305, -0.023202376440167427, 0.0035600969567894936, 0.009350106120109558, 0.01861553080379963, -0.01078261248767376, 0.0032372537534683943, 0.02002686820924282, 0.005708856973797083, -0.005701800342649221, -0.002319884719327092, -0.0040434799157083035, -0.04202960804104805, 0.017726389691233635, -0.0016203910345211625, -0.0026286146603524685, -0.019504673779010773, 0.003037902293726802, 0.013238338753581047, 0.0007493316079489887, -0.02443023957312107, 0.015778744593262672, 0.022539047524333, 0.014452088624238968, -0.001681254943832755, -0.00858798436820507, -0.023343509063124657, -0.013414755463600159, -0.01030275784432888, -0.014007517136633396, 0.04840885102748871, 0.015016622841358185, 0.03056955337524414, 0.0006770006148144603, -0.007296611089259386, -0.01320305559784174, 0.007748238742351532, 0.005126680713146925, 0.021875718608498573, -0.024895980954170227, -0.009448899887502193, 0.0009288360015489161, 0.03858594596385956, 0.03539632633328438, -0.06255044788122177, 0.010641478933393955, -0.008143412880599499, -0.0037294572684913874, 0.018657872453331947, 0.009011385031044483, 0.002868541982024908, -0.0016936040483415127, 0.02104303054511547, 0.02297656238079071, -0.008644437417387962, 0.011008426547050476, -0.013852270320057869, -0.017401782795786858, -0.003138459986075759, -0.004244595300406218, 0.009441842325031757, -0.014141594059765339, 0.013922836631536484, 0.01504484936594963, -0.013520605862140656, -0.003958799410611391, 0.01487548928707838, -0.020534949377179146, -0.01992807537317276, -0.009533579461276531, 0.006654452532529831, -0.0007480084896087646, -0.0032972353510558605, -0.010105171240866184, -0.010951973497867584, 0.029101762920618057, 0.004346917383372784, 0.019419994205236435, -0.007543595042079687, 0.03985615074634552, 0.01750057563185692, 0.0059487842954695225, -0.009314822033047676, 0.008552700281143188, 0.030738914385437965, -0.01204575877636671, -0.009335992857813835, 0.03090827539563179, -0.02901708334684372, 0.004353974014520645, -0.014833149500191212, 0.0010805546771734953, -0.04713864624500275, 0.012772597372531891, -0.0184743981808424, -0.028509002178907394, -0.02114182524383068, 0.014275670982897282, 0.0037753258366137743, -0.02225678041577339, -0.0003645218093879521, 0.008319830521941185, -0.005987596232444048, 0.0049432069063186646, 0.012977241538465023, -0.01853085123002529, -0.004667996428906918, -0.01194696594029665, 0.01332301925867796, -0.02935580350458622, -0.027732767164707184, -0.0060334643349051476, 0.021593451499938965, -0.003089063335210085, 0.021607564762234688, -0.0208454430103302, 0.017133627086877823, 0.010069888085126877, -0.017161855474114418, -0.02857956849038601, -0.009025498293340206, -0.035960860550403595, 0.04634829983115196, 0.027351705357432365, -0.007169590797275305, 0.010719102807343006, 0.006760302931070328, -0.016075124964118004, -0.016554979607462883, 0.0023110639303922653, -0.010436834767460823, -0.024585485458374023, 0.017825182527303696, 0.009279538877308369, -0.011537677608430386, 0.015002509579062462, -0.010069888085126877, 0.02737993188202381, 0.016964267939329147, -0.0036588904913514853, 0.016329165548086166, -0.016597319394350052, 0.020520836114883423, 0.019772827625274658, -0.009519466198980808, 0.02824084833264351, 0.02011154778301716, 0.00163538649212569, 0.021551111713051796, -0.007868202403187752, 0.00683086970821023, 0.012850221246480942, 0.013358302414417267, -0.011135446839034557, -0.001698014559224248, 0.006428638938814402, 0.00024080932780634612, 0.025305267423391342, 0.019561126828193665, -0.036101993173360825, -0.015623497776687145, -0.019123611971735954, 0.016286825761198997, 0.009011385031044483, -0.022694295272231102, 0.014522654935717583, -0.011805831454694271, -0.01634327881038189, 0.015694065019488335, 0.016964267939329147, -0.04482405632734299, -0.011544734239578247, 0.005052585620433092, 0.013562945649027824, 0.005154907237738371, 0.054054196923971176, -0.020930124446749687, -0.028509002178907394, 0.008362170308828354, -0.011735265143215656, 0.016018671914935112, 0.03274301066994667, 0.022623727098107338, 0.01843205839395523, -0.013640569522976875, -0.008806740865111351, -0.5934388637542725, -0.0035742102190852165, 0.03322286531329155, -0.02393627166748047, 0.0222003273665905, 0.0012313913321122527, 0.005888802465051413, 0.012864334508776665, -0.04217074066400528, 0.027309365570545197, -0.015552930533885956, -0.005176077596843243, -0.010366268455982208, -0.013838157057762146, 0.018601417541503906, -0.0029444012325257063, 0.026998871937394142, -0.027351705357432365, -0.008573871105909348, 0.010951973497867584, -0.015835197642445564, 0.01361234299838543, -0.0005751197459176183, 0.027605745941400528, -0.012158665806055069, 0.008517417125403881, -0.011283637024462223, -0.026152070611715317, 0.005363079719245434, 0.01949056051671505, -0.03500115126371384, 0.028664249926805496, -0.00023992724891286343, 0.008842024952173233, 0.05552198737859726, -0.0074941981583833694, -0.027845673263072968, -0.0021805153228342533, -0.018460284918546677, 0.04222719371318817, -0.017006607726216316, -0.005535968579351902, 0.02476895973086357, -0.011572961695492268, -0.004484522622078657, 0.003203734289854765, 0.008298659697175026, -0.01620214618742466, 0.018206244334578514, -0.027831560000777245, 0.0033095846883952618, -0.010930802673101425, -0.005013773683458567, -0.018756665289402008, 0.028960630297660828, -0.010669705457985401, 0.03172684833407402, -0.009921696968376637, 0.021297071129083633, -0.015694065019488335, 0.005885274149477482, -0.0026233221869915724, -0.025234701111912727, 0.005835877265781164, -0.05030004307627678, -0.002415149938315153, 0.027436386793851852, -0.006562715861946344, 0.011135446839034557, 0.003613022156059742, 0.02297656238079071, 0.006220466457307339, -0.004918508697301149, -0.00064524554181844, 0.01582108438014984, 0.02761985920369625, 0.005243116058409214, -0.018728438764810562, -0.024063291028141975, -0.0026586055755615234, 0.02383747696876526, 0.003588323714211583, -0.01964580826461315, -0.0014422097010537982, 0.019843393936753273, -0.010041660629212856, -0.033251091837882996, 0.0059805396012961864, 0.020393816754221916, 0.005158435553312302, 0.01615980640053749, 0.03565036505460739, 0.00022129318676888943, -0.01272320095449686, -0.006396883632987738, -0.00018645080854184926, 0.004410427529364824, 0.013259508647024632, 0.04953791946172714, -0.048832252621650696, -0.016794906929135323, -0.0029002970550209284, 0.00048514700029045343, -0.011551790870726109, 0.013393585570156574, -0.004392785485833883, -0.010923746041953564, 0.009505352936685085, 0.005821764003485441, -0.04146507382392883, -0.022468481212854385, 0.004960848484188318, -0.025799235329031944, 0.005006717052310705, 0.012215119786560535, -0.04533213749527931, 0.0064568654634058475, -0.02292010933160782, -0.020732536911964417, 0.004611542914062738, 0.021748699247837067, 0.03234783932566643, 0.005193719174712896, -0.020139776170253754, 0.007423631381243467, 0.011580018326640129, 0.013471209444105625, -0.022214440628886223, 0.014790808781981468, 0.023964498192071915, -0.021071257069706917, -0.00013749506615567952, 0.02234145998954773, -0.005341909360140562, 0.014776695519685745, -0.02229912020266056, 0.008326887153089046, 0.0018470869399607182, 0.019815167412161827, -0.008383340202271938, 0.01615980640053749, -0.004844413138926029, 0.028367867693305016, -0.027888013049960136, 0.010973143391311169, -0.024557258933782578, -0.04485228285193443, -9.358375791634899e-06, -0.028607795014977455, -0.00875028781592846, -0.01717596873641014, -0.009173688478767872, -0.006146371364593506, 0.015552930533885956, -0.010768499225378036, -0.020182115957140923, -0.004096405114978552, -0.01366173941642046, -0.0238939318805933, -0.02349875681102276, -0.0034436616115272045, 0.02935580350458622, -0.02244025468826294, -0.008086959831416607, -0.016216259449720383, -0.014423861168324947, 0.001917653833515942, -0.003023789031431079, -0.0010020490735769272, -0.009455956518650055, 0.01431801076978445, -0.0038705910556018353, -0.00960414670407772, -0.013675852678716183, -0.021593451499938965, 0.024641940370202065, -0.054195329546928406, 0.0060511063784360886, -0.02708355151116848, -0.004717392846941948, 0.014035743661224842, 0.00882791168987751, 0.0043045771308243275, -0.005842933896929026, 0.023244716227054596, 0.0015559988096356392, 0.004833828192204237, 0.02054906263947487, -0.006312203593552113, 0.047420915216207504, 0.008517417125403881, 0.031275223940610886, -0.004657411016523838, -0.0015498241409659386, -0.007642388343811035, 0.02011154778301716, 0.012349196709692478, 0.0188131183385849, -0.0065874140709638596, 0.010528571903705597, 0.0291582178324461, 0.0009896998526528478, 0.024543145671486855, -0.022468481212854385, 0.003491294337436557, -0.029638070613145828, -0.014007517136633396, -0.023851590231060982, 0.008842024952173233, 0.007275440730154514, 0.03003324568271637, -0.010733216069638729, -0.0026727188378572464, 0.011834058910608292, 0.011290693655610085, 0.027732767164707184, -0.03438016399741173, -0.006509790662676096, -0.023244716227054596, -0.0024821883998811245, 5.0003218348138034e-05, 0.00015227000403683633, 0.02544640190899372, -0.006739133037626743, -0.014289784245193005, 0.008192810229957104, 0.005317211151123047, 0.009547692723572254, 0.007600048556923866, -0.024684280157089233, 0.01228568609803915, 0.0011255410499870777, 0.026095615699887276, 0.015369457192718983, 0.00516549265012145, -0.02200273983180523, 0.022764861583709717, -0.009018441662192345, 0.02234145998954773, -0.0262649767100811, -0.004833828192204237, 0.03768268972635269, 0.011834058910608292, -0.025799235329031944, 0.016696114093065262, 0.007550651673227549, 0.02064785733819008, 0.018446171656250954, -0.003611257765442133, 0.033730946481227875, -0.011234240606427193, -0.015073076821863651, -0.030936501920223236, 0.011721151880919933, 0.011403600685298443, -0.002656841417774558, -0.011735265143215656, 0.02021034248173237, 0.023371735587716103, 0.010260418057441711, 0.018841344863176346, -0.023428190499544144, 0.007402461022138596, 0.0031067049130797386, 0.014078084379434586, 0.010338041931390762, -0.010916689410805702, -0.02723879925906658, 0.0021858077961951494, 0.0006448044441640377, -0.0028403152246028185, -0.053376756608486176, -0.026617810130119324, -0.0238939318805933, 0.0052501726895570755, -0.011961079202592373, 0.007261327467858791, 0.02548874169588089, 0.017147742211818695, 0.010973143391311169, -0.004181085154414177, -0.005617120303213596, 0.01528477668762207, -0.004343388602137566, 0.004664468113332987, -0.00858798436820507, -0.0019405880011618137, 0.03215024992823601, 0.01013339776545763, 0.004752676468342543, 0.02311769500374794, 0.016611432656645775, 0.003558332799002528, -0.016950154677033424, -0.02562987431883812, 0.051626697182655334, 0.036299582570791245, 0.012970184907317162, -0.0006668565911240876, -0.009780563414096832, -0.007642388343811035, 0.013562945649027824, -0.00516549265012145, -0.009025498293340206, 0.04499341547489166, 0.009096065536141396, 0.013887553475797176, -0.025375833734869957, -0.01511541660875082, 0.009081952273845673, 0.009928753599524498, -0.01789575070142746, 0.004276350140571594, 0.016794906929135323, 0.00928659550845623, -0.007208402268588543, -0.016188032925128937, 0.000419872667407617, 0.02558753453195095, -0.030400194227695465, -0.0002721233759075403, -0.02249670773744583, -0.008609154261648655, 0.023738684132695198, 0.034747108817100525, 0.012786710634827614, 0.00025778947747312486, -0.014692015014588833, -0.013358302414417267, 0.0172747615724802, -0.026053275913000107, -0.01885545812547207, -0.009808789938688278, -0.037654463201761246, -0.04324335604906082, -0.008291603066027164, 0.023287056013941765, -0.011650584638118744, 0.03409789502620697, 0.011855228804051876, -0.015200097113847733, -0.01582108438014984, -0.011431827209889889, -0.011572961695492268, 0.002374574076384306, 0.001396341249346733, 0.026010936126112938, 0.04140862077474594, 0.004512749146670103, 0.007190760690718889, 0.022270893678069115, 0.0034471899271011353, 0.016075124964118004, -0.032234929502010345, -0.007176647428423166, -0.003962327726185322, 0.018700212240219116, 0.007247214205563068, -0.01582108438014984, 0.03680766373872757, 0.027888013049960136, 0.018996592611074448, 0.03429548442363739, -0.0055430252104997635, -0.00581470737233758, 0.026914192363619804, 0.004897338338196278, 0.011869342066347599, -0.010345098562538624, -0.015002509579062462, -0.024641940370202065, 0.01284316461533308, -0.01982928067445755, 0.01390872336924076, -0.00993581023067236, -0.04174733906984329, -0.034605976194143295, -0.006862625014036894, 0.016950154677033424, -0.021099483594298363, -0.00025293801445513964, -0.01735944114625454, -0.023145923390984535, -0.0359044075012207, 0.005461873020976782, 0.008129299618303776, 0.018700212240219116, -0.0015286541311070323, -0.023809250444173813, -0.04217074066400528, -0.004188141785562038, -0.01167881116271019, -0.018290923908352852, -0.02596859633922577, 0.004329275339841843, -0.019335312768816948, -0.025262927636504173, 0.007102552335709333, 0.03680766373872757, 0.005941727664321661, 0.03457774966955185, 0.014621448703110218, 0.017401782795786858, -0.020450269803404808, -0.02708355151116848, -0.03333577513694763, 0.005825292319059372, -0.008016392588615417, -0.003556568641215563, -0.00798110943287611, 0.0046185995452106, -0.005825292319059372, -0.01726064831018448, 0.02461371198296547, -0.033194638788700104, 0.0006518611335195601, -0.0006320142420008779, 0.01289256103336811, 0.009717053733766079, -0.0004886753740720451, -0.018121562898159027, 0.030315512791275978, -0.016766680404543877, -0.00719428900629282, 0.004770318046212196, -0.018686098977923393, -0.023131808266043663, -0.023781023919582367, -0.022623727098107338, -0.0012014004169031978, 0.005775895435363054, 0.0008057850645855069, -0.00940655916929245, -0.0019229463068768382, 0.004068178124725819, -0.02078898996114731, 0.010436834767460823, 0.01345003955066204, 0.04008196294307709, 0.008552700281143188, -0.0029144103173166513, 0.02612384222447872, -0.013894610106945038, -0.00064524554181844, -0.0003654038882814348, -0.0205067228525877, 0.02921467088162899, 0.002208742080256343, -0.00509139709174633, 0.0006500969757325947, -0.015200097113847733, -0.020492609590291977, -0.026010936126112938, 0.019335312768816948, 0.005726499017328024, 0.018897799775004387, -0.016907814890146255, 0.010112227872014046, -0.024543145671486855, 0.003254895331338048, 0.003018496558070183, 0.008235150016844273, -0.0013425340875983238, 0.00892670452594757, 0.02409151755273342, -0.03607376664876938, -0.006756774615496397, -0.017909863963723183, -0.003641248680651188, -0.025361720472574234, -0.010690875351428986, 0.030287286266684532, -0.012398593127727509, 0.0024857167154550552, 0.01783929578959942, 0.014176877215504646, -0.005486571695655584, -0.021706359460949898, -0.02331528253853321, -0.006029936019331217, -0.012433876283466816, 0.006199296563863754, 0.03804963827133179, 0.025841575115919113, 0.03133167698979378, -0.005094925407320261, 0.013640569522976875, -0.019984528422355652, 0.013795816339552402, 0.011714095249772072, 0.015694065019488335, 0.019801054149866104, 0.008108129724860191, -0.006379242055118084, 0.023541096597909927, 0.0007308077765628695, 0.006675622891634703, -0.017401782795786858, 0.011502394452691078, 0.07197817414999008, -0.026561357080936432, -0.0016592027386650443, -0.0022828371729701757, -0.03500115126371384, -0.01779695600271225, 0.043215129524469376, -0.00899727176874876, -0.01345003955066204, -0.03838836029171944, -0.021353524178266525, 0.021508771926164627, -0.012363309971988201, 0.013365359045565128, 0.000573355529922992, 0.009533579461276531, 0.002773276763036847, -0.007875259034335613, -0.012793767265975475, 0.02258138731122017, -0.03124699555337429, 0.0025015943683683872, -0.005317211151123047, -0.009942866861820221, -0.0037823824677616358, 0.0013998696813359857, 0.03144458308815956, -0.003817665856331587, 0.01228568609803915, -0.012031645514070988, 0.03003324568271637, -0.00557478005066514, -0.00906783901154995, 0.0002211829269072041, -0.03708992898464203, 0.013160714879631996, -0.01625859923660755, -0.03172684833407402, -0.016696114093065262, 0.00964648649096489, 0.030795367434620857, -0.005158435553312302, 0.009865243919193745, -0.022454367950558662, -0.00449863588437438, -0.013330075889825821, -0.003662418806925416, 0.054054196923971176, 0.020732536911964417, 0.013464152812957764, 0.031134087592363358, -0.009223085828125477, 0.005278399214148521, 0.009568863548338413, 0.010987256653606892, 0.005532439798116684, 0.02887594886124134, 0.02742227353155613, -0.020591402426362038, -0.035339873284101486, -0.021974513307213783, -0.02172047272324562, 0.00333075481466949, -0.013167771510779858, 0.019165953621268272, 0.015877537429332733, -0.008940817788243294, 0.0024204424116760492, 0.02331528253853321, -0.033194638788700104, 0.002141703385859728, -0.007839975878596306, 0.00855975691229105, -0.003526577726006508, -0.013266565278172493, -0.04502164199948311, 0.028706589713692665, -0.01194696594029665, 0.03666652739048004, 0.015143643133342266, 0.020774876698851585, -0.051767829805612564, -0.013174828141927719, -0.004978490527719259, 0.020097434520721436, 0.010338041931390762, 0.04414661228656769, -0.03429548442363739, -0.001317835645750165, 0.030654234811663628, 0.014776695519685745, 0.004223425406962633, -0.004604486282914877, -0.020196229219436646, 0.03390030935406685, -0.01078261248767376, 0.00551479822024703, -0.004029366187751293, 0.0026321429759263992, 0.01090257614850998, 0.009738223627209663, -0.016851359978318214, -0.00894787535071373, -0.013442981988191605, 0.00490792328491807, 0.04651765897870064, -0.005585364997386932, 0.012567953206598759, 0.012208063155412674, -0.009448899887502193, 0.005116095766425133, 0.010246304795145988, -0.020916011184453964, 0.03336400166153908, -0.004456295631825924, -0.0015154228312894702, -0.010846123099327087, 0.006523903924971819, 0.03130345046520233, 0.00892670452594757, 9.702939860289916e-05, 0.02752106636762619, 0.020817216485738754, -0.0012516792630776763, 0.008206923492252827, 0.00960414670407772, -0.00315080932341516, -0.02471250668168068, 0.009554749354720116, 0.0025121793150901794, -0.01905304566025734, 0.016907814890146255, -0.017712276428937912, -0.011297750286757946, -0.025305267423391342, -0.009131348691880703, 0.015510590746998787, -0.024684280157089233, -0.024020951241254807, 0.011834058910608292, 0.007607105188071728, 0.03124699555337429, -0.017246535047888756, -0.022863654419779778, 0.018220357596874237, -0.018686098977923393, 0.037852052599191666, 0.004346917383372784, 0.013936949893832207, 0.009392445906996727, -0.007388347759842873, 0.012370366603136063, -0.007712955120950937, -0.03838836029171944, 0.0030555441044270992, 0.003588323714211583, 0.017726389691233635, -0.005059642251580954, -0.01179877482354641, -0.03285592049360275, -0.005260757636278868, -0.016357392072677612, 0.0011634706752374768, 0.010140454396605492, -0.010140454396605492, 0.012906674295663834, 0.05334853008389473, -0.0017562321154400706, -0.010048717260360718, -0.022468481212854385, -0.024740733206272125, -0.031134087592363358, -0.011206014081835747, -0.02636376954615116, -0.010556798428297043, -0.02403506450355053, 0.059276141226291656, 0.005550081841647625, -0.02321648970246315, -0.03167039528489113, 0.0062275235541164875, -0.03471888229250908, -0.022595500573515892, -0.007451857905834913, 0.0012746135471388698, 0.026236750185489655, 0.021678132936358452, -0.005306626204401255, 0.04445710778236389, 0.0008198984432965517, 0.02568632923066616, -0.019913962110877037, 0.014564994722604752, -0.00779763562604785, 0.0017482934053987265, 0.003969384357333183, -0.004999660421162844, -0.012567953206598759, -0.023033015429973602, 0.01001343410462141, -0.006862625014036894, 0.03734397143125534, 0.030654234811663628, 0.008566813543438911, -0.02162167802453041, -0.0050031887367367744, 0.002171694301068783, 0.00935716275125742, -0.007896428927779198, 0.007046098820865154, -0.021113596856594086, 0.00010899268818320706, -0.0034136706963181496, 0.00021666224347427487, 0.0008534176740795374, -0.0035054075997322798, 0.028748929500579834, -0.002404564991593361, 0.01610335148870945, -0.0025492270942777395, 0.0052642859518527985, -0.008404510095715523, -0.020436156541109085, 0.005077283829450607, 0.01920829340815544, 0.011904625222086906, 0.031021181493997574, -0.0022669597528874874, 0.02002686820924282, -0.015750518068671227, 0.009103122167289257, 0.008094016462564468, -0.0029814487788826227, 0.0184743981808424, 0.0029461653903126717, 0.017147742211818695, -0.027309365570545197, 0.017288874834775925, 0.0015127765946090221, -0.00015855485980864614, 0.018389718607068062, 0.00486205518245697, -0.037598010152578354, 0.0036518338602036238, -0.009265425615012646, -0.044711146503686905, -0.009074895642697811, 0.006728548090904951, -0.0017853409517556429, -0.018178017809987068, -0.008842024952173233, 0.00020618748385459185, -0.029271123930811882, 0.011904625222086906, 0.00947712641209364, -0.007180175743997097, -0.027450500056147575, 0.009928753599524498, 0.011064879596233368, -0.026773057878017426, 0.0031578659545630217, 0.18268342316150665, -2.494647924322635e-05, 0.011721151880919933, 0.04637652635574341, -0.0042587085627019405, -0.010768499225378036, 0.010465062223374844, -0.021014804020524025, -0.03545277938246727, 0.007324837613850832, 0.020831329748034477, -0.022539047524333, -0.005567723419517279, -0.0009799969848245382, 0.004756204783916473, -0.01179877482354641, -0.005387777928262949, -0.034126121550798416, -0.04106989875435829, -0.018290923908352852, 0.01378170307725668, 0.008891421370208263, 0.0028650136664509773, -0.02064785733819008, 0.029299350455403328, -0.01949056051671505, 0.013238338753581047, -0.006622697692364454, -0.0008154879906214774, 0.000616577744949609, -0.013598229736089706, -0.007091966923326254, 0.010126341134309769, 0.0014254500856623054, -0.028509002178907394, -0.008326887153089046, 0.011516507714986801, 0.01751468889415264, 0.004608014598488808, 0.03909402713179588, -0.005969954188913107, -0.03720283508300781, 0.03607376664876938, 0.0005940845585428178, -0.011812888085842133, -0.02678717114031315, -0.009921696968376637, 0.0016724340384826064, 0.00032703319448046386, 0.05797771364450455, -0.026335543021559715, -0.03130345046520233, 0.032432518899440765, 0.011608244851231575, -0.0032372537534683943, -0.009385389275848866, 0.039489202201366425, 0.006343958433717489, -0.006255750078707933, 0.03579150140285492, -0.0030820067040622234, 0.01939176768064499, -0.0010876114247366786, 0.04197315499186516, -0.023047128692269325, 0.0032690088264644146, -0.007487141527235508, -0.00779763562604785, 0.003736513899639249, -0.01122012734413147, -0.00904666818678379, -0.01775461621582508, -0.0019141254015266895, -0.011791718192398548, 0.016526753082871437, -0.01030275784432888, 0.033928535878658295, 0.0028209092561155558, 0.02181926555931568, 0.019518787041306496, -0.03144458308815956, -0.019278859719634056, -0.00891964789479971, 0.018262697383761406, -0.03076714091002941, -0.015694065019488335, 0.00779763562604785, 0.00798110943287611, -0.02485363930463791, -0.024006837978959084, -0.014303897507488728, 0.018841344863176346, -0.014550881460309029, -0.012384479865431786, -0.01934942603111267, -0.0032972353510558605, 0.006852040067315102, 0.010126341134309769, -0.023244716227054596, -0.025432288646697998, -0.02907353639602661, 0.06526020914316177, -0.0016777265118435025, 0.00887730810791254, -0.012871391139924526, -0.00660152779892087, 0.0007735889521427453, -0.007543595042079687, 0.019998641684651375, 0.002187571953982115, 0.004361030645668507, -0.04699751362204552, -0.006753246299922466, -0.032037343829870224, -0.004442182369530201, 0.004029366187751293, 0.008771457709372044, -0.014169820584356785, 0.008192810229957104, -0.003817665856331587, 0.009794676676392555, -0.04109812527894974, 0.009173688478767872, 0.0008860548259690404, 0.007600048556923866, -0.022045079618692398, -0.017613481730222702, 0.010218078270554543, 0.009314822033047676, -0.021466432139277458, 0.03720283508300781, -0.0362713560461998, 0.012829051353037357, -0.005356023088097572, -0.014416804537177086, 0.01281493715941906, -0.02006920799612999, -0.005140793975442648, -0.007487141527235508, 0.015891652554273605, 0.023033015429973602, -0.0028755986131727695, 0.020153889432549477, 0.006315731909126043, 0.012222176417708397, -0.015397683717310429, 0.008051675744354725, 0.010006377473473549, -0.017472349107265472, -0.009717053733766079, 0.0038070809096097946, -0.007691785227507353, 0.015538817271590233, -0.03181153163313866, 0.008623267523944378, -0.02941225841641426, 0.01949056051671505, -0.04586844518780708, 0.0028244375716894865, -0.007670615334063768, -0.014381521381437778, 0.029327576979994774, -0.0006853804225102067, -0.009470069780945778, -0.0223837997764349, -0.018827231600880623, -0.17952203750610352, 0.02670249156653881, 0.047562047839164734, -0.033053506165742874, -0.009230142459273338, 0.0015559988096356392, 0.023033015429973602, -0.03686411678791046, -0.018460284918546677, -0.027732767164707184, 0.020774876698851585, -0.022510820999741554, -0.03567859157919884, -0.002288129646331072, -0.021607564762234688, -0.0014192755334079266, -0.015171869657933712, 0.013774646446108818, 0.02766220085322857, 0.02921467088162899, 0.021367637440562248, -0.034803565591573715, -0.008771457709372044, -0.0021946285851299763, -0.008806740865111351, 0.006192239932715893, 0.004357502330094576, 0.00305907242000103, 0.009032554924488068, -0.0049749622121453285, 0.010528571903705597, 0.004152858164161444, 0.03652539476752281, -0.015129529871046543, 0.005183134227991104, 0.021875718608498573, 0.0002721233759075403, -0.0016239193500950933, 0.011354204267263412, 0.003149045165628195, 0.0245713721960783, 0.00779763562604785, -0.0026938889641314745, 0.025220587849617004, 0.0007197817321866751, 0.021593451499938965, 0.017669936642050743, -0.002662133891135454, 0.005246644373983145, -0.008058732375502586, 0.008898478001356125, -0.0376262366771698, 0.01146005466580391, -0.00011555319360923022, 0.016794906929135323, 1.3603411389340181e-05, 0.02114182524383068, 0.018347376957535744, -0.03186798468232155, -0.023343509063124657, 0.008108129724860191, -0.035142283886671066, 0.008475077338516712, -0.010754385963082314, -0.0328841470181942, 0.014762582257390022, -0.004572730977088213, 0.00030454000807367265, -0.02534760721027851, 0.013499435968697071, -0.017980430275201797, 0.013146601617336273, 0.009731166996061802, -0.009244255721569061, -0.004819714929908514, 0.01102959644049406, -0.015623497776687145, 0.012158665806055069, 0.012335083447396755, 0.02452903240919113, -0.04375143721699715, 0.014049856923520565, -0.01939176768064499, 0.02873481623828411, 0.025262927636504173, 0.016766680404543877, 0.00443865405395627, -0.00169272196944803, 0.0006399530102498829, 0.00928659550845623, 0.021170051768422127, -0.021579338237643242, 0.009244255721569061, 0.013845213688910007, 0.031134087592363358, 0.008524473756551743, -0.0011934615904465318, 0.01853085123002529, 0.015637611970305443, 0.006181654985994101, 0.0020058623049408197, -0.007811748888343573, -0.020450269803404808, -0.00846802070736885, 0.01735944114625454, 0.039771467447280884, 0.014000460505485535, -0.005578308366239071, 0.03466242924332619, 0.01596221886575222, -0.0369487963616848, 0.020817216485738754, -0.011664697900414467, 0.03342045471072197, 0.017387669533491135, 0.02712589129805565, 0.005825292319059372, 0.004036423284560442, 0.015369457192718983, -0.01582108438014984, 0.028015034273266792, -0.03161394223570824, 0.012426819652318954, 0.006816756445914507, 0.0016336222179234028, -0.003987026400864124, -0.09918874502182007, -0.010479175485670567, 0.005917029455304146, 0.00605816300958395, -0.018149791285395622, -0.010267474688589573, -0.017825182527303696, 0.028170282021164894, -0.030738914385437965, 0.04513454809784889, -0.033392228186130524, -0.015313003212213516, 0.020774876698851585, 0.025432288646697998, -0.03686411678791046, -0.0037753258366137743, -0.024740733206272125, 0.0025068868417292833, -0.004152858164161444, 0.03641248866915703, 0.01284316461533308, 0.0034701242111623287, 0.007748238742351532, 0.011474167928099632, 0.010140454396605492, 0.018389718607068062, -0.017302988097071648, 0.019024819135665894, 0.023004788905382156, -0.014861376024782658, 0.015482364222407341, -0.008037562482059002, 0.01204575877636671, -0.018897799775004387, -0.012906674295663834, -0.010563855059444904, -0.01769816316664219, -0.01958935335278511, 0.04197315499186516, -0.0002004539273912087, -0.018968366086483, 0.005458344705402851, -0.005267814267426729, 0.010817895643413067, 0.013972233980894089, -0.013308905065059662, -0.005705328658223152, -0.004600957967340946, 0.02114182524383068, -0.03429548442363739, -0.021847492083907127, 6.219391707418254e-06, -0.01235625334084034, -0.0007034631562419236, 0.014889602549374104, 0.04197315499186516, 0.0017103636637330055, 0.00671090604737401, 0.006933191791176796, 0.01901070587337017, -0.03570681810379028, -7.822995394235477e-05, -0.0023075356148183346, 0.03172684833407402, 0.031077634543180466, 0.0349164716899395, -0.008969045244157314, -0.028424322605133057, 0.0038211941719055176, 0.0023728099185973406, -0.026137955486774445, 0.007868202403187752, -0.0318397581577301, 0.027648087590932846, -0.027111778035759926, 0.008552700281143188, -0.013428868725895882, -0.013245395384728909, 0.027549292892217636, -0.012624407187104225, 0.025418175384402275, 0.002806795993819833, -0.031134087592363358, -0.033307548612356186, 0.004251651931554079, 0.003778854152187705, 0.0030961199663579464, 0.0013451803242787719, 0.001811803551390767, -0.056368790566921234, 0.011311863549053669, -0.001056738430634141, 0.005475986748933792, -0.02558753453195095, -0.00725427083671093, -0.006114616524428129, -0.004516277462244034, -0.00640746857970953, 0.007261327467858791, -0.008418623358011246, -0.02510767988860607, -0.011855228804051876, -0.046066030859947205, 0.031557489186525345, -0.009949924424290657, -0.030964728444814682, 0.0006549484678544104, -0.0030978841241449118, 0.0022457896266132593, -0.023964498192071915, 0.010676762089133263, 0.009032554924488068, -0.0059628975577652454, 0.008531530387699604, -0.022087419405579567, -0.02572866901755333, -0.004770318046212196, -0.03655362129211426, -0.005239587742835283, 0.011057822965085506, 0.027746880427002907, 0.004745619837194681, 0.005705328658223152, 0.0023481114767491817, -0.022214440628886223, -0.0013707608450204134, -0.028071487322449684, 0.008143412880599499, -0.001477493206039071, 0.017246535047888756, -0.02761985920369625, -0.03689234331250191, 0.010959030129015446, -0.030005019158124924, -0.0025739253032952547, 0.013139544986188412, 0.02500888705253601, -0.009985207580029964, 0.017712276428937912, 0.024147972464561462, 0.011975192464888096, 0.013626456260681152, -0.014621448703110218, -0.022609613835811615, -0.014946055598556995, 0.0034171990118920803, -0.022087419405579567, -0.004615071229636669, -0.021466432139277458, 0.006022879388183355, -0.008954931981861591, 0.01228568609803915, 0.008644437417387962, 0.006975532043725252, -0.005941727664321661, -0.01606101170182228, -0.005532439798116684, -0.013231282122433186, 0.014494428411126137, 0.027140004560351372, -0.00846802070736885, 0.015849310904741287, 0.028607795014977455, -0.007063740398734808, -0.005860575940459967, -0.002496301895007491, -0.0006095210555940866, -0.014254501089453697, -0.023724570870399475, -0.026053275913000107, 0.03483179211616516, -0.011163673363626003, -0.013330075889825821, -0.03206557035446167, 0.0279585812240839, 0.011932851746678352, 0.020238569006323814, -0.0023481114767491817, -0.007084910292178392, -0.012673803605139256, -0.009667656384408474, -0.0027715126052498817, 0.03449307009577751, -0.017486462369561195, -0.01997041516005993, 0.0006831751670688391, 0.026490790769457817, 0.0030555441044270992, 0.008249263279139996, 0.0383036807179451, -0.006629754323512316, -0.007218987215310335, -0.006036993116140366, 0.010436834767460823, -0.003336047288030386, 0.012610293924808502, 0.012829051353037357, 0.009258368983864784, -0.0032231402583420277, -0.018799005076289177, -6.560510519193485e-05, 0.012292742729187012, 0.006283976603299379, 0.018700212240219116, -0.0026021520607173443, -0.00437514390796423, -0.024797186255455017, 0.012455047108232975, -0.02417619898915291, -0.017063060775399208, -0.011001369915902615, -0.0024274992756545544, 0.012208063155412674, 0.0020993633661419153, -0.03178330510854721, 0.0010876114247366786, 0.0036447772290557623, -0.00798110943287611, -0.01045094896107912, 0.0017932797782123089, -0.03279946744441986, 0.019377652555704117, -0.0020817217882722616, 0.000747126410715282, 0.03299705311655998, -0.01853085123002529, 0.02736581861972809, 0.010211021639406681, 0.0028367869090288877, -0.03613021969795227, 0.022539047524333, -0.005112567450851202, 0.018050996586680412, 0.001413100864738226, -0.0008556228713132441, -0.017923977226018906, -0.013308905065059662, -0.0311905425041914, 0.01134009100496769, 0.013266565278172493, -0.0048126582987606525, 0.08298660069704056, -0.012201006524264812, -0.008016392588615417, -0.008065789006650448, -0.006806171499192715, -0.0048267715610563755, 0.005306626204401255, 0.013746419921517372, -0.01580697111785412, -0.032771240919828415, 0.00437514390796423, -0.008143412880599499, 0.0011714095016941428, -0.022073306143283844, -0.002032324904575944, -0.002113476861268282, -0.013972233980894089, 0.03994083032011986, -0.01308309193700552, -0.018982479348778725, 0.020563175901770592, 0.02011154778301716, 0.018756665289402008, 0.008976101875305176, -0.0037153440061956644, 0.020393816754221916, -0.010295701213181019, -0.023385848850011826, -0.01194696594029665, -0.03652539476752281, 0.007261327467858791, -0.023385848850011826, -0.047759633511304855, -0.009900527074933052, -0.013414755463600159, -0.014480315148830414, 0.009505352936685085, 0.023526983335614204, 0.02606738917529583, 0.017867522314190865, 0.0019300029380246997, 0.02098657749593258, -0.01741589605808258, -0.022764861583709717, 9.289462468586862e-05, -0.011890511959791183, 0.005408947821706533, -0.022228553891181946, -0.03621489927172661]","[-0.029462622478604317, 0.007421828340739012, 0.024308770895004272, -0.01270207017660141, -0.02814256213605404, 0.026710156351327896, 0.010483245365321636, -0.030557991936802864, -0.024266641587018967, -0.0152228232473135, 0.014576836489140987, 0.004177850671112537, 0.016655229032039642, -0.004778197035193443, 0.011403074488043785, 0.017947202548384666, 0.0038408138789236546, 0.005076615139842033, 0.01098879985511303, -0.005473335273563862, -0.04566847160458565, 0.007295439951121807, -0.021443959325551987, -0.0035388851538300514, -0.024266641587018967, -0.005125766154378653, 0.02317127212882042, -0.0052767302840948105, 0.002520753536373377, 0.013488488271832466, 0.033310458064079285, 0.01863531954586506, -0.0006394042284227908, -0.0036371874157339334, -0.011606700718402863, 0.0008676061406731606, -0.004858945496380329, -0.001797528937458992, 0.0393490307033062, 0.0069197844713926315, 0.031147805973887444, -0.01117838267236948, 0.003984756767749786, -0.0031035460997372866, -0.0012761753750965, 0.011964801698923111, 0.01470322534441948, -0.019477911293506622, -0.005462802946567535, -0.006937338504940271, 0.023508308455348015, 0.02539009600877762, -0.0653289407491684, 0.02228655107319355, -0.006133365444839001, -0.004535952117294073, 0.028395339846611023, 0.01737143285572529, 0.006063149310648441, -0.008847212418913841, 0.015124521218240261, 0.022862320765852928, -0.008404851891100407, 0.009128076955676079, -0.011866499669849873, -0.024322813376784325, -0.01544751413166523, -0.017357388511300087, 0.0057226018980145454, -0.025235621258616447, 0.02398577705025673, 0.0211771372705698, -0.004820326808840036, -0.011669894680380821, 0.013095279224216938, -0.03586632013320923, -0.023789172992110252, -0.011016886681318283, 0.00022886019723955542, -0.0013402474578469992, 0.0016246221493929625, -0.005424184259027243, -0.014029151760041714, 0.02621864527463913, -0.0057893069460988045, 0.03162527456879616, 0.0012498443247750401, 0.03794471174478531, 0.014099367894232273, 0.002117011696100235, -0.00031421647872775793, 0.01095369178801775, 0.020390719175338745, -0.0027559769805520773, -0.006702114827930927, 0.044460754841566086, -0.020910317078232765, 0.018537016585469246, -0.027538705617189407, -0.0017360899364575744, -0.03120397962629795, 0.014141497202217579, -0.01946386881172657, -0.01099582202732563, -0.029996264725923538, 0.01295484695583582, -0.006358056329190731, -0.025291794911026955, -0.0017501331167295575, 0.0030947690829634666, -0.013418273068964481, -0.004058483522385359, 0.027299970388412476, -0.0070707486011087894, 0.0018150829710066319, -0.01768038235604763, 0.007204159162938595, -0.03794471174478531, -0.012358011677861214, -0.01588285341858864, 0.023044882342219353, -0.014885786920785904, 0.02429472655057907, -0.026934847235679626, 0.022469112649559975, 0.0024206957314163446, -0.027299970388412476, -0.025572657585144043, -0.016950136050581932, -0.030445646494627, 0.051061056554317474, 0.033984530717134476, -0.0026366098318248987, 0.0219073835760355, 0.006579236593097448, -0.021135007962584496, -0.023311704397201538, 0.005115233827382326, 0.00045508728362619877, -0.03030521422624588, 0.008159096352756023, 0.01463300921022892, -0.020222200080752373, 0.005150341894477606, -0.011978845112025738, 0.02199164405465126, 0.020166028290987015, 0.004318282473832369, 0.008819126524031162, -0.011971823871135712, 0.010265575721859932, 0.015335168689489365, -0.01650075428187847, 0.03030521422624588, 0.029434535652399063, -0.0011418872745707631, 0.024421116337180138, -0.015208779834210873, -0.0025225088465958834, -0.009184249676764011, 0.006263264920562506, -0.006972446106374264, 0.008608478121459484, 0.016528841108083725, -0.0031474309507757425, 0.02197759971022606, 0.010497287847101688, -0.028788549825549126, -0.004623721819370985, -0.031007373705506325, 0.010813260450959206, 0.011424139142036438, -0.02355043776333332, 0.012989955022931099, -0.013418273068964481, -0.01603732816874981, 0.00977406371384859, 0.022904450073838234, -0.0297154001891613, -0.0163322351872921, 0.01902852952480316, 0.01849488727748394, 0.011719046160578728, 0.059767838567495346, -0.016219889745116234, -0.023971734568476677, 0.0023259040899574757, -0.004420095589011908, -0.0028068835381418467, 0.016964178532361984, 0.002641875995323062, 0.0024909116327762604, -0.0038267706986516714, 0.0035301081370562315, -0.5635253190994263, -0.005750688258558512, 0.00651604263111949, -0.03766384720802307, 0.02578330598771572, -0.0010348078794777393, 0.014478533528745174, 0.014029151760041714, -0.030866943299770355, 0.03103546053171158, -0.005950803868472576, -0.015910940244793892, -0.007822059094905853, -0.011536484584212303, 0.0021240331698209047, -0.01842467114329338, 0.011634786613285542, -0.023297660052776337, -0.014689181931316853, 0.008383787237107754, -0.019253220409154892, 0.00038991807377897203, -0.008271441794931889, 0.015700291842222214, -0.0072673531249165535, 0.0008807716076262295, -0.00672317948192358, -0.02852172963321209, -0.0023803215008229017, 0.02294658124446869, -0.03870304673910141, 0.02407003566622734, -0.010686871595680714, 0.0026488977018743753, 0.04971291124820709, -0.0016342768212780356, -0.0282268226146698, -0.011712024919688702, 0.006954892072826624, 0.02985583245754242, -0.012547594495117664, -0.00587005540728569, 0.034153051674366, -0.014134475961327553, 0.0024680914357304573, 0.002817415865138173, 0.023943647742271423, -0.02206185832619667, 0.009626610204577446, -0.029799658805131912, 0.0015930249355733395, -0.014647052623331547, -0.008545284159481525, -0.027833612635731697, 0.012287795543670654, -0.014394274912774563, 0.02503901720046997, -0.009324681013822556, 0.019253220409154892, -0.019702602177858353, 0.015321125276386738, -0.009830236434936523, -0.01596711203455925, 0.012744199484586716, -0.05732432007789612, 0.01731525920331478, 0.02457559108734131, -4.8246052756439894e-05, 0.010679849423468113, 0.0033510574139654636, 0.007386720739305019, 0.006561683025211096, -0.004729046020656824, -0.0024522929452359676, 0.01916896179318428, 0.02569904737174511, 0.007449914701282978, -0.020489022135734558, -0.0010119876824319363, -0.0032123809214681387, 0.02057328075170517, -0.0032825968228280544, -0.034799035638570786, -0.005041507072746754, 0.02204781584441662, -0.008552305400371552, -0.021514175459742546, 0.008383787237107754, 0.0326644703745842, 0.02175290882587433, 0.011269663460552692, 0.04024779796600342, -0.0063018836081027985, -0.02496880106627941, 0.005490889307111502, -0.006670517381280661, -0.009001688100397587, 0.009099990129470825, 0.052184510976076126, -0.06061042845249176, -0.01619180291891098, -0.010181316174566746, -0.016753531992435455, 0.009795128367841244, 0.012210558168590069, 0.00475362129509449, -0.006824992597103119, -0.011066037230193615, 0.0056594074703752995, -0.045780815184116364, -0.012308860197663307, 0.007934405468404293, -0.023508308455348015, -0.012484400533139706, -0.004936182871460915, -0.03766384720802307, 0.004606167785823345, -0.010967735201120377, -0.0219073835760355, -0.01433810219168663, 0.023873431608080864, 0.019772818312048912, 0.018185937777161598, -0.028844721615314484, 0.011150296777486801, -0.006891698110848665, 0.019857076928019524, -0.004746600054204464, 0.04625828564167023, 0.013930849730968475, -0.009380853734910488, -0.0049958666786551476, 0.0285919439047575, 0.0006670517614111304, 0.020109854638576508, -0.03241169452667236, -0.011087102815508842, 0.001434161327779293, 0.017216956242918968, -0.015363255515694618, 0.007864189334213734, -0.013502531684935093, 0.028928982093930244, -0.029743487015366554, 0.01262483187019825, -0.02197759971022606, -0.04701661691069603, -0.004258598666638136, -0.027974044904112816, 0.0022662205155938864, -0.028872808441519737, 0.004946715198457241, -0.014345123432576656, 0.014759398065507412, -0.014675138518214226, -0.01122051291167736, -0.0219073835760355, -0.025670960545539856, -0.03693360090255737, -0.03283299133181572, -0.018817881122231483, 0.023115098476409912, -0.010651763528585434, -0.01433108001947403, -0.011143275536596775, -0.021738866344094276, 0.005195982288569212, -0.010413029231131077, -0.00846102461218834, -0.010370898991823196, 0.012751220725476742, -0.004869477823376656, 0.00012090313248336315, -0.014759398065507412, -0.016514796763658524, 0.023901518434286118, -0.04872988536953926, 0.01789103075861931, -0.021598434075713158, -0.007442893460392952, 0.02020815759897232, 0.01998346671462059, 0.008980623446404934, -0.012568659149110317, 0.027889784425497055, 0.008903385140001774, 0.03215891495347023, -0.004023375455290079, -0.007309482898563147, 0.061172157526016235, 0.020769884809851646, 0.03210274502635002, -0.009479156695306301, -0.003495000069960952, -0.010293661616742611, 0.01433810219168663, 0.018972355872392654, 0.018663406372070312, 0.022553371265530586, 0.002431228058412671, 0.04774686321616173, -0.010370898991823196, 0.018228067085146904, -0.012540573254227638, 0.003191316034644842, -0.040219709277153015, -0.017568036913871765, -0.00813100952655077, 0.018157850950956345, 0.014141497202217579, 0.03052990511059761, -0.03842218220233917, -0.00069908780278638, 0.023789172992110252, 0.008678694255650043, 0.043786682188510895, -0.020292416214942932, -0.0046728732995688915, -0.023115098476409912, -0.01789103075861931, 0.0024242065846920013, 0.01043409388512373, 0.029209844768047333, 0.0024013863876461983, -0.013200603425502777, 0.008004620671272278, 0.012456313706934452, 0.017357388511300087, 0.009184249676764011, -0.005992933642119169, 0.014015108346939087, 0.0034440935123711824, 0.023564480245113373, 0.005564616061747074, -0.001806305954232812, -0.00038157994276843965, 0.01657097041606903, -0.01072900090366602, 0.013614877127110958, -0.033535148948431015, -0.011346901766955853, 0.03184996545314789, 0.005761220585554838, -0.03698977455496788, 0.024182381108403206, 0.002777041867375374, 0.012681004591286182, 0.02703315019607544, 0.00588760944083333, 0.03735489770770073, -0.0003157524624839425, -0.018171893432736397, -0.02895706705749035, 0.008025686256587505, 0.023381918668746948, -0.015363255515694618, 0.00872082356363535, 0.019590256735682487, 0.01827019639313221, -0.0030877473764121532, 0.022637629881501198, -0.02539009600877762, 0.006902230437844992, -0.006800417322665453, 0.012308860197663307, 0.018888097256422043, 0.013376142829656601, -0.02680845931172371, -0.0031790281645953655, -0.008805083110928535, 0.014162561856210232, -0.05100488290190697, -0.019070658832788467, -0.030024351552128792, 0.011339879594743252, -0.009865344502031803, 0.009050838649272919, 0.037691935896873474, 0.017216956242918968, 0.01440831832587719, -0.012042040005326271, -0.020812014117836952, -0.004535952117294073, -0.005143320187926292, 0.0031579635106027126, -0.00531183835119009, -0.002115256153047085, 0.013551683165133, 0.01177521888166666, 0.012856544926762581, 0.017245043069124222, 0.0024593144189566374, -0.012814415618777275, -0.012989955022931099, -0.01374126598238945, 0.04350581765174866, 0.033310458064079285, 0.015124521218240261, -0.01648670993745327, 0.010370898991823196, -0.009591502137482166, 0.002889387309551239, -0.010342813096940517, -0.011683938093483448, 0.03842218220233917, 0.013867654837667942, 0.007344590965658426, -0.028690246865153313, -0.011929693631827831, 0.01737143285572529, 0.007046172861009836, -0.023901518434286118, 0.0019836013671010733, 0.01396595686674118, 0.010019819252192974, -0.012407162226736546, -0.008074836805462837, 0.005037995986640453, 0.03165335953235626, -0.021219266578555107, 0.014956002123653889, -0.006803927943110466, -0.01605137251317501, 0.03645613417029381, 0.017511863261461258, 0.024027906358242035, -0.010349834337830544, -0.025516485795378685, -0.014310015365481377, 0.01693609356880188, -0.02801617421209812, -0.02242698147892952, -0.0018273707246407866, -0.018312325701117516, -0.028240865096449852, -0.017343346029520035, 0.01265993993729353, -0.005234600976109505, 0.01982899196445942, 0.022384852170944214, -0.009029773995280266, -0.03156910091638565, -0.026232687756419182, -0.004086569882929325, 0.01429597195237875, -0.008636564947664738, 0.032580211758613586, 0.0483085922896862, -0.01263185404241085, -0.0024821346160024405, 0.017624208703637123, 0.00196780264377594, 0.020812014117836952, -0.0393490307033062, -0.01456279307603836, 0.003266798099502921, 0.014352145604789257, -0.002387343207374215, -0.007449914701282978, 0.0334508903324604, 0.029912004247307777, 0.014155540615320206, 0.018256153911352158, -0.020769884809851646, -0.008004620671272278, 0.03381601348519325, 0.0004136159841436893, -0.0054031191393733025, -0.013797438703477383, -0.010160251520574093, -0.02578330598771572, 0.010188338346779346, -0.013930849730968475, 0.013628920540213585, -0.010272596962749958, -0.04106230288743973, -0.013972979038953781, -0.004100612830370665, 0.02621864527463913, -0.009121054783463478, 0.005104701500386, -0.008152074180543423, -0.03103546053171158, -0.06695795059204102, 0.00879806187003851, 0.018663406372070312, 0.015321125276386738, -0.006568704266101122, -0.018593190237879753, -0.05342031270265579, -0.007583325263112783, -0.002148608909919858, -0.0319623127579689, -0.024491332471370697, -0.017469733953475952, -0.004967780318111181, -0.02050306461751461, 0.006884676404297352, 0.041399337351322174, 0.010237488895654678, 0.029237931594252586, 0.018986400216817856, 0.006870632991194725, 0.002596235601231456, -0.029799658805131912, -0.024561548605561256, 0.011304771527647972, -0.00252601969987154, -0.0036652737762778997, -0.012568659149110317, 0.014941959641873837, -0.01291973888874054, -0.021486088633537292, 0.031316325068473816, -0.03906816989183426, -0.009338724426925182, 0.004911607597023249, 0.004981823265552521, -0.0040339077822864056, -0.006221135146915913, -0.01790507324039936, 0.025713089853525162, -0.009275530464947224, -0.0207979716360569, -0.004177850671112537, -0.0015061326557770371, -0.0141063891351223, -0.02332574687898159, -0.01975877583026886, -0.02043284848332405, -0.006122833117842674, -0.0026857610791921616, -0.015798594802618027, -0.008236333727836609, 0.0031211001332849264, -0.021275440230965614, 0.0044797793962061405, 0.02214611880481243, 0.02613438479602337, 0.018101677298545837, 0.0020573281217366457, 0.027229754254221916, -0.029097499325871468, -0.009338724426925182, -0.009099990129470825, -0.006203581113368273, 0.029546882957220078, 0.012358011677861214, -0.008812104351818562, -0.005287263076752424, -0.02272188849747181, -0.025867564603686333, -0.02093840390443802, 0.0263731200248003, 0.016290105879306793, 0.020783929154276848, -0.021809082478284836, 0.01066580694168806, -0.03173762187361717, 0.02800212986767292, 0.005522486288100481, 0.012189493514597416, -0.008418895304203033, 0.013179538771510124, 0.020980533212423325, -0.02362065389752388, 0.003252754919230938, -0.008791039697825909, -0.013734244741499424, -0.024098122492432594, -0.016879919916391373, 0.025123275816440582, -0.015461557544767857, 0.006652963347733021, 0.018031463027000427, 0.007492044474929571, -0.00365825230255723, -0.031316325068473816, -0.02168269269168377, -0.016149673610925674, -0.004051461815834045, 0.0006354545475915074, 0.03241169452667236, 0.008159096352756023, 0.01871957816183567, -0.01214034203439951, 0.020489022135734558, -0.0163462795317173, 0.007274374831467867, 0.01775059849023819, 0.010525374673306942, 0.021823124960064888, -0.0012542328331619501, -0.004444671329110861, 0.023143185302615166, -0.006207092199474573, 0.008784018456935883, -0.018017418682575226, 0.01088347565382719, 0.06903634965419769, -0.018733622506260872, 0.008685716427862644, 0.002764753997325897, -0.046679578721523285, -0.024687936529517174, 0.03581014648079872, -0.0042901961132884026, -0.007737800478935242, -0.016739487648010254, -0.018228067085146904, 0.01937960833311081, 0.0035915470216423273, 0.021640563383698463, -0.014317037537693977, 0.020812014117836952, 0.004272642079740763, 0.0011129231425002217, -0.02308701165020466, 0.035978663712739944, -0.0348832942545414, -0.0014148518675938249, -0.009479156695306301, -0.014253842644393444, -0.0012191248824819922, 0.005557594355195761, 0.026850588619709015, -0.0033580788876861334, 0.006266775541007519, -0.007793973200023174, 0.010609633289277554, -0.019814947620034218, 0.0005033607594668865, -0.0003743389097508043, -0.03052990511059761, 0.020545193925499916, 0.0002644070191308856, -0.027538705617189407, -0.02428068406879902, 0.024912627413868904, 0.025067102164030075, -0.013916806317865849, 8.184549369616434e-05, -0.02554457075893879, -0.006094746757298708, -0.004321793094277382, -0.016992265358567238, 0.047634515911340714, 0.029013240709900856, 0.017652295529842377, 0.0047606430016458035, -0.011894586496055126, 0.002857790095731616, -0.004219979979097843, 0.0052767302840948105, 0.013755309395492077, 0.029968177899718285, 0.03507990017533302, -0.018214024603366852, -0.026471422985196114, -0.01982899196445942, -0.019267262890934944, -0.002131054876372218, -0.020629452541470528, 0.003128121607005596, 0.0060455952771008015, -0.009465113282203674, 0.001307772472500801, 0.018214024603366852, -0.025572657585144043, 0.0005204759072512388, 0.010209403000772, 0.01436618808656931, -0.007597368210554123, -0.0020415293984115124, -0.046679578721523285, 0.016697358340024948, -0.034939467906951904, 0.040360141545534134, 0.0033510574139654636, 0.02310105599462986, -0.0393490307033062, -0.0049537369050085545, -0.003096524393185973, 0.014239799231290817, 0.0011427649296820164, 0.05488080531358719, -0.04926352947950363, 0.0025277750100940466, 0.008833169937133789, 0.008643586188554764, -0.009422983974218369, -0.010279618203639984, -0.0105885686352849, 0.029912004247307777, -3.6067969631403685e-05, 0.0034054748248308897, -0.004518398083746433, -0.004939693957567215, 0.0004664973821491003, 0.015166650526225567, -0.022314636036753654, -0.009008709341287613, -0.011262642219662666, 0.016514796763658524, 0.03586632013320923, 0.0057647316716611385, 0.03274872899055481, 0.0031878051813691854, -0.006754776928573847, 0.008109944872558117, -0.0009487933712080121, -0.017862943932414055, 0.04277557134628296, 0.004107634536921978, 0.002587458584457636, 0.002659430028870702, 0.003021042328327894, 0.024266641587018967, 0.014913872815668583, -0.0023487242870032787, 0.018214024603366852, 0.016472667455673218, -0.01155052799731493, 0.008994665928184986, 0.012414184398949146, -0.017497820779681206, -0.028184691444039345, 0.01871957816183567, 0.016247976571321487, -0.010356856510043144, 0.02147204428911209, -0.03432156890630722, -0.017273129895329475, -0.034518174827098846, -0.006628388073295355, 0.016304148361086845, -0.036343786865472794, -0.01184543501585722, 0.01916896179318428, -0.0066634961403906345, 0.021724821999669075, -0.002961358753964305, -0.01567220501601696, 0.018396586179733276, -0.031821880489587784, 0.023648740723729134, 0.02214611880481243, 0.015166650526225567, 0.020854145288467407, -0.023747041821479797, 0.014520663768053055, -0.006157941184937954, -0.039770327508449554, -0.006586258299648762, 0.011557549238204956, 0.02600799687206745, -0.011599678546190262, -0.015068348497152328, -0.018537016585469246, 0.0008504909928888083, -0.004170828964561224, -0.00013823769404552877, 0.015054305084049702, -0.005385565105825663, 0.01975877583026886, 0.03923668712377548, -0.02138778567314148, -0.021598434075713158, -0.021303527057170868, -0.02687867544591427, -0.021640563383698463, -0.012982933782041073, -0.029827745631337166, -0.010813260450959206, -0.020067725330591202, 0.0512295737862587, 0.004202425945550203, -0.0037600654177367687, -0.028563858941197395, 0.01303208526223898, -0.05333605408668518, -0.022707846015691757, -0.00761141162365675, 0.008833169937133789, 0.005996444262564182, 0.030951201915740967, -0.00816611759364605, 0.03305768221616745, -0.0007539440412074327, 0.023002753034234047, -0.024266641587018967, 0.022988710552453995, 0.009275530464947224, -0.018101677298545837, 0.008411874063313007, 0.007063726894557476, -0.02585352212190628, -0.014450447633862495, 0.021149052307009697, -0.005813882686197758, 0.02614842914044857, 0.025965867564082146, 0.000451576488558203, -0.029013240709900856, -0.0018133275443688035, -0.006056127604097128, 0.019941337406635284, 0.010532395914196968, 0.008650608360767365, -0.02318531461060047, 0.009310638532042503, -0.009626610204577446, 5.3155687055550516e-05, -0.006059638690203428, 0.0018888097256422043, 0.023311704397201538, 0.008601456880569458, 0.01125562097877264, -0.008566348813474178, 0.0004364361520856619, -0.007632476277649403, -0.015798594802618027, 0.0016184782143682241, 0.019337479025125504, 0.03454625979065895, 0.03603483736515045, -0.012042040005326271, 0.019997509196400642, -0.016950136050581932, 0.004799261689186096, -0.002745444653555751, -0.0075201308354735374, 0.021373743191361427, 0.015587946400046349, 0.01702035218477249, -0.026541639119386673, 0.007323526311665773, 0.0018027951009571552, -0.0163322351872921, 0.0378885380923748, 0.0017948958557099104, -0.032945334911346436, 0.005908674094825983, -0.012322903610765934, -0.05066784843802452, -0.010546439327299595, -0.00728139653801918, -0.00506608234718442, -0.015194736421108246, 0.016444580629467964, 0.005392586812376976, -0.03833792358636856, 0.01730121672153473, -0.0008386420668102801, -0.021303527057170868, -0.018733622506260872, -0.0020485511049628258, -0.0025049548130482435, -0.005810372065752745, 0.001100635388866067, 0.19424547255039215, 0.01199990976601839, 0.006575725972652435, 0.06409314274787903, -0.017553994432091713, -0.011206469498574734, 0.00282268226146698, -0.017469733953475952, -0.039320945739746094, 0.002764753997325897, 0.017933160066604614, -0.021584389731287956, 0.00564536452293396, 0.009984711185097694, -0.00028964088414795697, -0.02266571670770645, -0.00393560528755188, -0.046454887837171555, -0.03395644575357437, -0.01541942823678255, 0.01270207017660141, 0.007723757065832615, 0.009647674858570099, -0.019126830622553825, 0.019885163754224777, -0.005360989831387997, 0.01759612374007702, -0.010146208107471466, 0.00701808650046587, 0.009099990129470825, -0.0252496637403965, -0.0029806680977344513, -0.004107634536921978, 0.0023522351402789354, -0.02355043776333332, -0.012343968264758587, 0.007590346969664097, 0.015166650526225567, -0.0017624209867790341, 0.03423731029033661, -0.017202913761138916, -0.02428068406879902, 0.029069412499666214, 0.013951914384961128, -0.009408940561115742, -0.012982933782041073, -0.019477911293506622, 0.009956625290215015, 0.008882320486009121, 0.05409438535571098, -0.018480844795703888, -0.010160251520574093, 0.014745354652404785, 0.001500866492278874, 0.006846057716757059, 0.008973601274192333, 0.040753353387117386, -0.0008908651652745903, -0.00477468641474843, 0.03165335953235626, 0.004588613752275705, 0.013207624666392803, 0.00980214960873127, 0.031681448221206665, -0.006315927021205425, 0.01692204922437668, -0.006870632991194725, 0.0011138009140267968, 0.014576836489140987, -0.004700959660112858, 0.005080125760287046, -0.014281929470598698, 4.917860860587098e-05, 0.002891142852604389, 0.028577901422977448, -0.01177521888166666, 0.027454445138573647, 0.018382541835308075, 0.0006622244254685938, 0.015924982726573944, -0.02682250179350376, -0.007485022768378258, 0.003249244298785925, 0.011332858353853226, -0.02791787125170231, -0.0009110522805713117, 0.005950803868472576, -0.0006841669091954827, -0.02725784108042717, -0.01567220501601696, -0.026036083698272705, 0.00614740839228034, -0.008643586188554764, -0.008180161006748676, 0.0068776546977460384, -0.004848413169384003, 0.004065504763275385, 0.00478872936218977, -0.02607821300625801, -0.03743915632367134, -0.024378987029194832, 0.06207092106342316, 0.0075622606091201305, 0.009900452569127083, -0.009626610204577446, -0.008243354968726635, -0.004384987521916628, -0.010195359587669373, 0.016669271513819695, -0.004641275852918625, 0.0011515419464558363, -0.040669091045856476, -0.001990622840821743, -0.024856455624103546, -0.0011199448490515351, 0.011606700718402863, 0.007597368210554123, -0.009731934405863285, -0.00560674536973238, -0.003047373378649354, 0.022328680381178856, -0.03802897036075592, 0.007232245523482561, 0.007358633913099766, 0.002071371302008629, -0.03875921666622162, -0.021935470402240753, 0.01880383864045143, -0.0016026796074584126, -0.028872808441519737, 0.0334228053689003, -0.033900272101163864, 0.00705670565366745, -0.004637765232473612, -0.014134475961327553, 0.013460402376949787, -0.0026366098318248987, 0.0007469224510714412, -0.013565726578235626, 0.0014815570320934057, 0.03022095561027527, 0.018228067085146904, 0.014352145604789257, 0.00225568818859756, 0.010743044316768646, -0.02836725302040577, 0.008418895304203033, 0.007513109128922224, -0.02214611880481243, -0.021373743191361427, 0.009696826338768005, -0.017933160066604614, 0.013523596338927746, -0.023887474089860916, 0.009219357743859291, -0.033310458064079285, 0.019814947620034218, -0.046230196952819824, 0.010111100040376186, 0.002115256153047085, -0.02013794146478176, 0.011037951335310936, 0.011227534152567387, 0.00529428431764245, -0.013355078175663948, -0.032130829989910126, -0.1767195612192154, 0.0189442690461874, 0.047213222831487656, -0.018185937777161598, -0.015616032294929028, 0.011466268450021744, 0.026611853390932083, -0.03668082505464554, -0.020685626193881035, -0.03156910091638565, 0.011396052315831184, -0.031681448221206665, -0.04033205658197403, -0.013130387291312218, -0.025642873719334602, -0.0005340802599675953, -0.0028735888190567493, 0.015630075708031654, 0.03162527456879616, 0.03283299133181572, 0.009345746599137783, -0.047437913715839386, -0.0012015708489343524, -0.0022995732724666595, -0.009682782925665379, 0.00015579169848933816, 0.013172516599297523, 0.015405384823679924, 0.01341125089675188, -0.0018659895285964012, 0.003956669941544533, -0.0064282724633812904, 0.03325428441166878, -0.007857167162001133, 0.0034212733153253794, 0.01678161881864071, -0.006565193645656109, -0.007218202110379934, 0.014913872815668583, 0.006561683025211096, 0.02362065389752388, 0.01605137251317501, -0.005705047864466906, 0.027538705617189407, 0.004381476901471615, 0.041258905082941055, 0.017245043069124222, -0.008889342658221722, 0.018817881122231483, -0.01908470131456852, 0.007067237980663776, -0.04347773268818855, 0.012428227812051773, -0.007183094043284655, 0.01485770009458065, -0.004304239060729742, 0.03052990511059761, 0.011101145297288895, -0.025053059682250023, -0.028760462999343872, 0.011087102815508842, -0.026864631101489067, 0.009275530464947224, -0.0014227512292563915, -0.017694424837827682, 0.009008709341287613, -0.00954937282949686, -0.0014078302774578333, -0.031147805973887444, 0.0034054748248308897, -0.01827019639313221, 0.014661095105111599, 0.010244511067867279, -0.00954937282949686, 0.0055962130427360535, 0.010279618203639984, -0.01944982446730137, 0.0036020795814692974, 0.012203535996377468, 0.018003376200795174, -0.03536076471209526, 0.010504310019314289, -0.024027906358242035, 0.020966490730643272, 0.03173762187361717, 0.008032707497477531, 0.00842591654509306, -9.215846512233838e-05, 0.009135098196566105, -0.008180161006748676, 0.014120432548224926, -0.027819568291306496, 0.002345213433727622, 0.0013068948173895478, 0.02161247655749321, 0.014380231499671936, -0.0014736577868461609, 0.00813100952655077, 0.008159096352756023, -0.005712069571018219, 0.00044038580381311476, -0.03137249872088432, -0.013334013521671295, -0.015644118189811707, 0.016009241342544556, 0.02613438479602337, 0.019140874966979027, -0.004830859135836363, 0.04580890014767647, 0.015995198860764503, -0.04033205658197403, 0.013558704406023026, 0.004971290938556194, 0.03684934228658676, 0.005617278162389994, 0.021106921136379242, -0.012020974420011044, -0.00843293871730566, 0.016360322013497353, -0.01893022656440735, 0.03347897529602051, -0.02480028197169304, 0.008699758909642696, 0.018382541835308075, 0.005160874221473932, -0.011353923007845879, -0.0943702682852745, -0.006372099742293358, 0.012175450101494789, 0.01702035218477249, -0.04926352947950363, -0.006768819876015186, -0.03277681767940521, 0.04100612923502922, -0.02324148826301098, 0.04403945803642273, -0.029827745631337166, -0.029153672978281975, 0.016430538147687912, 0.017989331856369972, -0.035473112016916275, -0.004272642079740763, -0.017694424837827682, -0.008545284159481525, 0.007513109128922224, 0.04724130779504776, 0.012561637908220291, 0.0015930249355733395, 0.009563415311276913, 0.0054452489130198956, 0.006926805712282658, 0.000646864646114409, -0.002362767467275262, 0.014647052623331547, 0.01620584726333618, -0.004764154087752104, 0.006631898693740368, 0.003249244298785925, 0.001829126151278615, -0.013572747819125652, -0.012603767216205597, -0.008145052939653397, -0.02071371302008629, -0.01731525920331478, 0.039545636624097824, 0.006273797247558832, -0.011641808785498142, 0.02256741374731064, -0.0007811526884324849, 0.02561478689312935, 0.0185791477560997, -0.03794471174478531, 0.011051994748413563, 0.010672828182578087, 0.013060171157121658, -0.02450537495315075, 0.0006481811869889498, -0.007857167162001133, -0.013495510444045067, -0.0017097590025514364, 0.024421116337180138, 0.03654039278626442, -0.0043744551949203014, 0.021668650209903717, 0.010321748442947865, 0.023971734568476677, -0.0326925590634346, -0.006575725972652435, 0.003315949346870184, 0.034939467906951904, 0.019772818312048912, 0.027440402656793594, -0.007808016147464514, -0.014310015365481377, 0.001869500265456736, -0.010532395914196968, -0.020699668675661087, 0.022679759189486504, -0.025362009182572365, 0.028549814596772194, -0.02569904737174511, 0.02881663665175438, -0.008285485208034515, -0.0011489088647067547, 0.03179379180073738, -0.02680845931172371, 0.011073059402406216, -0.008299528621137142, -0.03595057874917984, -0.03631570190191269, 0.007534174248576164, 0.0024645808152854443, 0.014211713336408138, -0.009092968888580799, 0.0030438625253736973, -0.035922493785619736, 0.022764019668102264, 0.004557016771286726, -0.006210602819919586, -0.031063547357916832, -0.016542883589863777, -0.001510521164163947, 0.009907473810017109, -0.012758242897689342, 0.029434535652399063, 0.008053772151470184, -0.016023285686969757, -0.014464491046965122, -0.05156661197543144, 0.03381601348519325, -0.0034142518416047096, -0.02162652090191841, 0.0026629408821463585, 0.014815570786595345, 0.01129072904586792, -0.03052990511059761, 0.008222290314733982, 0.014506620354950428, -0.014359166845679283, 0.019646430388092995, -0.025516485795378685, -0.019183004274964333, -0.01582667976617813, -0.04971291124820709, 0.002108234679326415, 0.006442315876483917, 0.018298283219337463, 0.004915118217468262, 0.017933160066604614, 0.004876499529927969, -0.020460935309529305, -0.0004524541727732867, -0.012147363275289536, -0.009050838649272919, -0.006501999218016863, 0.02659781090915203, -0.018916184082627296, -0.019941337406635284, 0.01841062866151333, -0.0297154001891613, -0.0002813027531374246, 0.008524219505488873, 0.018522974103689194, -0.0053153494372963905, 0.006891698110848665, 0.03328237310051918, 0.005518975667655468, 0.00449382234364748, -0.0018326368881389499, -0.020840100944042206, -0.003724957350641489, 0.0011497866362333298, -0.034574344754219055, -0.0004994111368432641, -0.009767042472958565, 0.01887405477464199, 0.004367433488368988, 0.011389031074941158, 0.011389031074941158, 0.01544751413166523, 0.0002501443959772587, -0.030108610168099403, -0.014211713336408138, -0.025460312142968178, 0.021584389731287956, 0.026330990716814995, 0.008875299245119095, 0.024421116337180138, 0.0371582955121994, 0.001339369686320424, -0.010181316174566746, 0.006512531545013189, -0.0027858188841491938, -0.011157318018376827, -0.031147805973887444, -0.018171893432736397, 0.03378792852163315, -0.025221578776836395, -0.008510176092386246, -0.049291614443063736, 0.020039638504385948, -0.007983556017279625, 0.017245043069124222, 0.00616496242582798, -0.00310003524646163, -0.017174826934933662, -0.004293706733733416, -0.013804460875689983, 0.026696113869547844, -0.022384852170944214, -0.006617855746299028, 0.0016483200015500188, 0.023747041821479797, -0.003052639542147517, 0.005856012459844351, 0.04061292111873627, -0.01902852952480316, -0.01269504800438881, -0.004936182871460915, 0.004904585890471935, -0.0004487239639274776, -0.0015789817553013563, 0.005831436719745398, 0.006059638690203428, -0.005041507072746754, -0.01117838267236948, -0.007478001061826944, 0.02339596301317215, 0.010160251520574093, 0.01568624936044216, -0.008552305400371552, 0.0024277172051370144, -0.016599057242274284, 0.01916896179318428, -0.025137318298220634, -0.004599146544933319, -0.021289482712745667, 0.013642963953316212, 0.013657007366418839, 0.017919117584824562, -0.025137318298220634, 0.00987938791513443, 0.008882320486009121, 0.00019550760043784976, -0.008854234591126442, -0.015096434392035007, -0.030108610168099403, 0.019505998119711876, -0.010370898991823196, 0.009745976887643337, 0.04218575730919838, -0.024491332471370697, 0.03468669205904007, 0.015208779834210873, 0.01671140268445015, -0.028844721615314484, 0.02169673703610897, 0.0052767302840948105, 0.012603767216205597, -0.004957247991114855, -0.007934405468404293, -0.01996942237019539, -0.020854145288467407, -0.053588829934597015, 0.006954892072826624, 0.01551773026585579, -0.009528308175504208, 0.08560731261968613, 0.003042106982320547, -0.009661718271672726, 0.0011164339957758784, -0.014310015365481377, -0.0003611734136939049, 0.01686587743461132, 0.01664118655025959, -0.026050126180052757, -0.03120397962629795, 0.0010980023071169853, 0.004318282473832369, 0.016149673610925674, -0.007660562638193369, 0.003609101055189967, 0.012688026763498783, -0.01923917792737484, 0.037776194512844086, -0.0013042617356404662, -0.03867495805025101, 0.01915491744875908, 0.026415249332785606, 0.022609543055295944, 0.0021872275974601507, 0.00030829201568849385, 0.002606768161058426, -0.01148031186312437, -0.022019729018211365, -0.021008620038628578, -0.03314194083213806, 0.018972355872392654, -0.030866943299770355, -0.04210149869322777, -0.02228655107319355, -0.02034858986735344, -0.018733622506260872, 0.018775751814246178, 0.013916806317865849, 0.03454625979065895, 0.013888719491660595, 0.0007254187949001789, 0.004644786939024925, -0.010679849423468113, -0.016908006742596626, -0.011831391602754593, -0.0007666706806048751, 0.008622521534562111, -0.020151983946561813, -0.03283299133181572]","[-0.0016309465281665325, 0.01577845960855484, 0.03322916477918625, -0.02872488833963871, -0.02257533371448517, -0.012750883586704731, -0.0023819406051188707, -0.04666108638048172, -0.009689592756330967, -0.03789527341723442, 0.017423734068870544, 0.01652018167078495, -0.012825055047869682, -0.012872256338596344, -0.003587239421904087, -0.009419875219464302, 0.015818916261196136, -0.017423734068870544, -0.009831193834543228, -0.011672014370560646, -0.020350167527794838, 0.007093563675880432, 0.015050223097205162, -0.018030598759651184, -0.016102120280265808, -0.0029163178987801075, -0.009568220004439354, -0.0027949451468884945, -0.02279110811650753, -0.0034557522740215063, 0.007936430163681507, 0.002294282428920269, -0.03754464164376259, -0.015508742071688175, -0.016803385689854622, -0.006190010812133551, -0.020255764946341515, -0.023627230897545815, 0.02245396189391613, 0.00038561137625947595, 0.004025530070066452, 0.009521018713712692, -0.016331380233168602, -0.016210006549954414, -0.004814452957361937, 0.01571102999150753, 0.0144973024725914, -0.02022879384458065, -0.008988327346742153, 0.01975678838789463, 0.01927129738032818, 0.021348120644688606, -0.0296688973903656, -0.01645275205373764, 0.003934500273317099, -0.0015137881273403764, -0.011065150611102581, 0.004962797276675701, -0.0015652029542252421, -0.012440708465874195, 0.02939918078482151, 0.01102469302713871, -0.012858769856393337, 0.01270368229597807, -0.002268996322527528, -0.009494047611951828, 0.014281529001891613, 0.006631672848016024, -3.927230864064768e-05, 0.003947986289858818, -0.006668759044259787, 0.0060989814810454845, 0.002621314488351345, 0.0013907295651733875, 0.009898623451590538, 0.015063708648085594, -0.02548827975988388, 0.006635044235736132, 0.0029888043645769358, -0.0054112025536596775, -0.003113548504188657, -0.023883461952209473, 0.010269484482705593, 0.014699590392410755, 0.026553664356470108, -0.0035501534584909678, 0.013081287033855915, 0.030639879405498505, -0.017706938087940216, 0.0025066847447305918, -0.002535342238843441, 0.01894763670861721, 0.022764137014746666, -0.00515834242105484, -0.015454798936843872, -0.0061394390650093555, -0.016210006549954414, -0.02110537514090538, -0.004736909177154303, -0.01780133880674839, -0.025838913396000862, 0.012993629090487957, -0.019527528434991837, -0.02454427070915699, -0.005748348776251078, -0.004817824345082045, 0.0200804490596056, -0.030774738639593124, 0.010707775130867958, 0.016439266502857208, -0.022737164050340652, 0.034550778567790985, 0.0027342585381120443, -0.02845516987144947, -0.015576171688735485, 0.01345214806497097, 0.005390973761677742, 0.0018829635810106993, -0.02663457952439785, -0.001135341008193791, 0.017086587846279144, 0.02513764798641205, 0.00920410081744194, 0.007059848867356777, 0.02796967886388302, 0.021793153136968613, -0.021968470886349678, -0.04099702090024948, 0.010808918625116348, -0.009392903186380863, 0.014605189673602581, 0.014955821447074413, -0.010458286851644516, -0.0014303443022072315, 0.0004951840383000672, 0.01678989827632904, -0.010835890658199787, -0.02796967886388302, -0.014686104841530323, -0.013836494646966457, 0.021118860691785812, 0.034955356270074844, 0.014362444169819355, 0.00611921027302742, -0.021954983472824097, 0.0334179662168026, 0.02183361165225506, -0.010229026898741722, 0.008543293923139572, 0.006395670585334301, -0.0027882021386176348, -0.011570869944989681, 0.0002770923310890794, 0.0004972912138327956, 0.018354259431362152, 0.01577845960855484, 0.03034319169819355, -0.0062945266254246235, 0.018354259431362152, -0.0017084901919588447, 0.006645158864557743, -0.009500790387392044, 0.010707775130867958, -0.024840958416461945, 0.0014387730043381453, 0.03587239608168602, 0.04280412942171097, -0.03749069944024086, -0.016142576932907104, -0.0028809173963963985, 0.015872860327363014, 0.022548362612724304, -0.011719214729964733, 0.00829380564391613, 0.019311755895614624, 0.007922944612801075, 0.015953775495290756, -0.013141972944140434, -0.015144623816013336, 0.007632998283952475, 0.010937034152448177, -0.0014472015900537372, 0.0012693568132817745, -0.0015921746380627155, -0.00542468810454011, 0.00466948002576828, 0.009028784930706024, -0.007936430163681507, 0.0327436737716198, 0.012669968418776989, 0.020673828199505806, 0.033067334443330765, -0.008563523180782795, -0.021941497921943665, -0.6235862970352173, -0.03398437425494194, 0.027996649965643883, 0.00419747456908226, 0.034550778567790985, 0.01920386776328087, -0.0049661691300570965, 0.019932104274630547, -0.026324404403567314, 0.025393879041075706, -0.018448660150170326, 0.010566173121333122, -0.020808685570955276, -0.025569194927811623, 0.014672618359327316, 0.002857317216694355, 0.0337146557867527, -0.025245534256100655, -0.026782922446727753, 0.0074239675886929035, -0.021995441988110542, 0.008300548419356346, -0.016884300857782364, 0.029480095952749252, -0.0006578572210855782, -0.0052156574092805386, 0.013162202201783657, -0.015859374776482582, 0.021199775859713554, 0.021968470886349678, -0.02594679966568947, 0.0023313683923333883, 0.0039648436941206455, -0.007255394011735916, 0.05456380173563957, -0.021671781316399574, -0.028428198769688606, 0.008792782202363014, -0.01800362579524517, 0.04941220209002495, -0.03592633828520775, -0.017747394740581512, 0.008448893204331398, 0.012326078489422798, -0.014753533527255058, -0.004622279200702906, 0.003877185517922044, 0.011422526091337204, 0.0030376906506717205, -0.01311500184237957, 0.007491396740078926, -0.0026095143985003233, -0.013297060504555702, 0.0071070496924221516, 0.034281063824892044, -0.010539202019572258, 0.027187498286366463, -0.018030598759651184, 0.008603980764746666, -0.019770273938775063, -0.014537760056555271, -0.010026738978922367, -0.024315010756254196, -0.004032272845506668, -0.005991094280034304, -0.0003986758238170296, 0.012932942248880863, -0.011065150611102581, -0.00510439882054925, 0.022346073761582375, 0.033283110707998276, 0.0014421443920582533, -0.012993629090487957, 0.015400854870676994, 0.01274413987994194, 0.012380021624267101, 0.03201543912291527, -0.007019391283392906, -0.03357979655265808, -0.0060180663131177425, 0.002415655180811882, 0.003312465036287904, 0.012528366409242153, -0.035494789481163025, 0.02432849630713463, -0.006924990564584732, -0.03290550410747528, -0.011941730976104736, -0.0014876591740176082, -0.0037760415580123663, 0.006510300096124411, 0.021806640550494194, 0.021995441988110542, -0.007437453139573336, -0.0028522599022835493, 0.01995907723903656, 0.016830356791615486, 0.017679965123534203, 0.031664807349443436, -0.019905133172869682, 0.002270682016387582, 0.018044084310531616, 0.007309337612241507, -0.02602771483361721, 0.003516438649967313, -0.01591331884264946, -0.0019149924628436565, 0.01148995477706194, 0.014955821447074413, -0.009959309361875057, -0.02628394588828087, -0.015751488506793976, -0.01765299402177334, -0.005512346513569355, 0.019001580774784088, -0.040430616587400436, 0.005862978752702475, -0.009453590027987957, -0.004952683113515377, -0.0007366652716882527, 0.02184709720313549, 0.009210844524204731, -0.010438057594001293, 0.005542689468711615, -0.005947265308350325, 0.0060146949253976345, 0.009925594553351402, -0.027753904461860657, -0.03916294500231743, 0.012905970215797424, -0.01486142072826624, 0.008691638708114624, -0.010168340057134628, -0.021469492465257645, -0.007976887747645378, -0.012919456698000431, 0.018516089767217636, -0.013472376391291618, 0.005188685841858387, -0.031395088881254196, 0.005350516177713871, 0.007080078125, 0.015859374776482582, -0.022076357156038284, 0.006368698552250862, -0.015994234010577202, -0.03260881453752518, 0.006570986472070217, -0.005117884837090969, 0.010606630705296993, 0.030262276530265808, -0.028697915375232697, -0.008792782202363014, 0.018084540963172913, 0.001810477115213871, -0.014955821447074413, 0.005384230520576239, -0.00614955322816968, 0.009891880676150322, -0.011847330257296562, 0.010094168595969677, 0.021348120644688606, -0.0034894668497145176, 0.0017447334248572588, -0.01840820163488388, -0.020134393125772476, -0.005748348776251078, 0.040484558790922165, -0.03393043205142021, -0.029911642894148827, -0.004436848685145378, -0.008880440145730972, 0.010019996203482151, -0.004025530070066452, -0.0005626133061014116, 0.025029761716723442, -0.015319939702749252, -0.023977864533662796, -0.0073430524207651615, -0.009318730793893337, -0.011941730976104736, 0.007086820900440216, 0.007734142243862152, -0.02663457952439785, 0.035494789481163025, -0.033337052911520004, -0.013391461223363876, 0.044800035655498505, -0.007983630523085594, -0.004679594188928604, -0.004895368125289679, 0.017841795459389687, -0.004332333337515593, 0.0008344377274625003, 0.0019301640568301082, 0.01758556440472603, 0.014200613833963871, 0.023424943909049034, -0.007740885019302368, 0.005367373116314411, -0.0102087976410985, 0.022373046725988388, 0.027295386418700218, -0.026850352063775063, -0.0030292619485408068, -0.035710565745830536, 0.010087424889206886, -0.04110490903258324, -0.010883091017603874, -0.015090680681169033, 0.015670571476221085, 0.01304757222533226, -0.009615420363843441, -0.0036040968261659145, 0.02372163161635399, 0.012380021624267101, -0.019770273938775063, -0.00623383978381753, -0.020646855235099792, 0.012056360952556133, 0.019257811829447746, 0.005353887565433979, 0.015859374776482582, -0.0009170386474579573, -0.022602306678891182, -0.013600492849946022, 0.016425780951976776, 0.036249998956918716, 0.0049729119054973125, -0.02070079930126667, -0.005192057229578495, -0.009797479026019573, -0.00347935245372355, 0.017302362248301506, 0.02110537514090538, -0.02326311357319355, 0.008078032173216343, -0.017706938087940216, 0.03161086142063141, -0.01571102999150753, 0.014659132808446884, -0.004018787294626236, -0.00029711041133850813, -0.012312592938542366, 0.004062616266310215, 0.02076822891831398, 0.03991815447807312, -0.02373511902987957, -0.012899227440357208, 0.019298270344734192, -0.008307291194796562, -0.022292131558060646, -0.020471539348363876, 0.008266833610832691, 0.009001812897622585, 0.01496930792927742, -0.01732933335006237, 0.03115234337747097, 0.05426711216568947, 0.0492233969271183, 0.0015955461421981454, -0.0011100550182163715, 0.02171223796904087, 0.013971353881061077, 0.015319939702749252, 0.010175083763897419, -0.0334179662168026, -0.040619418025016785, 0.0032315498683601618, 0.006931733340024948, -0.03473958373069763, -0.035575706511735916, -0.003705240786075592, -0.019918618723750114, 0.021051431074738503, -0.0034119233023375273, 0.010599887929856777, 0.00017068044689949602, 0.00927153043448925, -0.02029622346162796, -0.01598074659705162, 0.008664666675031185, 0.022602306678891182, -0.0007046363316476345, 0.0011606269981712103, -0.025178106501698494, -0.009601933881640434, 0.014928850345313549, 0.000606863817665726, 0.004655994009226561, 0.018030598759651184, 0.03244698420166969, 0.011860815808176994, -0.0077476282604038715, -0.019810732454061508, 0.022615792229771614, 0.03101748414337635, -0.008927641436457634, 0.028886718675494194, -0.018597004935145378, 0.01879929192364216, 0.031583890318870544, -0.030451077967882156, -0.015090680681169033, 0.0323660708963871, -0.005269601009786129, 0.02493535913527012, -0.02764601819217205, 0.0074172243475914, -0.0404575876891613, 0.01125395204871893, -0.006442870944738388, -0.015050223097205162, 0.0051751998253166676, 0.0057719494216144085, -0.007316080387681723, -0.0009414817905053496, -0.005320172756910324, 0.028751859441399574, -0.013357747346162796, -0.022224701941013336, -0.03312128037214279, 0.014659132808446884, 0.011375324800610542, 0.049520086497068405, 0.007862257771193981, 0.02184709720313549, -0.000925467349588871, -0.033067334443330765, 0.008920897729694843, -0.011186523362994194, -0.0059776087291538715, 0.009628905914723873, -0.0435323640704155, 0.002493198961019516, 0.019379185512661934, 0.02331705577671528, 0.014295014552772045, 0.029480095952749252, -0.0004791695682797581, 0.0006018066196702421, -0.0012533423723652959, 0.009966052137315273, -0.026256974786520004, 0.010883091017603874, 0.021806640550494194, -0.00579892098903656, 0.038812313228845596, 0.03080170974135399, 0.03406528756022453, 0.010411085560917854, -0.0038974143099039793, -0.00638555595651269, -0.01645275205373764, 0.004345819354057312, 0.010896576568484306, -0.002373511902987957, 0.0256231389939785, -0.012204705737531185, 0.04444940388202667, 0.01874534972012043, 0.015589657239615917, 0.02513764798641205, 0.0022066242527216673, 0.021091889590024948, -0.003339436836540699, 0.016263950616121292, 0.002936546690762043, -0.0055292039178311825, -0.023816034197807312, -0.010006509721279144, 0.05291852355003357, -0.0016764613101258874, -0.011955217458307743, 0.0055292039178311825, -0.010559430345892906, -0.040349699556827545, -0.0030056615360081196, 0.001375557971186936, -0.014295014552772045, -0.01250813715159893, -0.03446986526250839, 0.005266229156404734, 0.02926432155072689, 0.005869721528142691, -0.0004846481897402555, -0.020849144086241722, -0.013694893568754196, -0.017167503014206886, -0.010175083763897419, -0.0012263706885278225, -0.011995675042271614, -0.01839471608400345, -0.01712704636156559, 0.037194009870290756, -0.027335843071341515, -0.04145554080605507, 0.016506696119904518, 0.03376860171556473, 0.012144018895924091, 0.02339797094464302, 0.0048043387942016125, 0.009183872491121292, -0.0009128243546001613, -0.013472376391291618, -0.04256138205528259, 0.0009987966623157263, -0.014443359337747097, 0.005755092017352581, 0.0008791096624918282, -0.004275018349289894, -0.010067196562886238, -0.0033697800245136023, 0.016897786408662796, 0.004784110002219677, 0.012966657057404518, 0.008233118802309036, 0.011618070304393768, 0.009494047611951828, -0.003593982430174947, -0.007080078125, 0.024908388033509254, -0.0054786317050457, -0.0008015659404918551, 0.02778087742626667, -0.009763764217495918, -0.012319335713982582, -0.018259858712553978, -0.026122115552425385, 0.020174849778413773, 0.01962193101644516, 0.018246371299028397, -0.013067800551652908, 0.010714517906308174, 0.03298642113804817, -0.004760509356856346, 0.006105724256485701, 0.005960751324892044, 0.02360025979578495, 0.014146669767796993, -0.004622279200702906, 0.03420014679431915, 0.002700543962419033, -0.0007198079256340861, -0.006854189559817314, -0.035575706511735916, 0.019905133172869682, -0.0014370871940627694, -0.01008068211376667, 0.007720656227320433, 0.019567986950278282, 0.004376162309199572, -0.011523669585585594, -0.0007948230486363173, -0.012730654329061508, 0.002575799822807312, 0.0020296224392950535, -0.013351003639400005, -0.001054425840266049, -0.01840820163488388, -0.020754743367433548, 0.0024089121725410223, -0.013229630887508392, -0.01490187831223011, 0.0042851329781115055, -0.02993861585855484, -0.021604351699352264, -0.020417595282197, -0.005508975125849247, -0.03635788708925247, -0.0003068033838644624, 0.028751859441399574, 0.0031236629001796246, 0.017760880291461945, 0.0070261345244944096, 0.0026398575864732265, -0.008415178395807743, -0.007680198643356562, -0.008900669403374195, -0.00020102363487239927, -0.005114513449370861, 0.022157272323966026, 0.023896949365735054, 0.021995441988110542, 0.04701171815395355, 0.0015011450741440058, 0.022750649601221085, -0.011334867216646671, 0.017167503014206886, -0.0035366674419492483, -0.000808308890555054, 0.020943544805049896, -0.012690196745097637, 0.014038782566785812, 0.014659132808446884, 0.01526599656790495, 0.013796037063002586, -0.013263345696032047, 0.0019841075409203768, 0.015832403674721718, -0.0021105376072227955, -0.03277064487338066, -0.013681408017873764, -0.04177920147776604, -0.004622279200702906, 0.018381230533123016, -0.0015888032503426075, -0.0019149924628436565, -0.025124162435531616, -0.01189453061670065, 0.035899367183446884, -0.018192429095506668, 0.02912946417927742, 0.017787853255867958, 0.009224330075085163, -0.005404459312558174, -0.0139174098148942, -0.006105724256485701, -0.0017851911252364516, -0.022966424003243446, 0.012460936792194843, -0.020107422024011612, 0.007444196380674839, -0.007767857052385807, 0.009291759692132473, 0.022440476343035698, -0.0007998802466318011, 0.027699962258338928, -0.033202193677425385, 0.06101004406809807, -0.0043694195337593555, -0.0334179662168026, 0.004109816625714302, -0.031260229647159576, -0.015063708648085594, -0.018381230533123016, -0.020417595282197, 0.02980375662446022, -0.00984467938542366, 0.012164248153567314, 0.01604817621409893, 0.015117651782929897, 0.0049661691300570965, -0.019136440008878708, -0.01921735517680645, 0.024706101045012474, 0.0411318801343441, -0.0017615908291190863, 0.006388927344232798, 0.04631045088171959, 0.015630114823579788, -0.0069047617726027966, -0.0032956076320260763, -0.0004340762097854167, -0.008603980764746666, 0.008334263227880001, 0.025987258180975914, -0.005482003092765808, -0.023950891569256783, -0.0026381718926131725, 0.015212053433060646, -0.011200008913874626, -0.0014362443471327424, 0.02589285559952259, 0.0024780272506177425, -0.02048502489924431, -0.017369791865348816, -0.005498860497027636, -0.025744512677192688, 0.017477678135037422, -0.035710565745830536, 0.013876952230930328, -0.010438057594001293, 0.008988327346742153, -0.02171223796904087, 0.03668154776096344, 0.02184709720313549, 0.04525855556130409, -0.0046492512337863445, 0.017342818900942802, -0.009898623451590538, -0.016695497557520866, -0.02264276333153248, 0.008745581842958927, 0.00875906739383936, 0.009156900458037853, -0.025865884497761726, -0.00836123526096344, 0.018017113208770752, 0.003947986289858818, 0.01799014024436474, -0.012022646144032478, -0.029641926288604736, 0.02939918078482151, -0.0167089831084013, -0.0039007856976240873, -0.003931128885596991, -0.0022217959631234407, 0.022629277780652046, 0.006564243696630001, -0.01395786739885807, -0.0071003069169819355, -0.0002288382383994758, -0.0035636392422020435, 0.04037667438387871, -0.002577485516667366, -0.008624209091067314, 0.008671409450471401, -0.008981584571301937, -0.0071812220849096775, -0.0029719469603151083, -0.006631672848016024, -0.012083332985639572, -0.003260207362473011, -0.008192661218345165, -0.03376860171556473, 0.006898018531501293, 0.020579425618052483, 0.007531854324042797, -0.0073025948368012905, 0.014295014552772045, 0.013431918807327747, 0.01928478293120861, 0.008327520452439785, 0.0018745348788797855, 0.012036132626235485, -0.027551617473363876, 0.004278389737010002, -0.003867071121931076, -0.04374813660979271, 0.004055873025208712, -0.0048919967375695705, -0.01975678838789463, -0.017545107752084732, 0.027888763695955276, 0.013998324982821941, 0.010937034152448177, 0.0031236629001796246, 0.00507405586540699, 0.017706938087940216, 0.014362444169819355, -0.03260881453752518, -0.032527901232242584, 0.030693823471665382, -0.032258182764053345, 0.0259602852165699, -0.007511625532060862, -0.013135230168700218, -0.018570031970739365, 0.009500790387392044, 0.012157505378127098, -0.007174478843808174, -0.017679965123534203, -0.016277436167001724, -0.011510184034705162, 0.005303315352648497, 0.0007518368656747043, -0.0033714657183736563, -0.01751813478767872, -0.009615420363843441, -0.015077194198966026, 0.016007719561457634, 0.00125502806622535, -0.0045278784818947315, -0.024422897025942802, 0.0197433028370142, 0.029453124850988388, 0.02312825433909893, -0.019864676520228386, -0.018664434552192688, -0.011119093745946884, 5.00715323141776e-05, -0.032069381326436996, -0.02488141693174839, -0.019662387669086456, 0.04388299584388733, -0.0060989814810454845, -0.027942707762122154, -0.0013131859013810754, -0.03188057988882065, 0.0054786317050457, 0.002980375662446022, -0.03595330938696861, -0.010822405107319355, 0.0361151397228241, -0.023074310272932053, -0.0144973024725914, 0.030963540077209473, -0.003634440014138818, 0.022143786773085594, -0.010701032355427742, -0.007761113811284304, 0.0036310686264187098, 0.019190382212400436, 0.0030410620383918285, -0.010876348242163658, -0.0036546688061207533, -0.02385649085044861, -0.0031270342878997326, 0.005286457948386669, 0.028967633843421936, 0.003823242150247097, 0.004875139333307743, 0.004062616266310215, -0.012825055047869682, 0.010775203816592693, 0.002833716804161668, -0.007909458130598068, 0.006452985107898712, -0.019257811829447746, -0.013101515360176563, 0.03188057988882065, 0.005444916896522045, -0.006402413360774517, -0.022494418546557426, 0.013890438713133335, 0.0060551525093615055, 0.015292968600988388, -0.006574357859790325, 0.003420352004468441, -0.012683453969657421, -0.00257917121052742, 0.017275389283895493, -0.0042480467818677425, 0.001972307451069355, 0.021456006914377213, -0.0006207711412571371, 0.015171595849096775, 0.0018610490951687098, 0.03767950087785721, -0.01189453061670065, 0.003236606949940324, 0.04132068157196045, -0.019716331735253334, 0.004477306269109249, -0.011773157864809036, 0.018354259431362152, -0.012798083946108818, 0.019500557333230972, -0.03420014679431915, 0.0056944056414067745, -0.031395088881254196, 0.004504278302192688, 0.004231189377605915, -0.02049851045012474, 0.014227584935724735, 0.011476469226181507, 0.004514392465353012, -0.019972562789916992, -0.04067336022853851, -0.020781714469194412, -0.031179314479231834, 0.0015011450741440058, 0.008145460858941078, 7.33820561436005e-05, -0.019878162071108818, 0.03457775339484215, 0.03339099511504173, -0.02171223796904087, -0.01416015625, 0.19095981121063232, -0.006109095644205809, 0.013276832178235054, 2.2112073565949686e-05, 0.020444568246603012, 0.01598074659705162, 0.009999766945838928, -0.015400854870676994, -0.007127278484404087, 0.015953775495290756, 0.0071407645009458065, 0.01564360037446022, -0.017167503014206886, -0.009028784930706024, 0.00812523253262043, 0.009365931153297424, -0.012690196745097637, -0.008253348059952259, -0.02500278875231743, -0.026985211297869682, 0.016439266502857208, 0.017450707033276558, -0.003995186649262905, -0.009365931153297424, 0.03668154776096344, -0.013155459426343441, -0.01196196023374796, 0.012865512631833553, 0.02420712262392044, 0.00812523253262043, 0.00038666496402584016, 0.0011092121712863445, 0.011483212001621723, 0.017100073397159576, -0.02392392046749592, -0.022966424003243446, 0.030855653807520866, 0.0071407645009458065, 0.047227490693330765, -0.008051060140132904, -0.017612537369132042, -0.04037667438387871, 0.030666852369904518, -0.024301525205373764, -0.010350399650633335, -0.007322823628783226, 0.004251418169587851, -0.01920386776328087, -0.001490187831223011, 0.056263018399477005, -0.019905133172869682, -0.02292596735060215, 0.04283110052347183, 0.007235165219753981, 0.007457681931555271, -0.010923548601567745, 0.027619047090411186, 0.018367744982242584, 0.012852027080953121, 0.04024181514978409, -0.02001301944255829, 0.028158480301499367, 0.011806872673332691, 0.024085750803351402, -0.029776785522699356, 0.0016073462320491672, -0.00765322707593441, -0.011577612720429897, 0.00886695459485054, -0.022629277780652046, -0.0016435894649475813, -0.037328869104385376, 0.0374637246131897, 0.012211448512971401, -0.009177129715681076, -0.013613978400826454, 0.01257556676864624, 0.015292968600988388, 0.039621464908123016, 0.007518368307501078, 0.00337989442050457, -0.013863466680049896, -0.002292596735060215, -0.023816034197807312, -0.04873790591955185, -0.05987723171710968, 0.01246767956763506, 0.014807477593421936, -0.011274181306362152, -0.002171223983168602, 0.006129324436187744, -0.008502836339175701, -0.026256974786520004, -0.021132346242666245, -0.02540736459195614, 0.02218424342572689, -0.023478886112570763, 0.015751488506793976, 0.000927153043448925, 0.010323427617549896, -0.009156900458037853, 0.023519344627857208, -0.011752929538488388, 0.011510184034705162, -0.00927153043448925, -0.036303941160440445, -0.007120535708963871, -0.00016899470938369632, -0.01240699365735054, -0.007208193652331829, 0.013445405289530754, -0.010141368955373764, 0.016884300857782364, -0.009750278666615486, -0.015158109366893768, 0.007869000546634197, -0.004511021077632904, -0.031314171850681305, 0.01223842054605484, -0.020876115188002586, -0.008691638708114624, -0.034011345356702805, -0.0012010846985504031, -0.002589285606518388, 0.009891880676150322, 0.005822521168738604, -0.010714517906308174, -0.014591703191399574, 0.020754743367433548, -0.018664434552192688, 0.012346306815743446, -0.01975678838789463, -0.008617466315627098, -0.016870813444256783, -0.022062871605157852, 0.01132138166576624, -0.020120907574892044, -0.008806268684566021, -0.005269601009786129, 0.010687545873224735, -0.010930291377007961, -0.011779900640249252, 0.020350167527794838, 0.012433965690433979, -0.007794828619807959, -0.012690196745097637, -0.0015028307680040598, 0.003978329710662365, -0.01927129738032818, -0.005997837521135807, -0.022818079218268394, 0.0037220981903374195, -0.005994466133415699, -0.005320172756910324, 0.01317568775266409, -0.017841795459389687, 0.005802292376756668, -0.03695126250386238, -0.009116442874073982, 0.0065001859329640865, -0.017504649236798286, 0.01072126068174839, 0.01799014024436474, -0.012629510834813118, -0.013418433256447315, 0.0035737536381930113, -0.1697060912847519, 0.015508742071688175, 0.009669363498687744, -0.03722098097205162, 0.017572078853845596, 0.011746186763048172, 0.01530645415186882, 0.0021577379666268826, -0.003546781837940216, -0.008583751507103443, 0.025677083060145378, 0.028023622930049896, -0.0249488465487957, 0.04253441095352173, -0.020282737910747528, -0.001492716372013092, -0.021725725382566452, 0.009264787659049034, 0.016129091382026672, 0.013492605648934841, 0.02709309756755829, -0.012562081217765808, 0.02373511902987957, -0.007039620075374842, -0.002066708402708173, 0.022400017827749252, -0.009878394193947315, -0.015940289944410324, -0.0009060814045369625, -0.033957403153181076, -0.019433127716183662, 0.0278348196297884, 0.015171595849096775, -0.019945591688156128, 0.006924990564584732, 0.01724841818213463, -0.0005790492286905646, -0.02117280475795269, -0.011651785112917423, 0.0024325125850737095, 0.008172432892024517, 0.007053106091916561, 0.01193498820066452, 0.008489350788295269, -0.028670944273471832, 0.004824567586183548, 0.03331008180975914, 0.014106212183833122, -0.0009052385576069355, -0.0006325712311081588, 0.019810732454061508, -0.007855514995753765, -0.004214331973344088, 0.0025656854268163443, 0.01618303544819355, 0.0016301036812365055, -0.010647088289260864, 0.017450707033276558, -0.013081287033855915, -0.010006509721279144, 0.02088960073888302, -0.05051804333925247, -0.0027646019589155912, -0.003954729065299034, -0.02088960073888302, -0.005512346513569355, -0.01321614533662796, -0.012245163321495056, -0.020390624180436134, 0.015589657239615917, -0.025650110095739365, -0.015697544440627098, 0.009075985290110111, 0.01699218712747097, -0.01246767956763506, 0.0009161958005279303, 0.0017042758408933878, 0.018151970580220222, 0.011968703009188175, -0.001935221254825592, -0.009150157682597637, 0.023020368069410324, 0.0015744745032861829, 0.03298642113804817, -0.008401692844927311, 0.019810732454061508, 0.009864908643066883, -0.0055325753055512905, -0.02095703035593033, -0.010471772402524948, 0.03433500602841377, -0.0200804490596056, -0.005765206180512905, 0.014753533527255058, 0.01928478293120861, -0.00818591844290495, 0.004106445237994194, 0.015090680681169033, -0.002533656544983387, -0.009662620723247528, -0.010141368955373764, 0.012487908825278282, -0.007835285738110542, -0.0021560522727668285, 0.01894763670861721, 0.030828682705760002, -0.011173036880791187, -0.0014539445983245969, 0.025784969329833984, -0.0026246861089020967, -0.016803385689854622, 0.040700335055589676, -0.013465633615851402, 0.016412295401096344, -0.006068638060241938, 0.04571707546710968, 0.017288876697421074, -0.01751813478767872, 0.004817824345082045, 0.010195312090218067, 0.02440941147506237, 0.002633114578202367, -0.0002865745918825269, 0.016628067940473557, -0.008374720811843872, -0.002744372934103012, -0.11662574112415314, -0.01933872699737549, 0.013351003639400005, -0.010377371683716774, 0.024436382576823235, 0.01253510918468237, -0.004278389737010002, 0.013796037063002586, -0.01921735517680645, 0.03161086142063141, -0.028293339535593987, 0.013458890840411186, -0.007862257771193981, -0.0007691155769862235, -0.0015955461421981454, -0.01799014024436474, -0.0043660481460392475, 0.003634440014138818, -0.018853235989809036, 0.007734142243862152, -0.011820358224213123, -0.012036132626235485, -0.0018694776808843017, 0.010175083763897419, 0.011854073032736778, 0.020282737910747528, -0.022966424003243446, 0.021321149542927742, 0.0076667130924761295, -0.007309337612241507, 0.027147041633725166, -0.019500557333230972, 0.023843005299568176, -0.031179314479231834, 0.019176896661520004, -0.010964006185531616, -0.020727770403027534, -0.004942568484693766, 0.03870442509651184, 0.017019158229231834, -0.013182430528104305, -0.02589285559952259, 0.003978329710662365, -0.0021021089050918818, 0.012440708465874195, 0.023222655057907104, -0.0060956100933253765, 0.0049695405177772045, -0.00923107285052538, -0.01229910645633936, -0.06144158914685249, 0.03487443923950195, -0.01678989827632904, -0.03312128037214279, 0.0278348196297884, 0.006645158864557743, -0.0052898298017680645, 0.00267020077444613, -0.02668852172791958, 0.006358584389090538, 0.011186523362994194, -0.02095703035593033, -0.014699590392410755, 0.01967587321996689, 0.02926432155072689, 0.019433127716183662, 0.003098377026617527, -0.046957772225141525, 0.020579425618052483, -0.009096214547753334, 0.0004909696872346103, 0.01165852788835764, -0.027281900867819786, 0.02198195643723011, -0.02958798222243786, -0.008974841795861721, -0.003583868034183979, -0.008705124258995056, 0.020930059254169464, 0.015657085925340652, 0.013930896297097206, 0.01398483943194151, -0.02022879384458065, -0.005286457948386669, 0.013101515360176563, -0.004945940338075161, -0.0035771250259131193, 0.017639508470892906, -0.004720051772892475, -0.0364118292927742, -0.02097051590681076, 0.005040341056883335, 0.014618675224483013, -0.01751813478767872, 0.0064630997367203236, -0.0007383509655483067, -0.022157272323966026, -0.003634440014138818, -0.02554222382605076, 0.0018239628989249468, -0.03519809991121292, 0.0045278784818947315, -0.02859002910554409, -0.005225771572440863, -0.004109816625714302, -0.011213494464755058, 0.015023251064121723, -0.021334635093808174, 0.004581821616739035, -0.0018020484130829573, 0.002589285606518388, -0.01908249594271183, 0.003941243514418602, 0.005239257588982582, -0.0064968145452439785, -0.02238653227686882, -0.013054315000772476, 0.00534040154889226, 0.009278273209929466, 0.003917642869055271, 0.03142205998301506, -0.01523902453482151, -0.008651181124150753, -0.017167503014206886, 0.016061661764979362, -0.011543898843228817, -0.0252859927713871, 0.028805803507566452, -0.01901506632566452, 0.01678989827632904, -0.02939918078482151, -0.043990883976221085, -0.004025530070066452, -0.014551245607435703, 0.01611560583114624, 0.005795549601316452, -0.0031877208966761827, -0.027672989293932915, 0.030046502128243446, -0.0010594830382615328, 0.027861792594194412, 0.0013190859463065863, -0.028805803507566452, -0.04024181514978409, -0.014052269048988819, -0.011908017098903656, 0.010222284123301506, -0.0004934982862323523, -0.027066126465797424, 0.005954008549451828, -0.007835285738110542, 0.010282970033586025, 0.0024493697565048933, 0.009966052137315273, -0.038326822221279144, -0.016075149178504944, -0.00043702623224817216, -0.029641926288604736, 0.013034086674451828, -0.0006110781687311828, -0.03503626957535744, -0.004787481389939785, 0.02279110811650753, -0.011280924081802368, 0.006506928708404303, -0.014227584935724735, 0.011577612720429897, -0.004076101817190647, -0.01604817621409893, -0.004541364032775164, 0.02823939546942711, 0.0017135473899543285, -0.019042037427425385, 0.0034962098579853773, 0.038272880017757416, 0.04024181514978409, 0.028617000207304955, -0.012272135354578495, -0.009372674860060215, 0.011793387122452259, -0.02796967886388302, 0.02521856315433979, 0.013101515360176563, 0.0050201122649014, -0.0472005195915699, 0.011779900640249252, 0.03749069944024086, -0.00032640001154504716, -0.0009010242065414786, 0.007228422444313765, 0.022035900503396988, 0.007120535708963871, -0.00013601756654679775, -0.014510788023471832, 0.004372790921479464, 0.01183384470641613, 0.01442987285554409, 0.011280924081802368, -0.006533900275826454, -0.007774599827826023, 0.002911260584369302, 0.012460936792194843, -0.005461774300783873, -0.015751488506793976, -0.00362432561814785, -0.020876115188002586, -0.02885974571108818, -0.0058124070055782795, -0.02434198185801506, -0.03471260890364647, -0.016196520999073982, -0.016735956072807312, 0.0005723062786273658, -0.01873186230659485, -0.014335472136735916, -0.013438662514090538, 9.208315896103159e-05, -0.009514275938272476, -0.011038178578019142, 0.022494418546557426, -0.011031435802578926, 0.014402901753783226, 0.02137509174644947, 0.0070665921084582806, 0.029372209683060646, -0.003867071121931076, 0.026081658899784088, 0.02778087742626667, 0.004902110900729895, -0.022710192948579788, 0.003620954230427742, -0.0064968145452439785, 0.008873697370290756, -0.0013932582223787904, -0.012622767128050327, 0.00209030881524086, -0.013276832178235054, 0.010566173121333122, 0.008408435620367527, 0.02764601819217205, 0.00748465396463871, 0.07174479216337204, -0.026337889954447746, -0.015738001093268394, -0.022561848163604736, 0.018772320821881294, -0.006264183204621077, 0.008320777676999569, 0.008280320093035698, -0.0017430477309972048, -0.02419363707304001, 0.014119697734713554, -0.0234519150108099, -0.012690196745097637, -0.02569056861102581, -0.014591703191399574, 0.005026855506002903, 0.006318126805126667, 0.015589657239615917, -0.022440476343035698, 0.011146065779030323, 0.04245349392294884, 0.022305617108941078, -0.010633602738380432, 0.018017113208770752, -0.014119697734713554, 0.016196520999073982, 0.005320172756910324, -0.016911271959543228, 0.014618675224483013, -0.039621464908123016, 0.0015888032503426075, 0.006645158864557743, -0.04010695591568947, -0.010013253428041935, 0.020444568246603012, -0.007268880028277636, -0.011982188560068607, 0.0053707449696958065, -0.0021813383791595697, 0.006813731975853443, 0.010289712809026241, 0.026189545169472694, -0.031449031084775925, -0.029102491214871407, 0.028428198769688606, -0.006709216628223658, -0.011240466497838497, -0.00048169816727750003, -0.03390345722436905]"
7207,"Merge two collection based on 3 column<p>I want to join two collection called <strong>Emp1</strong> with <strong>salary</strong> based on <strong><em>dept,id and name</em></strong> . I would like to merge both as we do in pandas merge.</p>

<pre><code>Emp1:
{""dept"":""cs"",""id"": 100,""name"":""xxx"",""age"": 20}
{""dept"":""IT"",""id"": 110,""name"":""xxx"",""age"": 21}
{""dept"":""AI"",""id"": 110,""name"":""xxx"",""age"": 21}   
</code></pre>

<p>sal:</p>

<pre><code>{""dept"":""cs"",""id"": 100,""name"":""xxx"",""sal"": 200}
{""dept"":""IT"",""id"": 110,""name"":""xxx"",""sal"": 2100}
{""dept"":""AI"",""id"": 110,""name"":""xxx"",""sal"": 2100}   
</code></pre>

<p>The output should look like something below:</p>

<pre><code>{""dept"":""cs"",""id"": 100,""name"":""xxx"",""age"": 20,""sal"":200}
{""dept"":""IT"",""id"": 110,""name"":""xxx"",""age"": 21,""sal"": 2100}
{""dept"":""AI"",""id"": 110,""name"":""xxx"",""age"": 21,""sal"": 2100}    
</code></pre>

<p>What will be best solution to join based on 3 columns. I understand we can use lookup operation, But the case here is to join based on 3 column..</p>
",You can show product_manufacturer.phtml and manufacturer/manufacturer block code?,"Embed Field: Merge two collection based on 3 column<p>I want to join two collection called <strong>Emp1</strong> with <strong>salary</strong> based on <strong><em>dept,id and name</em></strong> . I would like to merge both as we do in pandas merge.</p>

<pre><code>Emp1:
{""dept"":""cs"",""id"": 100,""name"":""xxx"",""age"": 20}
{""dept"":""IT"",""id"": 110,""name"":""xxx"",""age"": 21}
{""dept"":""AI"",""id"": 110,""name"":""xxx"",""age"": 21}   
</code></pre>

<p>sal:</p>

<pre><code>{""dept"":""cs"",""id"": 100,""name"":""xxx"",""sal"": 200}
{""dept"":""IT"",""id"": 110,""name"":""xxx"",""sal"": 2100}
{""dept"":""AI"",""id"": 110,""name"":""xxx"",""sal"": 2100}   
</code></pre>

<p>The output should look like something below:</p>

<pre><code>{""dept"":""cs"",""id"": 100,""name"":""xxx"",""age"": 20,""sal"":200}
{""dept"":""IT"",""id"": 110,""name"":""xxx"",""age"": 21,""sal"": 2100}
{""dept"":""AI"",""id"": 110,""name"":""xxx"",""age"": 21,""sal"": 2100}    
</code></pre>

<p>What will be best solution to join based on 3 columns. I understand we can use lookup operation, But the case here is to join based on 3 column..</p>; Answer: You can show product_manufacturer.phtml and manufacturer/manufacturer block code?","[-0.0014660703018307686, 0.0073885079473257065, 0.008367624133825302, -0.023776551708579063, -0.05255284532904625, 0.020901700481772423, 0.013575688935816288, -0.009214802645146847, -0.03408157825469971, -0.04247003421187401, -0.002466886769980192, 0.011909108608961105, 0.017040789127349854, -0.0012490676017478108, -0.016096392646431923, 0.009013424627482891, 0.0014756183372810483, -0.013714570552110672, -0.012075766921043396, -0.026484746485948563, -0.018596263602375984, 0.02087392471730709, -0.0085620591416955, -0.005697622895240784, -0.011582735925912857, 0.02487371861934662, 0.027665240690112114, 0.0005663770716637373, -0.011374413967132568, 0.01837405376136303, 0.02002674527466297, 0.005020574666559696, -0.014874232932925224, -0.031109508126974106, -0.02030450850725174, -0.004340054001659155, 0.009631448425352573, 0.004867804702371359, 0.03524818271398544, -0.0038956324569880962, 0.04252558574080467, -0.015235326252877712, 2.4521305022062734e-05, -0.025470908731222153, -0.00851344969123602, -0.005228897091001272, -0.004079650621861219, -0.03474820777773857, -0.019165677949786186, 0.025026487186551094, 0.00842317659407854, 0.041803400963544846, -0.03285941854119301, -0.006138572469353676, 0.009617559611797333, -0.004895580932497978, 0.024345967918634415, 0.039803504943847656, -0.0051247356459498405, 0.009992540813982487, 0.02094336412847042, 0.007839873433113098, -0.007999587804079056, 0.006669795140624046, -0.012207704596221447, -0.011728562414646149, 0.010659173130989075, 0.006603826303035021, 0.012950721196830273, 0.007346843369305134, 0.022248852998018265, 0.022054418921470642, -0.0071732415817677975, 0.02242939919233322, 0.031553927809000015, -0.01979064755141735, 0.000995608395896852, -0.01255490817129612, 0.0026873615570366383, 0.011999381706118584, -0.001255143666639924, -0.031581707298755646, 0.0036456454545259476, 0.0045830970630049706, 0.018221283331513405, 0.025470908731222153, 0.005298337899148464, 0.029276268556714058, -0.0088675981387496, -0.005211536772549152, -0.006822565104812384, 0.010485570877790451, 0.020582271739840508, -0.0006123816128820181, 0.01611028052866459, 0.03166503459215164, -0.01651303842663765, 0.033720485866069794, -0.002369669498875737, -0.03244277089834213, -0.027429141104221344, -0.01534643117338419, -0.049358565360307693, -0.005412915255874395, -0.04669203609228134, -0.0041803400963544846, 0.02334601804614067, -0.010311968624591827, 0.00646147271618247, 0.040386807173490524, 0.001698697218671441, 0.01915179006755352, 0.0020051049068570137, -0.03922019898891449, -0.01512422040104866, -0.025026487186551094, 0.00036543255555443466, -0.02351267635822296, -0.025290362536907196, 0.018457382917404175, 0.023970987647771835, 0.028942951932549477, 0.007270458620041609, -0.029498480260372162, 0.022304406389594078, 0.004864332731813192, -0.0038886885158717632, -0.005204592831432819, -0.009853659197688103, -0.03135949373245239, 0.01931844837963581, 0.0189156923443079, 0.004746282938867807, 0.013527080416679382, -0.029831795021891594, 0.018790697678923607, -0.01674913614988327, 0.004954605828970671, -0.0077843209728598595, 0.0022863405756652355, 0.021943314000964165, 0.010360577143728733, 0.01929067261517048, -0.029192939400672913, -0.025470908731222153, 0.019471218809485435, 0.01127025205641985, -0.010221695527434349, -0.022748827934265137, 0.005683735013008118, 0.03624813258647919, -0.005062239244580269, -0.0065829940140247345, 0.026470858603715897, 0.028442978858947754, -0.003166503505781293, 0.0007577734650112689, -0.021054470911622047, 0.015721412375569344, 0.007839873433113098, -0.001253407564945519, 0.008839822374284267, -0.00370119814760983, 0.005315698217600584, -0.005572629626840353, 0.031692810356616974, -0.005013630259782076, -0.02626253478229046, -0.02913738787174225, 0.0050414069555699825, 0.0037289743777364492, 0.005940665956586599, -0.022151635959744453, 0.010332800447940826, 0.004694202449172735, -0.018887914717197418, 0.016290826722979546, 0.019401777535676956, -0.019443443045020103, -0.013589577749371529, -0.018457382917404175, -0.0018488630885258317, 0.015082555823028088, 0.032026126980781555, -0.011464687064290047, -0.05208064988255501, -0.0014877705834805965, -0.00775654474273324, 0.016665806993842125, 0.002676945412531495, 0.022346070036292076, 0.022276628762483597, 0.0026005604304373264, -0.014777015894651413, -0.5808589458465576, -0.027054160833358765, -0.007201017811894417, -0.05024740844964981, -0.02134612202644348, -0.002196067478507757, -0.005808728281408548, -0.02270716242492199, -0.034970421344041824, 0.008034308440983295, -0.034664880484342575, 0.028442978858947754, 0.003446002956479788, -0.000629741873126477, -0.012284088879823685, -0.0010138365905731916, 0.02188776060938835, -0.02737358957529068, -0.002235995838418603, 0.005551797337830067, -0.024984823539853096, 0.0028644357807934284, 0.016165833920240402, 0.004947661887854338, -0.025401469320058823, 0.004326166119426489, -0.006426752079278231, 0.004142147488892078, 0.022040531039237976, 0.020901700481772423, -0.029359597712755203, 0.021748879924416542, 0.011131370440125465, -0.018290724605321884, 0.0432477705180645, 0.02277660369873047, 0.005461524240672588, 0.022276628762483597, -0.0032758729066699743, 0.04083123058080673, -0.019943416118621826, -0.012804895639419556, -0.013707626610994339, -0.02216552384197712, -0.0017776861786842346, 0.015054780058562756, 0.0064441123977303505, 0.020429503172636032, 0.01599917560815811, -0.01052029151469469, -0.014790904708206654, -0.010395297780632973, -0.01786019094288349, 0.012110486626625061, 0.023637671023607254, -0.012652126140892506, 0.024720948189496994, -0.01272156648337841, 0.018179617822170258, -0.0004873880825471133, 0.020498942583799362, 0.00022633382468484342, -0.011534127406775951, 0.004333110060542822, -0.010978600941598415, -0.00239397375844419, -0.0021891233045607805, -0.005395555403083563, 0.013304869644343853, -0.01823517121374607, -0.0012317073997110128, 0.006023995112627745, -0.0028644357807934284, 0.012666014023125172, -0.01797129586338997, 0.021207239478826523, 0.006218429654836655, 0.02117946371436119, -0.018249059095978737, 0.014068718999624252, 0.011568848043680191, -0.0012672957964241505, -0.0276096872985363, -0.01404094323515892, -0.008971760049462318, 0.011527183465659618, -0.01143691036850214, -0.010138366371393204, 0.016026951372623444, -0.007006583269685507, 0.018485158681869507, 0.017485210672020912, 7.963999087223783e-05, -0.0055483253672719, 0.023290466517210007, 0.019804535433650017, 0.0028817958664149046, 0.005888585466891527, 0.039775729179382324, -0.03022066503763199, -0.002852283651009202, -0.019068460911512375, -0.011770226992666721, -0.0016379364533349872, 0.018290724605321884, 0.01719355769455433, -0.008950927294790745, -0.016318602487444878, 0.019846199080348015, 0.004301861394196749, -0.005649014376103878, -0.012645181268453598, 0.011589680798351765, -0.004468519706279039, 0.003112686797976494, -0.03847023844718933, -0.0016587686259299517, -0.00570109486579895, -0.011068874038755894, 0.015096443705260754, 0.013277093879878521, 0.017207445576786995, 0.027179155498743057, -0.014763128012418747, 0.006753124296665192, 0.01390900555998087, 0.010770278051495552, -0.013304869644343853, 0.004371302668005228, 0.010832775384187698, -0.009673113003373146, -0.020526720210909843, 0.01197854895144701, -0.013429863378405571, 0.005166400223970413, -0.004346997942775488, 0.00047132986946962774, -0.011034153401851654, 0.008089860901236534, -0.0013089602580294013, 0.03272053599357605, 0.002140514785423875, 0.024984823539853096, -0.009673113003373146, -0.013242373242974281, -0.0237210001796484, -0.054358310997486115, 0.020123962312936783, -0.029554031789302826, -0.024679282680153847, -0.02365155890583992, -0.035581499338150024, -0.013415975496172905, -0.0012091391254216433, -0.00775654474273324, 0.0017030371818691492, 0.012513243593275547, -0.005492772441357374, -0.0341649055480957, -0.024068204686045647, -0.0017672700341790915, 0.02179054357111454, -0.03741473704576492, -0.010416129603981972, -0.0025397995486855507, -0.0432477705180645, 0.009284243918955326, 0.0021978034637868404, 0.027387477457523346, -0.024859830737113953, -0.0009539438760839403, -0.014124272391200066, -0.006812148727476597, -0.004992798436433077, -0.011686897836625576, -0.0026595850940793753, -0.015457537025213242, -0.017499098554253578, -0.013513192534446716, -0.008200965821743011, -0.0032845528330653906, 0.03069286234676838, 6.683683022856712e-05, 0.007131577003747225, 0.018221283331513405, -0.013409031555056572, 0.02805410884320736, 0.010631396435201168, -0.01220075972378254, 0.05210842564702034, 0.015749188140034676, 0.010450850240886211, -0.002727289916947484, 0.005360834766179323, 0.01762409135699272, 0.009249523282051086, 0.003579676616936922, 0.012679901905357838, 0.024040427058935165, 0.0073815640062093735, 0.019401777535676956, 0.015221437439322472, 0.016082504764199257, 0.008471786044538021, 0.01175633817911148, -0.012853504158556461, 0.004107427317649126, -0.02916516363620758, 0.023068254813551903, 0.01092999242246151, 0.006142044439911842, -0.018582375720143318, -0.01127025205641985, -0.0335538275539875, -0.00515945628285408, 0.010089757852256298, -0.019262896850705147, 0.0019703845027834177, -0.02770690619945526, 0.057441484183073044, -0.007339899428188801, 0.008200965821743011, 0.030665086582303047, 0.022929374128580093, -0.003996321931481361, -0.020526720210909843, 0.02084614709019661, 0.013256261125206947, -0.005642070434987545, -0.02148500457406044, -0.0009044672478921711, 0.00923563539981842, 0.002456470625475049, 0.003413018537685275, 0.009242579340934753, -0.00906897708773613, 0.02866518869996071, -0.0029061001259833574, 0.018193507567048073, -0.017165781930088997, 0.007534333970397711, 0.05610821768641472, 0.027873562648892403, -0.021818319335579872, 0.02006841078400612, 0.008555114269256592, 0.034026023000478745, 0.0194851066917181, -0.003084910335019231, 0.031248388811945915, -0.015360319055616856, 0.01512422040104866, -0.017818525433540344, -0.007603774778544903, 0.03102617897093296, -0.013770123943686485, -0.011686897836625576, 0.009666168130934238, 0.02638752944767475, 0.01313126739114523, -0.02006841078400612, -0.03566482663154602, 0.007673215586692095, 0.00022166826238390058, 0.03519263118505478, -0.006496192887425423, -0.0007043907535262406, -0.03133171796798706, -0.01072861347347498, -0.025804225355386734, -0.03952573984861374, -0.015040891245007515, -0.010527235455811024, -0.022415511310100555, -0.009673113003373146, 0.021846096962690353, 0.024748723953962326, -0.015374207869172096, -0.0024703587405383587, 0.01702689938247204, -0.019429553300142288, -0.025012599304318428, 0.01979064755141735, -0.011173035018146038, -0.012881280854344368, 0.020512832328677177, -0.010464738123118877, -0.008242630399763584, 0.023262690752744675, 0.015818629413843155, 0.008200965821743011, 0.01015225425362587, 0.02155444398522377, 0.001216083182953298, -0.02916516363620758, 0.008582890965044498, 0.025470908731222153, 0.00426366925239563, 0.005951082333922386, 0.007846817374229431, -0.012804895639419556, 0.024165421724319458, -0.0001808717497624457, -0.005357362795621157, 0.05721927434206009, -0.007895426824688911, -0.009082864969968796, -0.05541381239891052, 0.0018141425680369139, -0.018568487837910652, -0.016471372917294502, -0.01986008696258068, 0.0018367108423262835, 0.027290260419249535, 0.0028713797219097614, -0.006610770244151354, -0.010450850240886211, 0.007166297174990177, 0.016957459971308708, 0.0012646918185055256, 0.0005603010067716241, -0.032776087522506714, -0.023026591166853905, 0.007471837103366852, 0.02104058302938938, 0.040720123797655106, 8.593306847615167e-05, 0.0029547088779509068, -0.019846199080348015, 0.008569003082811832, 0.01691579446196556, -0.04527544602751732, 0.012291032820940018, -0.008319015614688396, -0.02473483607172966, -0.025998659431934357, 0.005333058536052704, 0.0002729893894866109, 0.01292294543236494, 0.000980852171778679, -0.013193764723837376, -0.02510981634259224, -0.009374517016112804, -0.0002554121892899275, -0.028970729559659958, -0.02155444398522377, 0.015374207869172096, 0.02944292686879635, 0.007895426824688911, 0.011784114874899387, 0.036970317363739014, -0.00036977260606363416, -0.0014105176087468863, -0.026609739288687706, -0.010041149333119392, 0.024707060307264328, 0.015554754063487053, 0.02513759396970272, -0.019096238538622856, 0.0336371548473835, 0.004013682249933481, 0.000833290396258235, 0.028637412935495377, 0.010777221992611885, -0.0036178689915686846, 0.023970987647771835, -0.006496192887425423, -0.00046698981896042824, 0.015526977367699146, 0.0010763334576040506, -0.0221933014690876, 0.0013862132327631116, -0.017554650083184242, -0.0034008664079010487, 0.01759631559252739, -0.0054511078633368015, -0.006947558373212814, -0.020860036835074425, 0.022679386660456657, -0.007082968484610319, -0.01390900555998087, -0.04763643443584442, -0.009450902231037617, -0.031109508126974106, -0.010430018417537212, 0.001350624836049974, 0.04321999475359917, -0.010436962358653545, -0.009707832708954811, -0.004544904455542564, -0.0034269066527485847, 0.004565736744552851, -0.024457072839140892, 0.008381512016057968, 0.002595352241769433, -0.03741473704576492, -0.02277660369873047, -0.003965073265135288, 0.027762457728385925, 0.004753227345645428, 0.004454631358385086, 0.009693944826722145, 0.010256416164338589, -0.011103594675660133, -0.007839873433113098, -0.027012497186660767, 0.020054521039128304, -0.013540968298912048, -0.032664984464645386, -0.00024369404127355665, -0.029581809416413307, -0.0055830455385148525, -0.007016999647021294, 0.021609997376799583, 0.017651867121458054, 0.003079702379181981, 0.011235532350838184, -0.011527183465659618, 0.025429245084524155, 0.026873614639043808, 0.02419319748878479, 0.016596367582678795, 0.0050414069555699825, 0.0020745459478348494, 0.000510824378579855, -0.017443545162677765, -0.035414841026067734, -0.00964533630758524, -0.012492411769926548, 0.0032290001399815083, 0.0060552433133125305, 0.015846405178308487, 0.016193609684705734, 0.01221464853733778, 0.006083020009100437, -0.004482408054172993, 0.01294377725571394, 0.005937193986028433, 0.026554187759757042, -0.021026693284511566, 0.01104804128408432, 0.017499098554253578, -0.0023123808205127716, 0.002270716242492199, 0.0038643842563033104, -0.022554393857717514, 0.03410935401916504, -0.0003574034490156919, -0.03166503459215164, -0.026248646900057793, -0.008728716522455215, -0.03191502019762993, -0.002367933513596654, -0.0004099181096535176, -0.012652126140892506, 0.021498892456293106, 0.022623833268880844, -0.004215060733258724, -0.04183117672801018, 0.016707472503185272, -0.004197700414806604, 0.006867701653391123, -0.009589783847332, -0.009805049747228622, 0.017582427710294724, -0.03299830108880997, 0.004392134957015514, -0.028609637171030045, 0.00032441903022117913, -0.02798466943204403, -0.013471527956426144, 0.026206983253359795, 0.0006570841651409864, 0.009902267716825008, 0.02506815269589424, -0.008277351036667824, -0.014235377311706543, -0.001404441543854773, -0.010839719325304031, -0.01820739544928074, -0.0285263080149889, 0.02301270328462124, 0.03313717991113663, 0.010485570877790451, 0.0395812951028347, -0.022373847663402557, 0.020693378522992134, -0.018026849254965782, 0.02805410884320736, 0.006273982115089893, 0.013999278657138348, -0.004027570132166147, -0.011610512621700764, -0.008263463154435158, 0.02310992032289505, 0.0077843209728598595, 0.0159019585698843, 0.025012599304318428, 0.01050640270113945, 0.02433208003640175, -0.020221179351210594, 0.011582735925912857, -0.0071246325969696045, -0.01400622259825468, -0.005044878926128149, 0.004239364992827177, -0.010416129603981972, 0.0018766394350677729, -0.048275288194417953, -0.0017420976655557752, 0.014943674206733704, -0.009298131801187992, 0.024998711422085762, -0.0015207550022751093, 0.016263050958514214, -0.006135100498795509, 0.02767912857234478, -0.0273041483014822, 0.00865927617996931, -0.033914919942617416, 0.0003517613804433495, -0.029831795021891594, -0.01844349317252636, -0.00701352721080184, 0.02023506909608841, 0.01986008696258068, 0.011811891570687294, -0.006096907891333103, -0.001328924554400146, 0.041192322969436646, -0.008298183791339397, -0.01661025546491146, 0.009687000885605812, -0.0055066607892513275, 0.0114021897315979, -0.009464790113270283, -0.01677691377699375, -0.056219324469566345, 0.024998711422085762, 0.021498892456293106, -0.013235429301857948, 0.0111174825578928, -0.026095876470208168, 0.0003298441006336361, 0.014131216332316399, -0.006044827401638031, 0.0492752380669117, -0.001302884193137288, 0.03522040694952011, 0.03580370917916298, 0.0032081680838018656, 0.010721669532358646, 0.0016544286627322435, 0.020901700481772423, -0.006982279010117054, 0.02824854478240013, 0.0468309186398983, -0.009325908496975899, -0.01681857742369175, -0.010145310312509537, -0.03319273516535759, -0.00011956848902627826, -0.0027255539316684008, 0.022346070036292076, -0.0001739276631269604, -0.013999278657138348, -0.011631345376372337, -0.0009469998185522854, -0.040553465485572815, -0.005003214348107576, -0.013693738728761673, 0.002281132386997342, 0.018665704876184464, -0.02247106470167637, -0.03213723376393318, 0.028067998588085175, 0.004659482277929783, 0.011568848043680191, 0.01576307602226734, 0.009437013417482376, -0.010450850240886211, -0.014318706467747688, -0.00957589503377676, 0.0426366925239563, 0.009978652000427246, 0.03405379876494408, -0.03705364465713501, 0.0013428127858787775, -0.0013757970882579684, -0.0033956582192331553, -0.029498480260372162, -0.00047306588385254145, 0.0010364048648625612, 0.036664776504039764, -0.01197854895144701, 0.0015059987781569362, 0.006832981016486883, -0.016735248267650604, 0.018387941643595695, -0.013742347247898579, -0.015749188140034676, -0.03147060051560402, -0.019846199080348015, 0.0021110023371875286, 0.044275496155023575, -0.011999381706118584, -0.004201172385364771, 0.0006648962735198438, -0.012172983959317207, 0.004819196183234453, -3.1482345548283774e-06, -0.0010936936596408486, -0.01677691377699375, -0.032942745834589005, -0.014902009628713131, 0.014360371045768261, 0.013277093879878521, 0.015929734334349632, -0.015318654477596283, 0.017818525433540344, 0.016082504764199257, 0.0023175887763500214, -0.011589680798351765, 0.009416181594133377, -0.015888070687651634, 0.0028227712027728558, -0.031053954735398293, 0.00736767565831542, -0.014763128012418747, -0.025220923125743866, 0.006197597365826368, -0.008416232652962208, -0.010631396435201168, -0.01573530025780201, 0.023137696087360382, -0.01082583051174879, -0.007346843369305134, -0.011068874038755894, -0.02781801111996174, -0.011520239524543285, 0.019582323729991913, -0.01962398923933506, -0.018318500369787216, 0.034248236566782, -1.6315891116391867e-05, 0.012027157470583916, 0.0014157256809994578, 0.004378246609121561, 0.003947713412344456, -0.017721308395266533, 0.004215060733258724, -0.027123602107167244, -0.04577541723847389, -0.019110126420855522, 0.0058538648299872875, 0.025707008317112923, 0.008471786044538021, -0.002001632936298847, -0.03369270637631416, -0.003843551967293024, -0.01072861347347498, 0.026679180562496185, 0.0005776612088084221, -0.029998453333973885, 0.02324880100786686, 0.024762611836194992, 0.008124581538140774, 0.0026439609937369823, -0.024887606501579285, -0.01924900710582733, -0.029581809416413307, -0.03830358013510704, -0.004412966780364513, -0.0057149832136929035, -0.006874645594507456, 0.01201326958835125, 0.0014105176087468863, -0.009687000885605812, -0.02960958518087864, -0.003965073265135288, -0.03360937908291817, -0.031859468668699265, -0.0037845270708203316, 0.016165833920240402, 0.03694254159927368, 0.0016223122365772724, -0.027526358142495155, 0.03191502019762993, 0.011839667335152626, 0.010950824245810509, -0.03766472637653351, 0.018346276134252548, -0.0051247356459498405, -0.02974846586585045, 0.004145619459450245, -0.012575740925967693, -0.038553569465875626, -0.02023506909608841, -0.001965176546946168, 0.012728510424494743, 0.02855408377945423, 0.025457020848989487, -0.009825882501900196, -0.022693274542689323, 0.01898513175547123, 0.005409443285316229, 0.009735609404742718, -0.013700682669878006, -0.001421801745891571, -0.03524818271398544, -0.029276268556714058, 0.023123808205127716, -0.015582529827952385, -0.005291393958032131, -0.02033228613436222, 0.0024859830737113953, -0.00881204567849636, 0.01658247783780098, 0.008360680192708969, -0.0006440640427172184, -0.008048196323215961, -0.02629031240940094, 0.022651610895991325, 0.03769250214099884, 0.007353787776082754, 0.060719091445207596, 0.008805101737380028, 0.03099840320646763, -0.014235377311706543, 0.027109714224934578, -0.005794840399175882, -0.027262484654784203, 0.002848811447620392, 0.0043122777715325356, 0.0111174825578928, -0.04077567532658577, 0.018054625019431114, -0.0032967051956802607, -0.015485312789678574, -0.00686075771227479, -0.004694202449172735, 0.0031352550722658634, 0.016763024032115936, 0.01681857742369175, -0.043942179530858994, -0.006892005912959576, -0.0023540453985333443, -0.04216449335217476, -0.007152409292757511, -0.008082916960120201, 0.010402241721749306, -0.003157823346555233, -0.02091558836400509, -0.00759683083742857, -0.011110538616776466, -0.028470754623413086, 0.0005524888983927667, 0.02117946371436119, -0.008749549277126789, 0.006926726549863815, 0.19254563748836517, -0.02358211763203144, -0.00030488878837786615, 0.01745743304491043, 0.0049233571626245975, 0.021332234144210815, 0.008763437159359455, 0.013318757526576519, -0.013888172805309296, 0.010555011220276356, -0.0114021897315979, 0.0005412047612480819, -0.009332852438092232, -0.001679600914940238, 0.022318294271826744, 0.002300228690728545, -0.03369270637631416, -0.041497860103845596, -0.022998815402388573, 0.001696961116977036, 0.012707678601145744, -0.011804946698248386, -0.004669898189604282, -0.044553257524967194, 0.009818938560783863, -0.010346689261496067, 0.02134612202644348, 0.01407566387206316, -0.0077773770317435265, 0.012492411769926548, -0.02855408377945423, 0.003867856226861477, -0.017165781930088997, 0.0025137593038380146, -0.035748157650232315, -0.01604083925485611, 0.014054831117391586, -0.014818680472671986, 0.010485570877790451, 0.03269276022911072, -0.006221901625394821, -0.03010956011712551, 0.02226274088025093, 0.01258962880820036, -0.01969342865049839, -0.011200811713933945, -0.014374258928000927, 0.014089551754295826, 0.0007560374215245247, 0.007735712453722954, -0.03222056105732918, -0.020526720210909843, 0.027887452393770218, 0.022318294271826744, -0.002472094725817442, -0.01407566387206316, 0.02030450850725174, 0.002473830943927169, 0.01786019094288349, 0.02459595538675785, -0.001486902474425733, 0.03733140975236893, 0.0012100071180611849, -0.0010164406849071383, 0.012395194731652737, 0.009839770384132862, -0.01253407634794712, -0.031692810356616974, 0.008541226387023926, -0.004888636991381645, -0.012839616276323795, -0.0219294261187315, 0.006183709017932415, 0.0017238694708794355, -0.016499150544404984, -0.01938788965344429, 0.031387269496917725, 0.015429760329425335, 0.0033279533963650465, 0.043469980359077454, -0.015888070687651634, -0.017749086022377014, -0.01576307602226734, -0.003603980876505375, -0.015040891245007515, -0.014665910974144936, 0.0088675981387496, -0.000729563063941896, -0.02108224667608738, -0.0033644100185483694, -0.004614345729351044, -0.007051719818264246, 0.0011388302082195878, -0.022915486246347427, 0.014374258928000927, 0.026206983253359795, 0.009582838974893093, 0.02960958518087864, 0.006176765076816082, -0.0027498581912368536, -0.03430378809571266, 0.04371996968984604, 0.018193507567048073, 0.00018521181482356042, -0.01867959275841713, 0.004468519706279039, 0.004673370160162449, 0.006485776975750923, 0.018221283331513405, -0.025734784081578255, 0.006683683488518, -0.029498480260372162, 0.002235995838418603, -0.009409237653017044, -0.012034102343022823, -0.018735146149992943, 0.058719195425510406, -0.0038539681117981672, -0.002814091043546796, -0.033748261630535126, 0.011304972693324089, -0.04680314287543297, 0.012228536419570446, 0.007478781044483185, -0.0021630830597132444, 0.0009079393348656595, -0.005572629626840353, 0.007874594070017338, 0.0004765379417221993, 0.0028609635774046183, 0.03288719430565834, -0.013436807319521904, 0.011902164667844772, -0.020498942583799362, -0.004367830231785774, 0.01759631559252739, -0.024470960721373558, -0.020221179351210594, -0.011666065081954002, 0.02310992032289505, -0.020721154287457466, -0.035442616790533066, 0.013103491626679897, -0.0162074975669384, 0.012443803250789642, -0.023096032440662384, 0.012902112677693367, -0.019221231341362, -0.0001656815584283322, -0.009555063210427761, -0.005572629626840353, -0.0030224137008190155, 0.012950721196830273, -0.029554031789302826, 0.019540660083293915, -0.030665086582303047, 0.006322590634226799, -0.03630368411540985, 0.023221025243401527, -0.01945733092725277, -0.01738799177110195, 0.012429915368556976, -0.002808883087709546, 0.0005811332375742495, -0.020485054701566696, -0.01016614306718111, -0.1751020848751068, 0.010325856506824493, 0.03563705086708069, -0.019401777535676956, 0.0029529728926718235, 0.020485054701566696, 0.011346637271344662, 0.002001632936298847, -0.009187026880681515, -0.04541432484984398, 0.034026023000478745, -0.010159198194742203, -0.03380381315946579, -0.019651765003800392, -0.005392082966864109, 0.005385139025747776, -0.004308805800974369, 1.8648670447873883e-05, 0.02442929707467556, 0.01587418094277382, 0.02456817775964737, -0.03408157825469971, 0.0033314255997538567, -0.03160948306322098, 0.005926778074353933, 0.025929220020771027, -0.005471940152347088, -0.0051768166013062, -0.01495756208896637, -0.00811763759702444, 0.00313872704282403, 0.005926778074353933, 0.011679953895509243, -0.023665446788072586, 0.007839873433113098, -0.0012924681650474668, -0.00036847058800049126, 0.009277299977838993, -0.009374517016112804, 0.005933722015470266, 0.023082144558429718, -0.006780900526791811, -0.019346226006746292, 0.023707112297415733, -0.0054580518044531345, 0.024845940992236137, -0.0024859830737113953, -0.0006848605116829276, 0.047858644276857376, -0.00830512773245573, 0.026776397600769997, -0.007471837103366852, -0.012249368242919445, 0.02148500457406044, 0.011652177199721336, 0.01952677220106125, 0.0020658657886087894, -0.004409494809806347, -0.020735042169690132, 0.00534694641828537, 0.0003578374453354627, -0.009888378903269768, 0.009555063210427761, -0.010089757852256298, -0.018860138952732086, -0.01870736852288246, 0.00424630893394351, 0.040720123797655106, -0.03908132016658783, 0.01175633817911148, -0.013506248593330383, 0.02727637253701687, 0.018429605290293694, -0.010804998688399792, -0.008256519213318825, 0.009124529547989368, -0.021707214415073395, -0.0022186357527971268, 0.01708245277404785, 0.01867959275841713, -0.010430018417537212, 0.027151377871632576, 0.009110641665756702, 0.02172110229730606, -0.0016613727202638984, 0.007270458620041609, -0.006142044439911842, -0.01165912114083767, -0.014985338784754276, -0.011721618473529816, 0.004121315199881792, -0.028429090976715088, -0.033887144178152084, 0.005322642158716917, 0.0225405041128397, 0.012221592478454113, -0.021596109494566917, 0.00888148695230484, 0.031553927809000015, -5.023612538934685e-05, 0.009721721522510052, -0.0026300728786736727, -0.02141556330025196, 0.01938788965344429, 0.025054264813661575, 0.0037498066667467356, -0.004888636991381645, -0.005982330534607172, 0.02913738787174225, 0.022387735545635223, -0.003255040617659688, 0.008569003082811832, -0.020082298666238785, 0.03894243761897087, 0.02199886552989483, 0.02774856984615326, -0.014902009628713131, -0.012992385774850845, 0.023943210020661354, 0.000844140537083149, 0.04124787449836731, -0.04216449335217476, -0.0194851066917181, -0.0026613210793584585, -0.019429553300142288, 0.010180030949413776, -0.09688389301300049, 0.007687103934586048, 0.027248594909906387, 0.018485158681869507, -0.01480479259043932, -0.0031803916208446026, -0.0144159235060215, 0.05199731886386871, -0.022818269208073616, 0.046164289116859436, -0.011381357908248901, -0.03788693621754646, -0.02412375621497631, 0.01745743304491043, 0.03085952065885067, 0.004996270406991243, -0.027998557314276695, 0.009957820177078247, -0.001920039881952107, 0.02452651411294937, -0.010068925097584724, -0.004027570132166147, 0.030581757426261902, -0.009082864969968796, 0.006680211052298546, 0.05485828220844269, -0.030942849814891815, 0.01204799022525549, 0.009020368568599224, -0.0018315027700737119, 0.03174836188554764, -0.023596005514264107, 0.013749291189014912, -0.004208116326481104, -0.015915846452116966, -0.03305385261774063, -0.029526256024837494, -0.03174836188554764, 0.013784011825919151, -0.023193249478936195, 0.003166503505781293, 0.002192595275118947, -0.008402344770729542, -0.027929116040468216, 0.002798466943204403, -0.007860706187784672, -0.014527029357850552, 0.029248492792248726, 0.020512832328677177, -0.03008178249001503, -0.02385988086462021, -0.007464893162250519, -0.010978600941598415, 0.0016743928426876664, 0.03208167850971222, 0.042442258447408676, -0.008721772581338882, -0.004107427317649126, -0.018054625019431114, 0.0024165420327335596, -0.027929116040468216, -0.011909108608961105, -0.012596572749316692, 0.028581859543919563, 0.03983128070831299, 0.0019946887623518705, -0.0063121747225522995, -0.017485210672020912, 0.01050640270113945, 0.0034147545229643583, -0.028304096311330795, 0.014277041889727116, -0.0366092249751091, 0.016554702073335648, -0.015401983633637428, 0.0027672185096889734, -0.020151739940047264, -0.04094233363866806, 0.015818629413843155, -0.009298131801187992, 0.01016614306718111, -0.020054521039128304, -0.020193403586745262, 0.0024963992182165384, 0.02899850532412529, -0.0013297925470396876, -0.009270355105400085, -0.0074579487554728985, 0.01719355769455433, -0.0504140667617321, 0.01634638011455536, 0.010409185662865639, 0.030609533190727234, -0.030748415738344193, 0.001920039881952107, 0.0207072664052248, -0.020526720210909843, 0.014402035623788834, 0.005037934985011816, -0.023471012711524963, 0.008735660463571548, -0.005065711215138435, -0.06838536262512207, 0.01908235065639019, 0.001975592691451311, 0.0071732415817677975, 0.024179309606552124, 0.00037715068901889026, 0.005534437019377947, -0.02006841078400612, 0.03691476583480835, 0.030665086582303047, 0.016360267996788025, 0.03447044640779495, -0.0076593272387981415, 0.005899001378566027, -0.0001921559014590457, -0.0014131215866655111, 0.017651867121458054, 0.019110126420855522, 0.04033125564455986, 0.008110692724585533, 0.014277041889727116, -0.028470754623413086, 0.022609945386648178, 0.012867392040789127, -0.007631551008671522, 0.02040172554552555, 0.02199886552989483, 0.006968390662223101, -0.0077079362235963345, -0.026276422664523125, 0.013318757526576519, -0.025498686358332634, 0.009693944826722145, 0.01688801869750023, 0.04977521300315857, -0.02565145492553711, 0.012075766921043396, 0.03583148494362831, 0.024957047775387764, 0.006298286374658346, -0.005246257409453392, -0.041331201791763306, -0.0005850392626598477, -0.008541226387023926, -0.026095876470208168, 0.016415821388363838, -0.015638083219528198, 0.00788153801113367, 0.0009739081142470241, -0.020985029637813568, 0.03860912099480629, 0.03238721936941147, -0.03508152440190315, -0.014721463434398174, -0.0034876675345003605, -0.023762663826346397, 0.011395245790481567, 0.013388198800384998, 0.016263050958514214, -0.00406923471018672, 0.03691476583480835, -0.017776861786842346, 0.012422970496118069, -0.0003521953767631203, -0.004402550868690014, -0.02723470702767372, -0.0010225167497992516, -0.006892005912959576, -0.00026474331389181316, -0.005968442186713219, 0.014304818585515022, -0.012228536419570446, -0.010381408967077732, 0.011645233258605003, 0.015096443705260754, 0.012860448099672794, -0.008437065407633781, 0.024234861135482788, 0.0045761531218886375, 0.028040220960974693, 0.015957510098814964, -0.034248236566782, -0.02162388525903225, -0.0017412296729162335, 0.025998659431934357, 0.028609637171030045, -0.029081834480166435, 0.028304096311330795, -0.012672957964241505, 0.010200862772762775, -0.0024634147994220257, 0.014402035623788834, -0.018332388252019882, -0.01512422040104866, -0.0013436807785183191, -0.01070778165012598, -0.029804019257426262, -0.004308805800974369, -0.006749652326107025, 0.001499922713264823, -0.0008363284287042916, 0.009582838974893093, 0.003251568414270878, -0.036192577332258224, -0.03766472637653351, -0.0069857509806752205, -0.017554650083184242, 0.0033296893816441298, 0.009784217923879623, 0.03935908153653145, 0.004395606927573681, 0.007346843369305134, -0.014152048155665398, 0.006878117565065622, 0.015568641945719719, -0.012020213529467583, 0.015610306523740292, -0.026206983253359795, -0.023568229749798775, 0.030192887410521507, 0.005228897091001272, 0.0035657885018736124, 0.00945784617215395, -0.009048144333064556, 0.05499716475605965, 0.03919242322444916, -0.014888121746480465, 0.009499510750174522, 0.024082092568278313, 0.02216552384197712, -0.0016422764165326953, -0.0032949689775705338, -0.008006531745195389, -0.029220717027783394, -0.008805101737380028, -0.009909211657941341, -0.005208064801990986, -0.001071125385351479, 0.005291393958032131, 0.08544003963470459, 0.012714622542262077, -0.02115168794989586, -0.008735660463571548, -0.006464944686740637, 0.029248492792248726, 0.015638083219528198, 0.005621238145977259, -0.014103439636528492, -0.03799804300069809, 0.014485364779829979, -0.010360577143728733, -0.03610925003886223, -0.012679901905357838, 0.025734784081578255, -0.019776757806539536, -0.0030293576419353485, 0.015360319055616856, -0.008610667660832405, -0.0023314771242439747, -0.018790697678923607, 0.005357362795621157, 0.010409185662865639, 0.005763591732829809, -0.005711511243134737, 0.01606861688196659, -0.006867701653391123, -0.005489300470799208, -0.00938840489834547, -0.017610203474760056, -0.0072496263310313225, 0.004416439216583967, -0.017804637551307678, -0.018499046564102173, 0.0008840690134093165, -0.00817319005727768, -0.01816572993993759, 0.00993004348129034, 0.004579625092446804, 0.03133171796798706, -0.030165111646056175, 0.008978703990578651, -0.017554650083184242, -0.027484694495797157, -0.013061827048659325, -0.011367470026016235, 0.0159436222165823, -0.018110178411006927, -0.01901290938258171]","[0.0035605106968432665, 0.008303404785692692, 0.015751753002405167, -0.02196427620947361, -0.057876668870449066, 0.017167940735816956, 0.020494647324085236, -0.005434288177639246, -0.007288024760782719, -0.03682089224457741, 0.009452387690544128, 0.004074880853295326, 0.01766226999461651, -0.0020240801386535168, -0.012358245439827442, 0.006509789265692234, 0.0036072717048227787, -0.01607239991426468, -0.0066433921456336975, -0.02311326004564762, -0.01833028346300125, 0.0016967536648735404, -0.007461708039045334, -3.6010089388582855e-05, -0.016206001862883568, 0.011402986943721771, 0.016219362616539, -0.00177357520442456, 0.0015723361866548657, 0.015604790300130844, 0.022458605468273163, 0.0074884286150336266, -0.020735131576657295, -0.025130659341812134, -0.010267363861203194, -0.01787603460252285, 0.005000079516321421, 0.011175861582159996, 0.03874476999044418, -0.01666025072336197, 0.029820112511515617, -0.02224484272301197, -0.0022846052888780832, -0.02861768938601017, -0.01396147720515728, 0.00667011272162199, -0.01066817156970501, -0.04040144383907318, -0.012839214876294136, 0.008831134997308254, 0.011062299832701683, 0.03764922916889191, -0.037916433066129684, -0.012779094278812408, 0.012184562161564827, -0.015711672604084015, 0.02098897658288479, 0.048203837126493454, -0.018022997304797173, 0.01548454724252224, 0.017715711146593094, 0.00911170057952404, -0.007535189855843782, 0.0081096813082695, -0.015297504141926765, -0.01138294581323862, 0.016473207622766495, 0.002687083324417472, 0.016606809571385384, 0.010340845212340355, 0.026373164728283882, 0.02618611976504326, -0.002312995959073305, 0.02781607210636139, 0.027361823245882988, -0.015684951096773148, -0.014242042787373066, -0.014108439907431602, -0.006549870129674673, 0.011095700785517693, -0.007775674574077129, -0.02490353398025036, -0.0018420466221868992, -0.00888457614928484, 0.02318006008863449, 0.036152876913547516, 0.006382866762578487, 0.013493867591023445, -0.009853195399045944, -0.01020056288689375, 0.001695083687081933, 0.0028206859715282917, 0.01967967115342617, 0.0033300460781902075, 0.00602881982922554, 0.0356719084084034, -0.0016708681359887123, 0.028537526726722717, -0.0005423432448878884, -0.044676728546619415, -0.023968316614627838, -0.01881125383079052, -0.047375500202178955, 0.0007736428524367511, -0.04160386696457863, -0.013119780458509922, 0.02050800807774067, 0.0017351644346490502, 0.011423027142882347, 0.04232532158493996, 0.014095080085098743, 0.005430947989225388, 0.0012926056515425444, -0.028590967878699303, -0.006730233784765005, -0.027602307498455048, 0.004011419601738453, -0.015070379711687565, -0.023741191253066063, 0.0071143414825201035, 0.02431568317115307, 0.01600559800863266, 0.00580169539898634, -0.02816343866288662, 0.012324844487011433, 0.0013017908204346895, -0.0016391375102102757, -0.016206001862883568, -0.017194662243127823, -0.026079237461090088, 0.019893435761332512, 0.02379463240504265, -0.00244325865060091, 0.012050959281623363, -0.02452944777905941, 0.00981979537755251, -0.013540629297494888, -0.003911217674612999, 0.003002719720825553, -0.0009577640448696911, 0.01418860163539648, 0.015377665869891644, 0.021870754659175873, -0.03762250766158104, -0.019252141937613487, 0.02022744156420231, 0.01233152486383915, -0.008457047864794731, -0.02207115851342678, 0.004499069415032864, 0.024275602772831917, -0.009392266161739826, -0.013099740259349346, 0.019652949646115303, 0.031129417940974236, -0.01091533713042736, 0.00584511598572135, -0.02418208122253418, 0.021777233108878136, 0.005718193482607603, -0.005397547036409378, 0.007134381681680679, 0.008069599978625774, 0.00913174171000719, -0.011102380231022835, 0.023433905094861984, -0.0119173564016819, -0.021844033151865005, -0.03062172792851925, -0.005678112618625164, 0.0014429086586460471, 0.008690852671861649, -0.018664291128516197, 0.008938017301261425, 0.006907257251441479, -0.02615940012037754, 0.028003117069602013, 0.026720531284809113, -0.01089529599994421, -0.016820574179291725, -0.0018236762844026089, 0.016085758805274963, 0.020868735387921333, 0.01939910463988781, -0.002503379713743925, -0.05002083256840706, -0.002222814131528139, 0.008450367487967014, 0.01857076957821846, 0.0020023698452860117, 0.022124599665403366, 0.019065098837018013, -0.006429627537727356, -0.02231164276599884, -0.5874241590499878, -0.036045994609594345, -0.016847293823957443, -0.04534474015235901, -0.013286784291267395, 0.0017769152764230967, 0.004759594332426786, -0.015404386445879936, -0.026854133233428, 0.015110460110008717, -0.034522924572229385, 0.03738202154636383, -0.0018320264061912894, -0.007775674574077129, -0.014161881059408188, -0.00789591670036316, 0.023848073557019234, -0.016272803768515587, -0.00812304113060236, 0.0008329290430992842, -0.033454105257987976, 0.00500675942748785, 0.012384966015815735, -0.004265264607965946, -0.024863453581929207, -0.0033367262221872807, 0.008149761706590652, -0.0031246321741491556, 0.020641610026359558, 0.01937238499522209, -0.027495427057147026, 0.018450526520609856, 0.015270783565938473, -0.03118285909295082, 0.04173747077584267, 0.02026752196252346, 0.004953318275511265, 0.02968651056289673, 0.008924657478928566, 0.04112289845943451, -0.026493405923247337, -0.016059039160609245, -0.025344423949718475, -0.012137801386415958, 0.003121291985735297, 0.0157651137560606, 0.004161722492426634, 0.01583191379904747, 0.01711449958384037, -0.014201962389051914, -0.011924036778509617, -0.0035438104532659054, -0.014856615103781223, -0.0013585720444098115, 0.024569528177380562, -0.022979656234383583, 0.011736992746591568, -0.008891256526112556, 0.01857076957821846, -0.0108418557792902, 0.021456586197018623, -9.373061038786545e-05, -0.010320805013179779, 0.005988738965243101, -0.02307317778468132, 0.016433127224445343, 0.004819715861231089, -0.011062299832701683, 0.020935535430908203, -0.022926215082406998, -0.0032565647270530462, -0.0065932911820709705, -0.00012807066377718002, 0.0020624909084290266, -0.010821814648807049, 0.015284143388271332, 0.014054998755455017, 0.015604790300130844, -0.015270783565938473, 0.015912076458334923, 0.012231322936713696, -0.0050301398150622845, -0.029232259839773178, -0.018303563818335533, -0.013694272376596928, 0.005394207313656807, -0.002446598606184125, -0.007702193222939968, 0.009218582883477211, -0.021002337336540222, 0.016646889969706535, 0.020801933482289314, 0.003787635127082467, -0.0170476995408535, 0.02802983671426773, 0.017782513052225113, -0.006933977827429771, -0.0014779793564230204, 0.030568286776542664, -0.027896234765648842, 0.001952268765307963, -0.028350483626127243, -0.003754234639927745, -0.0020925516728311777, 0.021563468500971794, 0.017996277660131454, -0.01641976647078991, -0.021456586197018623, 0.02189747430384159, 0.020708411931991577, -0.006489749066531658, -0.023300303146243095, 0.012171201407909393, -0.0009277034550905228, 0.007501788903027773, -0.03059500828385353, 0.005741573870182037, -0.0005962018622085452, -0.024435926228761673, 0.011670191772282124, 0.015738392248749733, 0.014990217983722687, 0.028884893283247948, -0.020107198506593704, 0.0058618164621293545, 0.0011882286053150892, 0.010467767715454102, 0.008690852671861649, 0.014054998755455017, 0.0042886449955403805, -0.010087000206112862, -0.025103937834501266, 0.006286005023866892, -0.01036088541150093, 0.019305583089590073, -0.023286942392587662, -0.0063127255998551846, -0.011282743886113167, -0.0010721612488850951, -0.006947338115423918, 0.02431568317115307, -0.011489828117191792, 0.017782513052225113, -0.007314745336771011, -0.0034669889137148857, -0.018063079565763474, -0.04863136634230614, 0.01850396767258644, -0.02933914214372635, -0.025437945500016212, -0.026480045169591904, -0.024689771234989166, -0.02137642540037632, -0.011723632924258709, -0.00891797710210085, 0.0022428545635193586, 0.009539229795336723, -0.0008909627213142812, -0.03938606381416321, -0.022525407373905182, -0.014161881059408188, 0.019011657685041428, -0.019492628052830696, -0.012946097180247307, -0.010661492124199867, -0.05116981640458107, 0.004996739327907562, 0.0014395685866475105, 0.006913937162607908, -0.020775211974978447, 0.0005607136408798397, -0.010280724614858627, 0.0017819254426285625, -0.000561131164431572, 0.005567890591919422, -0.0027906254399567842, -0.020735131576657295, -0.016152560710906982, -0.006696832831948996, -0.005875176750123501, -0.004619311541318893, 0.026132678613066673, 0.0017042688559740782, -0.002678733319044113, 0.03422899916768074, -0.01547118742018938, 0.030461404472589493, 0.007054219953715801, -0.020387765020132065, 0.05664752423763275, 0.006239243783056736, 0.006509789265692234, -0.0032749350648373365, 0.004231864120811224, 0.022057797759771347, 0.011269384063780308, 0.0048898570239543915, 0.007715553045272827, 0.0399739146232605, 0.007715553045272827, 0.03385491296648979, 0.0027004436124116182, 0.008684172295033932, 0.013707632198929787, 0.01104893907904625, -0.005641371943056583, 0.007548550143837929, -0.03786299377679825, 0.012879296205937862, 0.003310005646198988, 0.011322825215756893, -0.01894485577940941, -0.011349545791745186, -0.024342402815818787, 0.0108418557792902, 0.0213096234947443, -0.02120274119079113, 0.0017385045066475868, -0.02470313012599945, 0.04823055863380432, -0.009305424988269806, 0.01103557925671339, 0.029713230207562447, 0.02422216162085533, -0.004846436437219381, -0.023166699334979057, 0.02289949543774128, 0.008390246890485287, 0.00028745445888489485, -0.0019338984275236726, -0.004996739327907562, 0.004996739327907562, -0.004522449802607298, 0.006526489742100239, 0.017087779939174652, -0.011235983110964298, 0.024890175089240074, -0.01926550269126892, 0.017902756109833717, -0.030060596764087677, 0.0036673927679657936, 0.04569210857152939, 0.02979339100420475, -0.025558188557624817, 0.015551349148154259, 0.008804415352642536, 0.026854133233428, 0.03038124367594719, -0.004225183743983507, 0.030167479068040848, -0.009445707313716412, 0.005865156650543213, -0.01835700497031212, -0.011142461560666561, 0.03262576833367348, -0.03281281143426895, -0.01039428636431694, 0.01613919995725155, 0.025063857436180115, 0.018784532323479652, -0.023754552006721497, -0.04101601615548134, 0.014562689699232578, -0.006640051957219839, 0.03340066224336624, -0.008804415352642536, -0.0018537368159741163, -0.028510807082057, -0.007648752070963383, -0.01663353107869625, -0.0307018905878067, -0.024035116657614708, -0.008637411519885063, -0.019412465393543243, -0.006098960991948843, 0.0276824701577425, 0.01929222233593464, -0.011409666389226913, 0.00773559371009469, 0.005551190115511417, -0.008851176127791405, -0.021496666595339775, 0.013306824490427971, -0.0025852113030850887, -0.005674772895872593, 0.012718972750008106, -0.009445707313716412, -0.01631288416683674, 0.029739951714873314, 0.006359486375004053, 0.0033033257350325584, 0.008056240156292915, 0.011509868316352367, 0.00595867820084095, -0.04053504392504692, 0.008971418254077435, 0.025865474715828896, 0.0023948275484144688, 0.006346126087009907, 0.013480507768690586, -0.0016040668124333024, 0.013039618730545044, 0.003677413100376725, -0.0021977636497467756, 0.056380320340394974, -0.008971418254077435, -0.005130341742187738, -0.042592525482177734, 0.011389626190066338, -0.026306362822651863, -0.014348925091326237, -0.014576049521565437, -0.0071143414825201035, 0.02144322544336319, 0.00012723564577754587, -0.007328105624765158, -0.0017819254426285625, 0.00208754139021039, 0.018904775381088257, 0.00305282068438828, -0.0036039315164089203, -0.027001095935702324, -0.03332050144672394, 0.004218503832817078, 0.006088940892368555, 0.04277956858277321, 0.005407567601650953, -0.007020819466561079, -0.014562689699232578, 0.008256644010543823, 0.022338364273309708, -0.03807675465941429, 0.012759053148329258, -0.003335056360810995, -0.005407567601650953, -0.014763093553483486, 0.003587231272831559, 0.0012525249039754272, 0.00015990567044354975, 0.006827095523476601, -0.013253383338451385, -0.03340066224336624, -0.010347525589168072, 0.004736213944852352, -0.015457826666533947, -0.02435576356947422, 0.02335374429821968, 0.03788971155881882, -0.001262545119971037, 0.01579183340072632, 0.031209580600261688, 0.005280645098537207, -0.00031417497666552663, -0.024622969329357147, -0.020254163071513176, 0.022351723164319992, 0.007301385048776865, 0.024449285119771957, -0.004462328739464283, 0.0348435714840889, 0.012966137379407883, -0.010714933276176453, 0.026613648980855942, 0.004829735960811377, 0.0024900194257497787, 0.019666310399770737, -4.511699080467224e-05, -0.017234742641448975, 0.012879296205937862, -0.0056714327074587345, -0.021630270406603813, 0.01482989452779293, -0.016499927267432213, -0.006716873496770859, 0.009919997304677963, -0.010380926541984081, -0.008851176127791405, -0.019318943843245506, 0.02217804081737995, 0.00048055205843411386, -0.014910056255757809, -0.045638665556907654, -0.0038577765226364136, -0.02944602444767952, -0.0048397560603916645, 0.002986019244417548, 0.02542458474636078, -0.0005565385799854994, -0.008149761706590652, -0.00815644208341837, -0.013206622563302517, 0.01559142954647541, -0.030995815992355347, 0.006853816099464893, 2.5507148166070692e-05, -0.042939893901348114, -0.023620950058102608, 0.005972038488835096, 0.0314500629901886, 0.004091581329703331, 0.008056240156292915, 0.0037809552159160376, 0.004114961717277765, 0.0030377903021872044, -0.011008858680725098, -0.025999076664447784, 0.017675630748271942, -0.007267984561622143, -0.024342402815818787, -0.00861069094389677, -0.027548866346478462, 0.00546434847638011, -0.0027472046203911304, 0.023954955860972404, 0.017608830705285072, 0.002127622254192829, 0.019065098837018013, -0.0027188139501959085, 0.03222496062517166, 0.028938334435224533, 0.019532708451151848, 0.014242042787373066, 0.009499148465692997, 0.002817346015945077, 0.005133681930601597, -0.013260063715279102, -0.03682089224457741, -0.01193739753216505, -0.011463107541203499, -0.005527809727936983, 0.002677063224837184, 0.023647669702768326, 0.00990663655102253, 0.013600749894976616, 0.009519188664853573, -0.021429866552352905, 0.02175051160156727, 0.007815754972398281, 0.008390246890485287, -0.014990217983722687, 0.005334085784852505, 0.02518410049378872, 0.001574006280861795, -0.0062225437723100185, -0.008497129194438457, -0.021763872355222702, 0.03519093990325928, 0.011028898879885674, -0.02965978905558586, -0.02335374429821968, -0.009044899605214596, -0.03398851677775383, -0.0022328344639390707, -0.008296724408864975, -0.0036106116604059935, 0.01943918690085411, 0.017889395356178284, 0.006038839928805828, -0.03249216452240944, 0.024783292785286903, -0.0055812508799135685, 0.0026954335626214743, -0.01472301222383976, -0.020280882716178894, 0.011322825215756893, -0.02300637774169445, 0.009505828842520714, -0.025063857436180115, 0.0018203362124040723, -0.02400839701294899, -0.006994098890572786, 0.015310863964259624, 0.012425046414136887, 0.0028423964977264404, 0.03128974139690399, -0.010140441358089447, -0.0005916092777624726, 0.005427607800811529, -0.020641610026359558, -0.010294084437191486, -0.024622969329357147, 0.026907574385404587, 0.03283953294157982, 0.013500547967851162, 0.040722090750932693, -0.02979339100420475, 0.03198447450995445, -0.015444466844201088, 0.017996277660131454, 0.004071540664881468, 0.011463107541203499, 0.0007598650990985334, -0.011656831949949265, -0.009672831743955612, 0.02379463240504265, -0.0033918374683707952, 0.012278083711862564, 0.015818554908037186, 0.011356225237250328, 0.028938334435224533, -0.01233152486383915, 0.0006947338115423918, -0.01804971881210804, -0.020080478861927986, -0.012111080810427666, -0.0017936156364157796, 0.011817154474556446, 0.005628011655062437, -0.04347430542111397, -0.0014871645253151655, 0.02241852506995201, -0.007374866399914026, 0.03764922916889191, -0.0001929932041093707, 0.011663511395454407, -0.003951298538595438, 0.014763093553483486, -0.02244524657726288, 0.014242042787373066, -0.033935073763132095, 0.008343486115336418, -0.04243220388889313, -0.019171981140971184, -0.01670033112168312, 0.015537988394498825, 0.02920554019510746, 0.004762934520840645, -0.008897936902940273, -0.006255944259464741, 0.04203139618039131, -0.01501693855971098, -0.014161881059408188, 0.011903996579349041, -0.0019071778515353799, 0.006205843295902014, -0.0035772111732512712, -0.016860654577612877, -0.04873824864625931, 0.012865935452282429, 0.004976698663085699, -0.009712913073599339, 0.01652664877474308, -0.03815691918134689, -0.013246702961623669, 0.015284143388271332, 0.008670812472701073, 0.046680767089128494, -0.007267984561622143, 0.04277956858277321, 0.017261462286114693, 0.0029041876550763845, 0.005314045585691929, 0.004091581329703331, 0.017916115000844002, -0.01281917467713356, 0.021176021546125412, 0.0400540754199028, -0.005795015022158623, -0.020481286570429802, -0.007067580241709948, -0.028056558221578598, -0.00489319721236825, -0.010040239430963993, 0.012384966015815735, 0.0025401203893125057, -0.005955338478088379, -0.01373435277491808, -0.0034703288692981005, -0.04342086240649223, 0.014041638933122158, -0.0072947051376104355, 0.005644712131470442, 0.02664036862552166, -0.010968778282403946, -0.020521366968750954, 0.03233184292912483, 0.006479728501290083, 0.008570610545575619, 0.009879915975034237, 0.019866714254021645, -0.003456968581303954, -0.017408424988389015, -0.014803173951804638, 0.02802983671426773, 0.01323334313929081, 0.03190431371331215, -0.041764188557863235, -0.003361776703968644, -0.012518568895757198, -0.0022762552835047245, -0.03396179527044296, 0.010421006940305233, 0.0019188681617379189, 0.031717270612716675, -0.013407026417553425, -0.00784915592521429, 0.01195075735449791, -0.016620170325040817, 0.01881125383079052, -0.010888616554439068, -0.011984158307313919, -0.020801933482289314, -0.03155694529414177, 0.01742178574204445, 0.04312693700194359, -0.0095592699944973, -0.003951298538595438, -0.007421627640724182, -0.011028898879885674, 0.00876433402299881, -0.008457047864794731, 0.0072546242736279964, -0.005978718865662813, -0.027214860543608665, 0.0007373196422122419, 0.014696291647851467, 0.017208021134138107, 0.014041638933122158, -0.010901976376771927, 0.01846388727426529, 0.0170076172798872, 0.002964308951050043, -0.005527809727936983, 0.014869975857436657, -0.02165699005126953, 0.003069520927965641, -0.03647352382540703, 0.009171822108328342, -0.01780923455953598, -0.026974376291036606, 0.01929222233593464, -0.017261462286114693, -0.020815294235944748, -0.027014456689357758, 0.03762250766158104, -0.010968778282403946, -0.004899877123534679, -0.010661492124199867, -0.019078459590673447, -0.005865156650543213, 0.018771173432469368, -0.02965978905558586, -0.018557408824563026, 0.03938606381416321, -0.006306045223027468, 0.006382866762578487, 0.008931337855756283, 0.003590571228414774, 0.016860654577612877, -0.01961286924779415, 0.008463728241622448, -0.029766671359539032, -0.036633849143981934, -0.03561846911907196, -0.011857235804200172, 0.024890175089240074, 0.012197921983897686, 0.0019372384995222092, -0.007461708039045334, -0.0023864773102104664, -0.003901197575032711, 0.019078459590673447, 0.0029158778488636017, -0.024275602772831917, 0.023781271651387215, 0.01600559800863266, 0.01217788178473711, 0.005060200579464436, -0.02276589162647724, -0.020908815786242485, -0.023620950058102608, -0.024035116657614708, -0.01763555034995079, -0.00891797710210085, 0.009125061333179474, -0.0012166191590949893, -0.001538100535981357, 0.0030795412603765726, -0.03420227766036987, -0.017087779939174652, -0.029392583295702934, -0.0349237322807312, -0.00951250921934843, 0.020427845418453217, 0.03374803066253662, -0.0028874874114990234, -0.02452944777905941, 0.018276842311024666, 0.011082340031862259, 0.0022812653332948685, -0.032652489840984344, 0.008791054598987103, 0.0018336963839828968, -0.03572535142302513, -0.0010228953324258327, -0.011115740984678268, -0.037221699953079224, -0.018143240362405777, 0.004352106247097254, 0.009652791544795036, 0.037435464560985565, 0.01835700497031212, -0.0036106116604059935, -0.007314745336771011, 0.012238003313541412, -0.0008220738382078707, 0.008824455551803112, -0.013373625464737415, -0.004388847388327122, -0.03551158681511879, -0.02802983671426773, 0.021844033151865005, -0.01361411064863205, -0.0024232182186096907, -0.006666772533208132, 0.0013819524319842458, -0.007274664472788572, 0.01579183340072632, 0.013066339306533337, -0.008163122460246086, -0.010127081535756588, -0.02261892892420292, 0.022498687729239464, 0.030755331739783287, 0.014789814129471779, 0.0614037811756134, 0.007708873134106398, 0.034416042268276215, -0.007702193222939968, 0.03572535142302513, -0.013099740259349346, -0.021109219640493393, 0.014268763363361359, 0.004145022481679916, 0.01732826419174671, -0.0331868976354599, 0.012906016781926155, -0.0006225048564374447, -0.01902501843869686, -0.0031012515537440777, -0.0029826792888343334, -0.005521129816770554, 0.011369585990905762, 0.01722138188779354, -0.05541837960481644, 0.0009686192497611046, 0.008022839203476906, -0.031156139448285103, -0.0010137101635336876, -0.0018904776079580188, 0.0030611709225922823, -0.022538768127560616, -0.01853068731725216, -0.017929475754499435, -0.006008779164403677, -0.03337394446134567, -0.015671592205762863, 0.011636790819466114, -0.008330125361680984, 0.00012337369844317436, 0.19495299458503723, -0.023300303146243095, 0.01981327310204506, 0.021429866552352905, -0.003107931697741151, 0.023514067754149437, 0.003664052812382579, 0.011857235804200172, -0.009706232696771622, 0.02009383961558342, -0.026653729379177094, 0.001338531612418592, -0.003720833919942379, 0.004772954620420933, 0.016753772273659706, 0.010988818481564522, -0.0323585644364357, -0.05186454951763153, -0.029045216739177704, 0.008704212494194508, 0.012498528696596622, -0.013787793926894665, -0.0006976563599891961, -0.03821035847067833, 0.003316685790196061, -0.006112321279942989, 0.02422216162085533, 0.014522608369588852, -0.01156998984515667, 0.008757653646171093, -0.017755793407559395, 0.01202423870563507, -0.01915862038731575, -0.0013802824541926384, -0.03711481764912605, -0.02261892892420292, 0.01600559800863266, -0.020801933482289314, 0.0068872165866196156, 0.008690852671861649, -0.016793854534626007, -0.03652696684002876, 0.023620950058102608, 0.011135781183838844, -0.018664291128516197, -0.004859796725213528, -0.016753772273659706, 0.022431885823607445, 0.005741573870182037, 0.017381705343723297, -0.03377475216984749, -0.018864694982767105, 0.018971577286720276, 0.01536430511623621, 0.0017368345288559794, -0.004342086147516966, 0.03444276377558708, -0.0020073798950761557, 0.012531928718090057, 0.01881125383079052, -0.006700173020362854, 0.025825392454862595, 0.015083739534020424, -0.010374246165156364, 0.01739506609737873, 0.01153658889234066, -0.010367565788328648, -0.025932274758815765, 0.004759594332426786, -0.013921396806836128, -0.0033317161723971367, -0.030514845624566078, -0.000808296084869653, 0.010588010773062706, -0.014121800661087036, -0.008777694776654243, 0.04061520844697952, 0.018169961869716644, 0.0007519324426539242, 0.03973342850804329, 0.002054140903055668, -0.016499927267432213, 0.0008408616995438933, 0.00837020669132471, -0.007575270254164934, 0.002109251916408539, 0.01460277009755373, -0.005430947989225388, -0.020561449229717255, 0.0018420466221868992, -0.0085038086399436, -0.012986177578568459, 0.0019622889813035727, -0.03783627226948738, 0.016219362616539, 0.029713230207562447, -0.003821035847067833, 0.025037137791514397, 0.013119780458509922, -0.0031814132817089558, -0.033106736838817596, 0.03890509158372879, 0.027415264397859573, 0.004275284707546234, -0.010995498858392239, -0.013420386239886284, 0.014175241813063622, 0.0012383295688778162, 0.014549328945577145, -0.02400839701294899, 0.0068738567642867565, -0.022512046620249748, -0.0012875956017524004, -0.002638652455061674, -0.007915956899523735, -0.006723553407937288, 0.04649372398853302, -0.0034035276621580124, 0.0009978448506444693, -0.038504283875226974, 0.030060596764087677, -0.05183782801032066, 0.006159082520753145, 0.007755633909255266, -0.003991379402577877, -0.004158382769674063, -0.0018971576355397701, 0.010367565788328648, -0.004298665560781956, -0.0024215481244027615, 0.03853100538253784, -0.02020072191953659, 0.014001558534801006, -0.01759546995162964, -0.011202582158148289, 0.01042768731713295, -0.021002337336540222, -0.004833076149225235, -0.011964118108153343, 0.002869117073714733, -0.014535969123244286, -0.028109997510910034, 0.021777233108878136, -0.028510807082057, 0.0014704641653224826, -0.011456427164375782, 0.006062220316380262, -0.025411223992705345, 0.0054008872248232365, -0.01036088541150093, 0.007515149191021919, -0.015738392248749733, 0.004565870855003595, -0.019719751551747322, 0.028297042474150658, -0.038718048483133316, 0.009926676750183105, -0.03377475216984749, 0.020320963114500046, -0.0042786248959600925, -0.017368344590067863, 0.014389005489647388, 0.0055411700159311295, -0.0033216960728168488, -0.02535778284072876, -0.0038644566666334867, -0.16566729545593262, -2.566371222201269e-05, 0.03281281143426895, -0.021937556564807892, -0.004191783256828785, 0.026239560917019844, 0.004899877123534679, -0.005651392042636871, 0.004712833557277918, -0.0477495901286602, 0.03845084458589554, -0.006893896963447332, -0.026373164728283882, -0.011256023310124874, -0.014749732799828053, 0.0026286321226507425, -0.0033751369919627905, 0.0016140870284289122, 0.016566729173064232, 0.011610070243477821, 0.02196427620947361, -0.03086221218109131, 0.0057215336710214615, -0.033133458346128464, 0.006055540405213833, 0.017889395356178284, -0.012364925816655159, -0.015711672604084015, -0.017622189596295357, -0.009686192497611046, 0.0036506925243884325, 0.011215942911803722, 0.011663511395454407, -0.028457365930080414, 0.013867955654859543, 0.00014539726544171572, -0.010173842310905457, 0.01666025072336197, -0.002795635489746928, 0.007675472646951675, 0.019171981140971184, -0.010968778282403946, -0.016713691875338554, 0.012531928718090057, -0.007662112358957529, 0.034041956067085266, -0.007087620906531811, 0.007822435349225998, 0.03866460919380188, -0.0012566999066621065, 0.02379463240504265, -0.01752866804599762, -0.010494488291442394, 0.017956197261810303, 0.011543269269168377, 0.019906794652342796, 0.012044278904795647, 0.004495729226619005, -0.018316924571990967, -0.0015305854612961411, 0.005497749429196119, -0.004074880853295326, 0.021389784291386604, -0.013373625464737415, -0.012705611996352673, -0.012805813923478127, 0.00614906195551157, 0.03548486530780792, -0.04414231702685356, 0.015684951096773148, -0.006165762431919575, 0.03775611147284508, 0.009452387690544128, -0.00561131164431572, -0.0030461405403912067, 0.0013276763493195176, -0.012578689493238926, 0.011944076977670193, 0.01787603460252285, 0.009933357127010822, -0.003348416415974498, 0.023914875462651253, 0.0050802407786250114, 0.025478025898337364, -0.008543889969587326, 0.006259284447878599, -0.0036406724248081446, -0.01652664877474308, -0.02376791276037693, -0.021563468500971794, 0.01042768731713295, -0.013099740259349346, -0.02907193824648857, 0.0023831373546272516, 0.004268604796379805, 0.018891414627432823, -0.02137642540037632, 0.002035770332440734, 0.03714153915643692, -0.00864409189671278, 0.005898557137697935, -0.007541869767010212, -0.02778935246169567, 0.024168720468878746, 0.03505733609199524, 0.0066033112816512585, -0.003092901548370719, -0.011990837752819061, 0.019212061539292336, 0.018771173432469368, 0.004412227775901556, 0.007989438250660896, -0.015177261084318161, 0.03644680231809616, 0.012378285638988018, 0.028884893283247948, -0.03607271611690521, -0.0063728466629981995, 0.025892194360494614, 0.011930717155337334, 0.043073493987321854, -0.032518886029720306, -0.028109997510910034, -0.0043387459591031075, -0.0116902319714427, 0.022632289677858353, -0.09523197263479233, 0.011743673123419285, 0.033347222954034805, 0.029926994815468788, -0.027067897841334343, -0.004372146911919117, -0.02151002734899521, 0.05360138416290283, -0.03855772688984871, 0.03158366680145264, -0.00034882817999459803, -0.03529782220721245, -0.022578848525881767, 0.012632130645215511, 0.02816343866288662, 0.0037742750719189644, -0.021884115412831306, 0.0009544239728711545, 0.0040080794133245945, 0.023807993158698082, -0.005090261343866587, -0.0034669889137148857, 0.02816343866288662, 0.00394127843901515, 0.008744293823838234, 0.04571882635354996, -0.030087318271398544, 0.01659344881772995, 0.0032766051590442657, 0.005337425973266363, 0.027655748650431633, -0.009839835576713085, 0.006954018026590347, 0.0007586125866509974, -0.013206622563302517, -0.02990027330815792, -0.027735911309719086, -0.03396179527044296, 0.018103159964084625, -0.01835700497031212, 0.006960698403418064, 0.018196681514382362, -0.0028440665919333696, -0.016793854534626007, 0.008824455551803112, -0.01794283650815487, 0.0026019117794930935, 0.022431885823607445, 0.015845274552702904, -0.025798672810196877, -0.01160339079797268, -0.0027639048639684916, -0.019425826147198677, -0.005734893959015608, 0.04181763157248497, 0.04978035017848015, -0.0026069218292832375, -0.0025167400017380714, -0.026132678613066673, 0.015618150122463703, -0.022498687729239464, -0.015805194154381752, -0.012010878883302212, 0.033347222954034805, 0.030755331739783287, -0.003851096611469984, -0.019425826147198677, -0.014535969123244286, -0.0025451306719332933, -0.010187202133238316, -0.020868735387921333, -0.005688133183866739, -0.04056176543235779, 0.01472301222383976, -0.019559428095817566, 0.02342054434120655, -0.0031463424675166607, -0.030568286776542664, 0.004452308639883995, -0.016673611477017403, -0.002159352879971266, -0.023928236216306686, -0.029258981347084045, 0.006389547139406204, 0.02909865789115429, -0.004869816824793816, -0.00458925124257803, -0.002839056309312582, 0.016272803768515587, -0.04277956858277321, 0.01645984686911106, 0.0037007934879511595, 0.022218121215701103, -0.025865474715828896, 8.130974310915917e-05, 0.011062299832701683, -0.018477246165275574, 0.013894676230847836, 0.001626612269319594, -0.030087318271398544, 0.004652712494134903, 0.0055712307803332806, -0.06888552755117416, 0.013707632198929787, 0.015177261084318161, 0.018837973475456238, 0.034870292991399765, -0.003710813820362091, 0.004505749326199293, -0.016620170325040817, 0.031209580600261688, 0.028697850182652473, 0.003811015747487545, 0.03489701449871063, -0.020815294235944748, 0.004956658463925123, -0.009926676750183105, -0.007301385048776865, 0.03187759220600128, 0.006025479640811682, 0.042485643178224564, 0.00773559371009469, 0.026146039366722107, -0.0294193048030138, 0.027602307498455048, 0.021643629297614098, 0.0015105450293049216, 0.016954176127910614, 0.024676410481333733, 0.015978876501321793, -0.00998011790215969, -0.021429866552352905, 0.007428307551890612, -0.02255212888121605, 0.007535189855843782, 0.009833155199885368, 0.03762250766158104, -0.029980435967445374, 0.013032939285039902, 0.026105958968400955, 0.02037440426647663, 0.00750846927985549, -0.006543189752846956, -0.030888933688402176, 0.011616750620305538, -0.0002327608672203496, -0.03561846911907196, 0.012017558328807354, -0.016393044963479042, 0.014816534705460072, 0.0009368886239826679, -0.016433127224445343, 0.03543142229318619, 0.04042816162109375, -0.02770918980240822, -0.008082960732281208, 0.0016149220755323768, -0.017301544547080994, 0.013413706794381142, 0.009211903437972069, 0.02179059199988842, -0.0040080794133245945, 0.036393363028764725, -0.02483673393726349, 0.008924657478928566, 0.005207163281738758, -0.0002109460619976744, -0.04050832614302635, -0.010140441358089447, -0.015564708970487118, -0.015952156856656075, -0.01815660111606121, 0.01850396767258644, -0.014509248547255993, 0.0016424775822088122, 0.007040859665721655, 0.014696291647851467, 0.02626628242433071, -0.003244874533265829, 0.019799914211034775, 0.003764254739508033, 0.020868735387921333, 0.020214080810546875, -0.032652489840984344, -0.019452545791864395, -0.005741573870182037, 0.028564248234033585, 0.03150350600481033, -0.026373164728283882, 0.03217151761054993, -0.007762314286082983, 0.0028440665919333696, -0.005096941255033016, 0.006800374947488308, -0.019278863444924355, -0.01794283650815487, 0.0025902213528752327, 0.010220603086054325, -0.036981213837862015, 0.0071544223465025425, -0.005073560867458582, 0.007408267352730036, 0.0021409825421869755, 0.00011940737022086978, -0.001450423849746585, -0.02452944777905941, -0.038023315370082855, -0.02151002734899521, -0.014121800661087036, -0.003811015747487545, 0.0025501407217234373, 0.05389530956745148, -0.008690852671861649, 0.018891414627432823, -0.023126618936657906, 0.0029893594328314066, 0.033106736838817596, -0.0191185399889946, 0.026720531284809113, -0.02255212888121605, -0.017101138830184937, 0.029152099043130875, 0.00401809997856617, 0.016954176127910614, 0.011823834851384163, -0.013493867591023445, 0.044703446328639984, 0.051944710314273834, -0.008958057500422001, 0.01512382086366415, 0.011075659655034542, 0.03350754454731941, 0.009165141731500626, -0.0028874874114990234, -0.014576049521565437, -0.031156139448285103, -0.00482305558398366, -0.010380926541984081, -0.0006588280666619539, -0.006880536675453186, 0.002912537893280387, 0.08037535846233368, 0.013988197781145573, -0.02102905698120594, -0.012805813923478127, -0.005921937525272369, 0.03059500828385353, 0.013908036053180695, 0.010527889244258404, -0.014936776831746101, -0.037194978445768356, 0.005444308277219534, -0.013400346040725708, -0.036019276827573776, -0.02546466514468193, 0.023273581638932228, -0.0031914333812892437, -0.009038219228386879, 0.01857076957821846, -0.0036005915608257055, -0.009078300558030605, -0.015631509944796562, 0.01589871570467949, -0.0005953668151050806, 0.00891797710210085, -0.009158462285995483, 0.009238623082637787, -0.02650676667690277, -0.008563930168747902, 0.0003196026082150638, -0.019305583089590073, 0.0048397560603916645, 0.005507769528776407, -0.02318006008863449, -0.018076438456773758, -0.0014637840213254094, -0.0020123899448662996, -0.01613919995725155, -9.62356643867679e-05, 0.0046994732692837715, 0.02872456982731819, -0.0221379604190588, 0.015043659135699272, -0.020534727722406387, -0.028697850182652473, -0.018557408824563026, -0.01058133039623499, 0.009712913073599339, -0.014616129919886589, -0.014014918357133865]","[0.0012506421189755201, 0.007402842864394188, -0.006012669764459133, -0.026269476860761642, -0.00906694121658802, 0.022530391812324524, -0.024557441473007202, -0.01564115844666958, -0.04319808632135391, -0.023954804986715317, -0.0012626263778656721, 0.01149803213775158, -0.002061291132122278, 0.0033042291179299355, -0.011936313472688198, 0.0036603324115276337, 0.007389146368950605, 0.005786681082099676, 0.004803972318768501, -0.03163842111825943, 0.00424584886059165, 0.025721626356244087, -0.0016538265626877546, -0.02706386148929596, -0.016010958701372147, 0.022338643670082092, 0.044540323317050934, -0.009861325845122337, -0.023927412927150726, -0.0020475948695093393, 0.017887350171804428, -0.0027512414380908012, -0.005173772107809782, -0.016161618754267693, -0.01079267356544733, 0.011292587965726852, 0.01925697922706604, -0.007991783320903778, 0.010299607180058956, 0.0034925530198961496, 0.03722650557756424, -0.005896251183003187, 0.003619243623688817, 0.0021058039274066687, -0.013662045821547508, -0.019161105155944824, -0.016572507098317146, 0.0034360557328909636, -0.020160933956503868, 0.03046054020524025, 0.001074302475899458, 0.023735664784908295, 0.0028299952391535044, -0.0004029704141430557, -0.007978086359798908, 0.009799692779779434, 0.01412087120115757, 0.009518918581306934, 0.01009416300803423, -0.010155796073377132, 0.010669407434761524, 0.017147749662399292, -0.01580551452934742, -0.011730869300663471, -0.04328026622533798, -0.021722309291362762, -0.014134567230939865, 0.010881699621677399, 0.005266222171485424, -0.017079269513487816, 0.03624037280678749, 0.014490670524537563, -0.04073275625705719, -0.010607773438096046, 0.012251327745616436, -0.0010631742188706994, 0.004636193159967661, -0.00037707589217461646, 0.005036809481680393, -0.0075261094607412815, 0.025694232434034348, -0.02164013311266899, 0.006954289507120848, 0.023845234885811806, 0.01310734637081623, 0.0019003597553819418, 0.0068241748958826065, 0.04034925997257233, -0.013360727578401566, -0.00131056341342628, -0.0050094169564545155, 0.02832392044365406, 0.008019175380468369, 0.010251670144498348, 0.028762200847268105, 0.012278720736503601, -0.027529535815119743, 0.004519774578511715, -0.0013156995410099626, 0.00816983450204134, 0.005721623543649912, 0.0014355420134961605, -0.039089202880859375, -0.010039377957582474, -0.047005653381347656, -0.009244993329048157, 0.0005174628458917141, -0.03309022635221481, -0.01212806161493063, 0.003145009744912386, -0.03637733682990074, 0.05089540034532547, 0.021722309291362762, -0.044567715376615524, 0.0022170862648636103, -0.004026708193123341, 0.004968327935785055, -0.008724533952772617, -0.016106832772493362, 0.006892655976116657, 0.02046225219964981, 0.04095189645886421, 0.0003094504645559937, -0.022968672215938568, 0.029748333618044853, -0.009922959841787815, -0.024516353383660316, 0.003203219035640359, -0.018380416557192802, -0.023091938346624374, 0.052538953721523285, 0.0012300977250561118, 0.01973634772002697, 0.003858928568661213, -0.013340182602405548, 0.03947269544005394, -0.029118305072188377, 0.010731040500104427, -0.04328026622533798, 0.003499401267617941, 0.03503509983420372, 0.0013807568466290832, 0.011991098523139954, 0.023721968755126, -0.002398562151938677, 0.023995893076062202, 0.012730698101222515, -0.002051018876954913, -0.014613937586545944, 0.0027923304587602615, 0.005851738154888153, -0.003622667631134391, 0.006584489718079567, 0.008279405534267426, 0.019188497215509415, 0.006450951099395752, 0.0038965935818850994, -0.011107687838375568, -0.014257834292948246, -0.009244993329048157, 0.0023660333827137947, 0.011518577113747597, 0.004978599958121777, 0.0007455915911123157, 0.007265879772603512, 0.04393768683075905, 0.020530732348561287, -0.020174629986286163, -0.0037527824752032757, 0.010142100043594837, 0.0224619098007679, -0.007009074557572603, -0.036706048995256424, -0.014723507687449455, -0.002063003135845065, 0.002122924430295825, -0.0005748160183429718, -0.0006985106156207621, 0.01318267546594143, 0.020695088431239128, -0.011922617442905903, -0.011415855027735233, 0.026433832943439484, 0.02922787517309189, -0.03840438649058342, -0.013456601649522781, -0.00018479286518413574, -0.012429379858076572, -0.005786681082099676, -0.026940595358610153, 0.016627291217446327, 0.010340696200728416, 0.01326485350728035, -0.00379729550331831, -0.6420819163322449, -0.028707416728138924, -0.0009887006599456072, -0.03366547077894211, 0.0015511044766753912, 0.037856534123420715, 0.01655881106853485, 0.014655026607215405, -0.03596644848585129, 0.01631227694451809, -0.01625749282538891, 0.015148092992603779, -0.005208013113588095, -0.00013214776117820293, -0.0056189014576375484, -0.02409176714718342, 0.015572677366435528, -0.01740797981619835, 0.002847115509212017, 0.010327000170946121, 0.01580551452934742, 0.001198425074107945, 0.00033598701702430844, 0.016216402873396873, 0.007389146368950605, 0.023995893076062202, 0.00631741201505065, 0.010594077408313751, 0.02326999045908451, 0.028022602200508118, -0.019161105155944824, 0.015983566641807556, 0.01377161592245102, 0.006961137522011995, 0.047937002032995224, 0.008073960430920124, 0.009203904308378696, 0.004307481925934553, 0.016997091472148895, 0.03399418294429779, -0.023530220612883568, -0.009957199916243553, 0.013045712374150753, 0.0035045372787863016, 0.007964390330016613, -0.0040746452286839485, 0.025680536404252052, 0.02083205245435238, -0.0002993922680616379, 0.020092451944947243, -0.0003907721838913858, -0.015682248398661613, -0.006793357897549868, 0.024571137502789497, 0.010306455194950104, 0.01071049552410841, 0.03821263834834099, -0.006382469553500414, 0.014641329646110535, 0.028981341049075127, 0.0005422873655334115, -0.0035884270910173655, -0.005447697825729847, -0.020475948229432106, 0.03040575608611107, -0.01462763361632824, 0.004382811486721039, -0.005858586635440588, -0.02024311199784279, 0.019078927114605904, -0.007827427238225937, 0.004571135621517897, 0.0013679165858775377, 0.010505051352083683, -0.0032888208515942097, 0.0057798330672085285, 0.00989556685090065, 0.01655881106853485, 0.0028077387250959873, 0.0010828626109287143, -0.002288991818204522, -0.0009296354255639017, -0.02164013311266899, -0.017271017655730247, 0.0157233364880085, 0.011402158066630363, -0.027077557519078255, -0.005903099197894335, 0.000168314523762092, 0.009190208278596401, -0.0024824519641697407, -0.0008286253432743251, -0.0008945387089625001, 0.014216745272278786, -0.01240883581340313, 0.017188839614391327, 0.003050847677513957, -0.00436569144949317, 0.01072419248521328, -0.033254582434892654, -0.0123540498316288, 0.015764426440000534, -0.016695773229002953, -0.005646293982863426, 0.010073618963360786, 0.004502654075622559, 0.006557097192853689, 0.004639617167413235, 0.018709126859903336, -0.04777264595031738, 0.008265708573162556, 0.01041602622717619, -0.011176169849932194, -0.009183360263705254, -0.0023420648649334908, -0.03270673006772995, 0.010101011022925377, 0.01036124024540186, 0.00012273156607989222, -0.001062318217009306, 0.01824345253407955, 0.006721452344208956, 0.013744222931563854, -0.011813047342002392, 0.004290361888706684, 0.03361068665981293, -0.0010648862225934863, -0.03128231689333916, 0.002312960335984826, 0.01692860946059227, 0.009416196495294571, -0.01990070380270481, 0.006594761740416288, -0.01580551452934742, -0.012114365585148335, 0.03057011030614376, 0.006512584164738655, 0.0039821951650083065, 0.007758946157991886, -0.001698339474387467, 0.01051189936697483, 0.02928265929222107, -0.008991612121462822, -0.007711009122431278, 0.0042321523651480675, -0.02383153885602951, -0.016134224832057953, 0.0060708788223564625, -0.01405239012092352, -0.006286595482379198, 0.00017088257300201803, -0.006423558108508587, 0.00869029387831688, 0.026625581085681915, 0.02335216850042343, 0.0020475948695093393, 0.016668381169438362, -0.005701079033315182, -0.0017094677314162254, -0.008190379478037357, 0.009909262880682945, 0.011429551057517529, -0.012751242145895958, -0.003463448490947485, 0.0059304921887815, 0.013271701522171497, 0.02695429138839245, 0.014572848565876484, 0.011093991808593273, -0.03043314814567566, 0.00021250644931569695, 0.0008590139332227409, -0.011039206758141518, 0.024050679057836533, -0.013086801394820213, -0.008923130109906197, 0.011189865879714489, 0.0005512755014933646, 0.008854649029672146, -0.008005479350686073, 0.02433830127120018, 0.015901388600468636, 0.0006163328653201461, 0.008128746412694454, 0.009868173860013485, 0.004180791322141886, -0.011785654351115227, 0.002939565572887659, -0.01765451394021511, 0.014381100423634052, -0.0006180449272505939, 0.028652630746364594, 0.006944017019122839, -0.008320493623614311, -0.014230441302061081, 0.009676426649093628, -0.024694403633475304, 0.022585175931453705, -0.013093649409711361, -0.0009638761403039098, 0.004786852281540632, 0.0384591706097126, 0.022913886234164238, -0.021489473059773445, 0.021256636828184128, -0.03139188885688782, 0.00339325494132936, -0.006064030807465315, 0.022352339699864388, 0.01692860946059227, -0.004649889189749956, -0.018969357013702393, -0.019435029476881027, -0.013874338008463383, -0.021571651101112366, 0.008697141893208027, -0.00264167133718729, 0.016147920861840248, -0.008484849706292152, 0.03314501419663429, 0.0027478174306452274, -0.01701078750193119, 0.010422874242067337, -0.003105632960796356, -0.0046190726570785046, -0.010737888514995575, 0.00024032701912801713, 0.032378021627664566, -0.010785825550556183, -0.030734466388821602, -0.0023557613603770733, 0.023557612672448158, -0.007478172425180674, 0.0033162133768200874, -0.00016135937767103314, 0.030981000512838364, 0.0024653314612805843, 0.017846260219812393, 0.021749703213572502, 0.016914913430809975, 0.013018320314586163, 0.02821435034275055, 0.011237802915275097, -0.014901559799909592, 0.01818866841495037, 0.0176819059997797, 0.0232973825186491, -0.010320152156054974, -0.022023627534508705, 0.02824174240231514, -0.015161789022386074, 0.022913886234164238, -0.03246019780635834, 0.013408664613962173, 0.024803973734378815, 0.006611882243305445, 0.011299435980618, -0.002631399082019925, 0.022270161658525467, 0.004889574367552996, -0.010011984966695309, 0.004999144468456507, 0.02613251470029354, 0.010532444342970848, 0.007252183742821217, 0.0012549222446978092, 0.0001317197602475062, -0.02388632297515869, -7.115648622857407e-05, -0.016599899157881737, -0.011943161487579346, 0.016613595187664032, 0.02222907356917858, -0.011552817188203335, 0.013757919892668724, 0.0038007195107638836, 0.006930320989340544, 0.0074096908792853355, 0.004759459290653467, 0.02240712381899357, -0.05862010642886162, -0.033555902540683746, 0.011867832392454147, -0.004509502090513706, -0.007142613176256418, 0.0044341725297272205, -0.003629515878856182, 0.004519774578511715, -0.013949668034911156, 0.02770758792757988, 0.0029515495989471674, -0.019503511488437653, 0.004506078083068132, -0.006173600908368826, -0.0061872974038124084, -0.00794384628534317, 0.008204075507819653, -0.0021160761825740337, 0.016736861318349838, -0.005091594532132149, -0.01349084172397852, 0.006680363789200783, -0.02695429138839245, -0.005197740625590086, 0.04391029477119446, -0.007827427238225937, 0.005375792272388935, -0.03804828226566315, -0.0010529019637033343, -0.02046225219964981, -0.011463792063295841, -0.008265708573162556, 0.002607430564239621, 0.008416367694735527, 0.030214007943868637, -0.010046225972473621, -0.008539634756743908, 0.023735664784908295, 0.004471837542951107, -0.011956857517361641, -0.0012292417231947184, -0.0013020032783970237, 0.007498716935515404, 0.012052731588482857, 0.029720941558480263, 0.03043314814567566, 0.005653141997754574, 0.01861325278878212, -0.02166752517223358, -0.0005970724741928279, -0.012162302620708942, -0.0190926231443882, 0.023256294429302216, -0.01796952821314335, -0.03687040135264397, -0.039007022976875305, 0.00989556685090065, -0.011210409924387932, 0.02377675287425518, -0.026598187163472176, 0.021914057433605194, 0.005290190689265728, -0.022078413516283035, -0.02366718277335167, -0.015271359123289585, 0.013100498355925083, 0.004567711614072323, 0.001406437368132174, 0.018311934545636177, 0.006779661867767572, 0.040321867913007736, 0.002682760125026107, 0.01864064484834671, -0.04089711233973503, 0.008793015964329243, 0.02420133724808693, 0.004663585685193539, 0.015983566641807556, -0.012491012923419476, 0.03402157500386238, -0.00013867490633856505, 0.0294744074344635, 0.0025201167445629835, 0.025639448314905167, 0.008128746412694454, 0.02307824231684208, -0.006837870925664902, -0.014846774749457836, -0.004187639337033033, 0.01521657407283783, 0.007245335262268782, 0.010546140372753143, -0.01164869125932455, -0.020284200087189674, 0.021489473059773445, -0.0014697827864438295, -0.007519260980188847, 0.01623009890317917, 0.03300805017352104, -0.0037527824752032757, -0.015476803295314312, -0.014531759545207024, -0.005920219700783491, -0.0280773863196373, -0.02203732542693615, 0.012422531843185425, 0.02591337449848652, -0.02131142094731331, -0.0012172574643045664, -0.022927584126591682, -0.0040506767109036446, -0.013408664613962173, -0.022242769598960876, -0.004797124303877354, 0.019476119428873062, -0.017298409715294838, -0.02409176714718342, -0.006718028336763382, 0.02394110895693302, 0.020092451944947243, -0.007587742526084185, 0.0022359187714755535, -0.009539463557302952, 0.0032323235645890236, -0.0013028592802584171, -0.041308000683784485, 0.005204588640481234, -0.03202191740274429, -0.006961137522011995, 0.01071049552410841, -0.013559323735535145, -0.0024139704182744026, -0.025050507858395576, 0.009916110895574093, 0.018476290628314018, 0.005827769637107849, 0.01936654932796955, -0.01821606047451496, -0.0030183191411197186, 0.012299264781177044, 0.010642014443874359, 0.0247080996632576, -0.01040232926607132, -0.012682761065661907, 0.0042081838473677635, -0.007923301309347153, -0.0023557613603770733, -0.018489986658096313, -0.02222907356917858, 0.018654342740774155, -0.002121212426573038, 0.003382982686161995, -0.021544259041547775, 0.01981852576136589, 0.02754323184490204, 0.018763912841677666, -0.021941451355814934, -0.010066770017147064, 0.02950180135667324, 0.027392571792006493, 0.0024379389360547066, 0.027324091643095016, 0.005245677661150694, -0.013271701522171497, -0.00030602639890275896, -0.031337104737758636, 0.015230270102620125, -0.015791818499565125, -0.027447357773780823, -0.0022410547826439142, 0.0016041775234043598, -0.011771958321332932, -0.009176512248814106, 0.02211950160562992, -0.021462081000208855, 0.020790962502360344, -0.0013199795503169298, -0.016613595187664032, -0.025735322386026382, -0.011107687838375568, 0.004262968897819519, -0.007382298354059458, -0.029803119599819183, 0.003384694689884782, -0.025050507858395576, -0.010292759165167809, 0.0006805342272855341, -0.0052354056388139725, -0.009922959841787815, -0.03834960237145424, 0.003427495714277029, 0.011011813767254353, -0.02240712381899357, 0.02492724172770977, 0.00434514693915844, 0.009943503886461258, -0.03960965946316719, -0.025954462587833405, 0.011545969173312187, -0.03728128969669342, -0.022379731759428978, -0.013203220441937447, 0.012449923902750015, 0.024036983028054237, 0.02642013691365719, 0.004940935410559177, -0.008416367694735527, -0.016969699412584305, 0.0008209211518988013, 0.016065744683146477, 0.023995893076062202, 0.016134224832057953, -0.02661188505589962, 0.017476461827754974, 0.03832221031188965, 0.027830854058265686, 0.01805170625448227, 0.04626605659723282, -0.003711693687364459, -0.0015134396962821484, -0.005951036233454943, -0.0005748160183429718, 0.004766307771205902, -0.01650402508676052, 0.017202535644173622, -0.001234377850778401, -0.03407635912299156, 0.00993665587157011, -0.01931176334619522, -0.011511729098856449, 0.03511727973818779, -0.006033214274793863, 0.026242084801197052, -0.007895909249782562, 0.011956857517361641, -0.030926214531064034, 0.02672145515680313, -0.017832564190030098, 0.010826914571225643, -0.010676255449652672, -0.010580381378531456, -0.019804829731583595, -0.008943675085902214, 0.012230783700942993, -0.0005859442753717303, 0.006642698775976896, 0.026926899328827858, -0.026598187163472176, 0.001334531931206584, 0.0070672836154699326, -0.0021794214844703674, -0.011991098523139954, -0.011682932265102863, 0.021147066727280617, -0.010450266301631927, -0.030898822471499443, -0.01125834695994854, -0.02650231495499611, 0.022283857688307762, 0.033336762338876724, -0.01110083982348442, 0.0039821951650083065, -0.011785654351115227, -0.009875022806227207, 0.012648520059883595, -0.019969185814261436, 0.0336928628385067, 0.013086801394820213, -0.0010460538323968649, 0.04952577129006386, -0.012929294258356094, 0.014216745272278786, -0.01917480118572712, -0.0017616847762838006, -0.016640987247228622, 0.012853965163230896, 0.031145354732871056, 0.0037322379648685455, -0.019188497215509415, -0.010498203337192535, -0.01056668534874916, -0.025735322386026382, 0.00737545033916831, 0.006937169004231691, -0.015572677366435528, 0.009758603759109974, -0.0032717003487050533, -0.014326315373182297, -0.014326315373182297, -0.021188154816627502, -0.010087314993143082, -0.005656566470861435, 0.0004481253563426435, 0.0003787879250012338, -0.022954976186156273, 0.008149290457367897, -0.015134396031498909, 0.01090909168124199, 0.02559835836291313, -0.02950180135667324, -0.026406440883874893, 0.00938880443572998, 0.0007481596549041569, 0.028953948989510536, -0.014463278464972973, 0.009820237755775452, 0.0009159391629509628, 0.009416196495294571, 0.016777951270341873, 0.015490500256419182, -0.005355247762054205, -0.03588426858186722, -0.00766307208687067, 0.02824174240231514, -0.013607260771095753, 0.005125835072249174, 0.015490500256419182, 0.00609827134758234, -0.007204246707260609, 0.0007609999156557024, -0.009525767527520657, -0.011765110306441784, -0.01928437128663063, -0.008375278674066067, 0.006194145418703556, 0.019832221791148186, -0.009621641598641872, -0.0018712551100179553, -0.01048450730741024, -0.015011129900813103, 0.00997774489223957, 0.004362266976386309, -0.01357301976531744, -0.025872284546494484, -0.04769046977162361, 0.022051021456718445, 0.012011643499135971, 0.005160076078027487, 0.00766307208687067, -0.0022513270378112793, 0.019530903548002243, 0.014723507687449455, -0.02551618218421936, 0.006355077028274536, 0.006022941786795855, -0.0039650751277804375, -0.030049651861190796, 0.0054613943211734295, -0.0044410210102796555, -0.0348159596323967, -0.00621811393648386, 0.007813731208443642, -0.0018558468436822295, 0.003858928568661213, -0.01134052500128746, -0.004601952154189348, -0.00042394286720082164, -0.008745078928768635, -0.008299949578940868, -0.002920733066275716, 0.018681734800338745, 0.008875194005668163, -0.008813560009002686, -0.005153227597475052, -0.03193974122405052, 0.008245164528489113, -0.013545626774430275, -0.010039377957582474, -0.03399418294429779, -0.01687382534146309, -0.005307311192154884, 0.014518063515424728, -0.0259681586176157, -0.01016264408826828, 0.01384009700268507, 0.017284713685512543, 0.0053210072219371796, -0.02605033665895462, -0.04867660254240036, -0.007711009122431278, -0.01759972795844078, 0.023968501016497612, 0.003749358467757702, -0.006950865499675274, 0.0157233364880085, 0.015928780660033226, -0.014476974494755268, 0.018366720527410507, -0.019421333447098732, 0.0003460452426224947, -0.019298067316412926, -0.034514643251895905, -0.022215375676751137, -0.02639274299144745, -0.0129155982285738, 0.05456600338220596, 0.010642014443874359, -0.023256294429302216, -0.017777780070900917, 0.00024054103414528072, -0.029720941558480263, -0.015873996540904045, 0.022667353972792625, -0.005649717990309, -0.0021811334881931543, 0.012812876142561436, -0.03046054020524025, 0.03626776486635208, 0.00039548028144054115, 0.0030799524392932653, 0.002102379919961095, 0.010395481251180172, -0.02818695642054081, 0.002124636434018612, 0.015572677366435528, 0.0031826745253056288, -0.019407637417316437, -0.0038144157733768225, 0.010046225972473621, 0.011292587965726852, -0.021694917231798172, 0.013949668034911156, -0.02091422863304615, -0.013230612501502037, -0.020010273903608322, 0.004557439126074314, 0.027913032099604607, 0.017216231673955917, 0.012977231293916702, -0.018476290628314018, -0.01818866841495037, 0.004646465182304382, 0.0204896442592144, -0.008053416386246681, -0.02818695642054081, -0.01105975080281496, 0.0050950185395777225, -0.011224106885492802, 0.007587742526084185, -0.010902243666350842, -0.003971923142671585, -0.005601780954748392, 0.005471666343510151, 0.010737888514995575, -0.0232973825186491, 0.02479027770459652, -0.00680705439299345, -0.024297211319208145, 0.006947441026568413, 0.011587058193981647, -0.00199280958622694, -0.006409862078726292, 0.003858928568661213, -0.010128404013812542, -0.010731040500104427, -0.01588769257068634, 0.0003449752111919224, -0.010066770017147064, -0.007772642653435469, -0.006629002746194601, 0.015422018244862556, 0.01850368268787861, 0.01521657407283783, 0.013627804815769196, 0.010813217610120773, -0.022366035729646683, -0.02054443024098873, -0.02072248049080372, -0.01759972795844078, -0.01981852576136589, 0.019243283197283745, -0.0017770931590348482, -0.00962848961353302, 0.01381270494312048, -0.015107003971934319, -0.013394967652857304, -0.003971923142671585, 0.020160933956503868, 0.0319945253431797, 0.012175998650491238, 0.19887007772922516, -0.00625920295715332, -0.04180106520652771, 0.007991783320903778, 0.020256808027625084, 0.015709640458226204, 0.012580038979649544, 0.00869029387831688, -0.0030080468859523535, -0.003971923142671585, 0.0029738061130046844, 0.018394112586975098, -0.01759972795844078, -0.007087828125804663, 0.017832564190030098, -0.033446330577135086, -0.04558124020695686, -0.006539976689964533, -0.02931005321443081, 0.008669748902320862, 0.013730526901781559, -0.003151857992634177, -0.016572507098317146, -0.022776924073696136, 0.02700907737016678, 0.00041859273915179074, -0.030186615884304047, 0.017818868160247803, 0.02425612322986126, 0.002821434987708926, -0.021845577284693718, -0.006440678611397743, 0.006368773058056831, -0.009121726267039776, 0.019804829731583595, -0.008601267822086811, 0.0013858929742127657, 0.012114365585148335, 0.024543745443224907, 0.00041645270539447665, 0.014107175171375275, -0.006930320989340544, -0.00927923433482647, -0.02810478024184704, -0.017750388011336327, 0.0185310747474432, -0.007211094722151756, -0.015668552368879318, 0.014093478210270405, -0.013723678886890411, -0.008628660812973976, 0.006382469553500414, 0.0294744074344635, 0.02206471748650074, -0.0018061978043988347, -0.027954120188951492, 0.0011427839053794742, 0.022448213770985603, 0.004054100718349218, -0.0016375622944906354, -0.0025218287482857704, 0.02557096630334854, -0.05114193260669708, -0.002097243908792734, -0.01687382534146309, 0.021462081000208855, -0.0026776238810271025, -0.0014372540172189474, 0.020845748484134674, 0.006923472974449396, 0.0018729671137407422, -0.009477830491960049, 0.017613423988223076, 0.022722139954566956, 0.0011162473820149899, -0.020558126270771027, -0.005677110515534878, 0.0219003614038229, 0.03947269544005394, 0.032405413687229156, -0.024612227454781532, 0.0013687725877389312, -0.013675741851329803, -0.01051189936697483, -0.0136141087859869, -0.040102727711200714, 0.02187296934425831, 0.0014569424092769623, 0.007930150255560875, 0.00379729550331831, -0.002879644278436899, -0.013436056673526764, -0.003098784713074565, -0.010107859037816525, 0.005838042125105858, 0.028871770948171616, 0.008073960430920124, 0.022927584126591682, 0.009553159587085247, 0.005427153315395117, -0.002528676763176918, 0.04415682703256607, 0.00182845420204103, -0.015093307942152023, -0.021694917231798172, -0.001324259676039219, 0.030871428549289703, 0.007279576268047094, -0.004612224642187357, -0.004122582264244556, 0.013833248987793922, -0.04166410490870476, -0.012004794552922249, -0.00993665587157011, 0.005269646178930998, -0.01987331174314022, 0.005440849810838699, -0.0210511926561594, -0.02018832601606846, 0.0014141416177153587, -0.005149803590029478, -0.004845061339437962, 0.014435885474085808, -0.0007631399785168469, -0.0022102382499724627, 0.01267591305077076, -0.002468755701556802, -0.024351997300982475, -0.011367917992174625, -0.032350629568099976, 0.024913545697927475, -0.011511729098856449, -0.00175654876511544, 0.001874679233878851, 0.0057045030407607555, 0.024776581674814224, 0.0021742854733020067, -0.02939223125576973, 0.01636706292629242, 0.022886494174599648, -0.001702619600109756, 0.015449411235749722, -0.001228385721333325, -0.0036158196162432432, -0.009902414865791798, -0.01903783716261387, 0.008197227492928505, -0.01016264408826828, 0.0008072248892858624, -0.011689780279994011, -0.04314330220222473, -0.008265708573162556, 0.007224791217595339, -0.013086801394820213, 0.00235747336409986, 0.011367917992174625, -0.01684643141925335, -0.025694232434034348, 0.017106661573052406, -0.012443075887858868, -0.009361411444842815, -0.0126348240301013, 0.036843009293079376, 0.022133199498057365, -0.008327341638505459, -0.018900875002145767, -0.1752028912305832, 0.021188154816627502, 0.023091938346624374, -0.008916282095015049, 0.023393256589770317, -0.004732066765427589, 0.02214689552783966, 7.23335106158629e-05, -0.0007357473950833082, 0.010148948058485985, 0.023009760305285454, -0.02377675287425518, -0.023968501016497612, -0.0331176221370697, 0.006974834017455578, -0.024886151775717735, -0.023900019004940987, 0.007327513303607702, 0.027447357773780823, 0.01655881106853485, 0.03514467179775238, -0.009929807856678963, 0.007128917146474123, 0.0076836165972054005, 0.005403184797614813, 0.02335216850042343, -0.012443075887858868, 0.021119672805070877, -0.01462763361632824, -0.03125492483377457, 0.012833420187234879, -0.007779490668326616, -0.0077520981431007385, 0.005577812436968088, 0.0084916977211833, -0.02153056301176548, -0.004690978210419416, -0.012826572172343731, -0.00731381680816412, -0.004060948733240366, -0.0012360898545011878, 0.021037496626377106, 0.0169833954423666, 0.010107859037816525, -0.005981853231787682, 0.013668893836438656, 0.013340182602405548, -0.009073790162801743, 0.03130970895290375, -0.011518577113747597, 0.0061633288860321045, -0.007649376057088375, 0.012723850086331367, 0.006214689929038286, 0.008710837922990322, 0.013990756124258041, -0.0010914228623732924, -0.01392227504402399, -0.013388119637966156, 0.007553501985967159, -0.019558297470211983, -0.02139359898865223, -0.02305085025727749, 0.006081151310354471, -0.005862010642886162, -0.02021571807563305, -0.02144838497042656, 0.012456772848963737, -0.024886151775717735, -0.001298579154536128, -0.01690121740102768, -0.03054271824657917, 0.025201166048645973, -0.02762540988624096, 0.0075261094607412815, 0.030926214531064034, -0.02200993150472641, -0.006252354942262173, 0.01403869315981865, 0.011991098523139954, -0.011169321835041046, 0.028515668585896492, -0.004762883763760328, 0.014682418666779995, -0.025749018415808678, 0.019941793754696846, -0.0029138848185539246, 0.008875194005668163, -0.02150316908955574, 0.012778635136783123, -0.0068412949331104755, -0.02187296934425831, -0.03807567432522774, -0.004872453864663839, 0.015791818499565125, 0.005149803590029478, -0.0067967819049954414, -0.007532957475632429, -0.006704332306981087, -0.01968156360089779, 0.00365690840408206, 0.011422703042626381, -0.01123095490038395, 0.0001521571830380708, 0.01278548315167427, 0.006810478400439024, 0.0004260829009581357, 0.0047526112757623196, 0.041225820779800415, -0.004728642757982016, -0.012415683828294277, 0.018092794343829155, 0.0003137305611744523, 0.03043314814567566, 0.003865776816383004, 0.026967987418174744, 0.01770929805934429, -0.012751242145895958, 0.004382811486721039, -0.009594248607754707, 0.01294299028813839, -0.01528505515307188, 0.0008936827071011066, 0.01564115844666958, -0.003309365129098296, -0.02214689552783966, -0.0957096517086029, -0.016750557348132133, 0.03246019780635834, -0.00997774489223957, -0.023489130660891533, 0.013764767907559872, 0.012710154056549072, 0.020640304312109947, 0.007252183742821217, 0.03035097010433674, -0.008553330786526203, -0.016736861318349838, -0.029638763517141342, -0.029830511659383774, 0.023119332268834114, -0.0017668209038674831, -0.022900190204381943, -0.002648519352078438, -0.016380758956074715, 0.022968672215938568, -0.03476117551326752, -0.02661188505589962, 0.019270675256848335, -0.027022773399949074, -0.00032100672251544893, 0.00884095299988985, -0.03152885288000107, -0.021010102704167366, 0.007053587585687637, 0.008115049451589584, 0.01821606047451496, -0.03848656639456749, 0.010881699621677399, -0.005841466132551432, -0.02198253944516182, -0.01267591305077076, -0.017503853887319565, -0.0006920904852449894, 0.021379902958869934, -0.0192295853048563, 0.005920219700783491, -0.023009760305285454, -0.003653484396636486, -0.05210067331790924, 0.004875877872109413, -0.01687382534146309, -0.029994867742061615, 0.052593737840652466, 0.006978258024901152, -0.012004794552922249, -0.02155795507133007, 0.019859615713357925, -0.01223763171583414, -0.008608115836977959, 0.019380245357751846, -0.029118305072188377, 0.0004519774520304054, 0.017106661573052406, -0.01599726267158985, -0.02468070760369301, -0.0035884270910173655, -0.009320322424173355, -0.005636021960526705, 0.01850368268787861, 0.008265708573162556, 0.0157233364880085, 0.02310563437640667, -0.012963535264134407, 0.027885638177394867, -0.005653141997754574, -0.010251670144498348, 0.039061807096004486, -0.04188324511051178, -0.007806883193552494, -0.01599726267158985, -0.022667353972792625, -0.020818354561924934, -0.021037496626377106, 0.01302516832947731, -0.008464304730296135, 0.01591508463025093, -0.006290019489824772, -0.004040404688566923, -0.019517207518219948, 0.014997433871030807, -0.0010948468698188663, 0.009758603759109974, -0.00498202396556735, -0.004427324514836073, -0.04437596723437309, 0.023489130660891533, 0.029063519090414047, 0.01872282288968563, -0.019859615713357925, 0.0005932204076088965, 0.012655369006097317, -0.011484336107969284, -0.0002339068887522444, 0.0011111112544313073, 0.017257321625947952, -0.017722994089126587, -0.012922446243464947, -0.056045204401016235, 0.019024141132831573, -0.019106319174170494, -0.004119158256798983, -0.0037835990078747272, 0.006848142948001623, 0.03500770777463913, -0.028816986829042435, 0.015120700001716614, 0.0007627119193784893, -0.008320493623614311, 0.032158881425857544, -0.015764426440000534, 0.003475432749837637, 0.02941962331533432, 0.004509502090513706, 0.010018833912909031, 0.019640475511550903, -0.0012018490815535188, -0.03136449679732323, 0.00010844676580745727, -0.0164218470454216, 0.01212806161493063, -0.014148264192044735, -0.030159221962094307, 0.010128404013812542, -0.00927923433482647, 0.040184903889894485, -0.004838213324546814, 0.00044512932072393596, 0.02591337449848652, -0.016134224832057953, 0.021996235474944115, 0.004252696875482798, 0.0016795070841908455, -0.013285397551953793, -0.013059409335255623, 0.025666840374469757, 0.021105976775288582, -0.017449067905545235, -0.011491184122860432, -0.01695600338280201, 0.011189865879714489, -0.0294744074344635, 0.0036260918714106083, 0.00965588167309761, -0.019887007772922516, -0.014340011402964592, -0.0024482111912220716, -0.008361582644283772, 0.025666840374469757, 0.005940764211118221, -0.033254582434892654, -0.04533470794558525, -0.016640987247228622, -0.03941791132092476, -0.023913715034723282, -0.015449411235749722, 0.03624037280678749, 0.0027478174306452274, 0.04059579223394394, 0.0018455745885148644, 0.0280773863196373, 0.007361753843724728, 0.021188154816627502, 0.015312448143959045, 0.0016752270748838782, 0.02479027770459652, 0.028789594769477844, -0.003163842251524329, -0.0027615136932581663, -0.013819552958011627, -0.028926556929945946, 0.0020356106106191874, 0.02158534713089466, -0.026735151186585426, -0.005170348100364208, 0.012073276564478874, 0.0004892142023891211, 0.043608974665403366, 0.008217771537601948, 0.013901730999350548, -0.024625923484563828, 0.005379216279834509, 0.017586031928658485, 0.012826572172343731, -0.011388462036848068, -0.0126348240301013, -0.031227532774209976, 0.020763570442795753, -0.021681221202015877, 0.012511557899415493, -0.006036638282239437, 0.0061770249158144, -0.0133333345875144, -0.03936312720179558, -0.009334019385278225, -0.01475090067833662, -0.025173773989081383, 0.010888547636568546, -0.01247731689363718, 0.0039821951650083065, 0.004286937415599823, -0.02484506368637085, -0.040075335651636124, 0.04662215709686279, -0.025790106505155563, -0.010696799494326115, -0.005817497614771128, 0.003951378632336855, 0.010799521580338478, -0.014559152536094189, 0.019407637417316437, 0.0010212293127551675, -0.014107175171375275, -0.008128746412694454, -0.014696115627884865, -0.009573704563081264, -0.02535182610154152, 0.029008734971284866, 0.006382469553500414, -0.006728300824761391, 0.0280773863196373, -0.0018935116240754724, 0.028844378888607025, 0.006995378062129021, 0.030844036489725113, -0.0022085262462496758, 0.040020547807216644, 0.005427153315395117, -0.007779490668326616, -0.0280773863196373, 0.006245506461709738, -0.018955660983920097, -0.016517721116542816, -0.009416196495294571, -0.020393770188093185, 0.039143986999988556, -0.0014132854994386435, 0.07220682501792908, -0.0022615992929786444, -0.032569769769907, 0.016997091472148895, 0.00690635247156024, 0.0066666672937572, 0.015819210559129715, 0.001946584670804441, -0.022242769598960876, -0.030049651861190796, 0.04191063717007637, 0.009539463557302952, -0.0010417738230898976, 0.006909776479005814, 0.022297553718090057, -0.013004624284803867, -0.016545113176107407, -0.014970040880143642, -0.004927238915115595, 0.008950523100793362, -0.004102037753909826, 0.002006505848839879, 0.005331279244273901, 0.009470981545746326, -0.01799692027270794, 0.0016589626902714372, 0.0407053641974926, -0.005605204962193966, -0.013470297679305077, -0.04185584932565689, -0.0004218028043396771, -0.005488786846399307, -0.016668381169438362, -0.012271872721612453, 0.0068002063781023026, -0.0030234551522880793, -0.02655709907412529, 0.014476974494755268, -0.003133025486022234, 0.03246019780635834, -0.02644752897322178, 0.018311934545636177, -0.000595360470470041, -0.008457456715404987, 0.004256120882928371, -0.006105119828134775, 0.03057011030614376, -0.01569594442844391, -0.044704679399728775]"
7208,"How to query multiple collections in mongodb (without using $lookup)?<p>I would like to create a single query that gets data from three different collections from providing a single query parameter. I have seen methods that use <a href=""https://docs.mongodb.com/manual/reference/operator/aggregation/lookup/"" rel=""nofollow noreferrer"">$lookup</a> but I do not want to use that as <a href=""https://docs.mongodb.com/manual/reference/operator/aggregation/lookup/#pipe._S_lookup"" rel=""nofollow noreferrer"">I cannot use it on sharded collections.</a></p>

<p>Here is an example to explain further.</p>

<p>I have three collections: user, chatroom and chatMessage.</p>

<p>user collection:</p>

<pre><code>{
    _id: ObjectId('456'),
    username: 'John',
    contacts: [
        {
            _id: ObjectId('AB12'),
            name: 'Mary',
            idOfContact: ObjectId('123'),
        },
        {
            _id: ObjectId('AB34'),
            name: 'Jane',
            _idOfContact: ObjectId('234'),
        },
        {
            _id: ObjectId('AB56'),
            name: 'Peter',
            _idOfContact: ObjectId('345'),
        }
    ],
}
</code></pre>

<p>chatroom collection:</p>

<pre><code>{
    _id: ObjectId('AB34'),
    usersInThisChatRoom: [
        ObjectId(""456""),
        ObjectId(""123""),
        ObjectId(""234""),
    ]
}
</code></pre>

<p>chatMessage collection:</p>

<pre><code>[
    {
        _id: ObjectId(""M01""),
        chatRoomObjectId: _id: ObjectId('AB34'),
        senderObjectId: ObjectId('456'),
        message: 'Hello humans!',
        date: ISODate(""2019-09-03T07:24:28.742Z""),
    },
    ...(other messages)
]
</code></pre>

<p>What I would like to be returned</p>

<pre><code>[
    {
        chatRoomObjectId: ObjectId('AB34'),
        usersInThisChatRoom: [
            {
                contactName: 'John',
                contactUserId: ObjectId('456'),
            },
                contactName: 'Mary',
                contactUserId: ObjectId('123'),
            },
                contactName: 'Jane',
                contactUserId: ObjectId('234'),
            }
        ]
        chatMessages: [
            {
                _id: ObjectId(""M01""),
                senderObjectId: ObjectId('456'),
                message: 'Hello humans!',
                date: ISODate(""2019-09-03T07:24:28.742Z""),
            },
            ...(other messages)
         ]
    },  
    ...(other documents)
]
</code></pre>

<p>Is there a way to get my desired results by making a single query using the <code>user._id</code> and will that be performance friendly? </p>

<p>Or, do I have to make several queries, one after another, to achieve what I want?</p>
",See http://stackoverflow.com/a/35024664/192373. TL;NR: the second sensor facing back will not deliver a conventional image anyway.,"Embed Field: How to query multiple collections in mongodb (without using $lookup)?<p>I would like to create a single query that gets data from three different collections from providing a single query parameter. I have seen methods that use <a href=""https://docs.mongodb.com/manual/reference/operator/aggregation/lookup/"" rel=""nofollow noreferrer"">$lookup</a> but I do not want to use that as <a href=""https://docs.mongodb.com/manual/reference/operator/aggregation/lookup/#pipe._S_lookup"" rel=""nofollow noreferrer"">I cannot use it on sharded collections.</a></p>

<p>Here is an example to explain further.</p>

<p>I have three collections: user, chatroom and chatMessage.</p>

<p>user collection:</p>

<pre><code>{
    _id: ObjectId('456'),
    username: 'John',
    contacts: [
        {
            _id: ObjectId('AB12'),
            name: 'Mary',
            idOfContact: ObjectId('123'),
        },
        {
            _id: ObjectId('AB34'),
            name: 'Jane',
            _idOfContact: ObjectId('234'),
        },
        {
            _id: ObjectId('AB56'),
            name: 'Peter',
            _idOfContact: ObjectId('345'),
        }
    ],
}
</code></pre>

<p>chatroom collection:</p>

<pre><code>{
    _id: ObjectId('AB34'),
    usersInThisChatRoom: [
        ObjectId(""456""),
        ObjectId(""123""),
        ObjectId(""234""),
    ]
}
</code></pre>

<p>chatMessage collection:</p>

<pre><code>[
    {
        _id: ObjectId(""M01""),
        chatRoomObjectId: _id: ObjectId('AB34'),
        senderObjectId: ObjectId('456'),
        message: 'Hello humans!',
        date: ISODate(""2019-09-03T07:24:28.742Z""),
    },
    ...(other messages)
]
</code></pre>

<p>What I would like to be returned</p>

<pre><code>[
    {
        chatRoomObjectId: ObjectId('AB34'),
        usersInThisChatRoom: [
            {
                contactName: 'John',
                contactUserId: ObjectId('456'),
            },
                contactName: 'Mary',
                contactUserId: ObjectId('123'),
            },
                contactName: 'Jane',
                contactUserId: ObjectId('234'),
            }
        ]
        chatMessages: [
            {
                _id: ObjectId(""M01""),
                senderObjectId: ObjectId('456'),
                message: 'Hello humans!',
                date: ISODate(""2019-09-03T07:24:28.742Z""),
            },
            ...(other messages)
         ]
    },  
    ...(other documents)
]
</code></pre>

<p>Is there a way to get my desired results by making a single query using the <code>user._id</code> and will that be performance friendly? </p>

<p>Or, do I have to make several queries, one after another, to achieve what I want?</p>; Answer: See http://stackoverflow.com/a/35024664/192373. TL;NR: the second sensor facing back will not deliver a conventional image anyway.","[-0.032145462930202484, 0.027032624930143356, 0.013055756688117981, -0.022760802879929543, -0.019343344494700432, 0.010566085577011108, 0.024082398042082787, -0.02763335034251213, -0.0380726158618927, -0.017794810235500336, 0.020130962133407593, 0.004265147726982832, 0.02070498839020729, -0.009030899032950401, -0.014844582416117191, 0.010245698504149914, 0.0030486793257296085, -0.004932619631290436, 0.025630934163928032, -0.01198780070990324, -0.01362310815602541, 0.03233235329389572, 0.0059738764539361, -0.0028367568738758564, -0.04301191121339798, 0.005202945787459612, 0.030383335426449776, -0.021706197410821915, -0.013563035987317562, -0.004478738643229008, 0.006524540949612856, 0.00521629536524415, -0.01879601739346981, -0.047043442726135254, -0.032465849071741104, -0.0012556820875033736, 0.015792392194271088, -0.01222141645848751, 0.014964727684855461, 0.000182720526936464, 0.035082340240478516, -0.020584844052791595, 0.012815467081964016, -0.008937452919781208, -0.01712733693420887, 0.013482938520610332, 0.0020908566657453775, -0.039781343191862106, -0.020424649119377136, 0.008376776240766048, 0.017234133556485176, 0.022413717582821846, -0.05454583093523979, 0.017220783978700638, -0.013436215929687023, -0.010686229914426804, 0.01600598357617855, 0.049499738961458206, 0.015899188816547394, 0.016299672424793243, 0.007989642210304737, 0.021933136507868767, -0.016206225380301476, 0.002501352224498987, -0.02454962767660618, -0.01373657863587141, 0.003641061019152403, -0.011734161525964737, -0.0004082009836565703, -0.02230692096054554, 0.008543644100427628, 0.012968985363841057, -0.007555785588920116, -0.009498129598796368, 0.01150722149759531, -0.022093331441283226, -0.019503537565469742, 0.014003567397594452, -0.0025080267805606127, 0.004091604612767696, 0.011013291776180267, -0.046242475509643555, -0.044320154935121536, 0.03454836085438728, -0.001631135237403214, 0.025457389652729034, 0.024402784183621407, 0.035482823848724365, 0.0241224467754364, 0.008330053649842739, -0.0047156913205981255, -0.0027583290357142687, 0.010886471718549728, -0.025604235008358955, -0.002833419479429722, 0.02645859867334366, -0.019183151423931122, 0.038499798625707626, -0.013055756688117981, -0.0037745554000139236, -0.033827491104602814, 0.002661545528098941, -0.03147799149155617, -0.01317590195685625, -0.02739305980503559, 0.0062742386944592, 0.022680705413222313, -0.006684734486043453, 0.02508360520005226, 0.002926865592598915, 0.001160567277111113, 0.01903630793094635, 0.01545865647494793, -0.014671039767563343, -0.013923470862209797, -0.005426549352705479, -0.005449910648167133, -0.014417399652302265, -0.04095609486103058, 0.0010337475687265396, 0.00780942477285862, -0.0002661545586306602, 0.00429852120578289, -0.03249254822731018, 0.02676563523709774, -0.0004177959053777158, -0.01334276981651783, 0.01457759365439415, 0.01680695079267025, -0.019797226414084435, 0.013696529902517796, 0.015992633998394012, 0.007235398981720209, 0.020745037123560905, -0.025110304355621338, -0.009745093993842602, -0.006120720412582159, -0.006324299145489931, -0.0010671211639419198, -0.021145520731806755, 0.009838540107011795, 0.010425915941596031, 0.002965245395898819, -0.012989009730517864, -0.034842051565647125, 0.03908717259764671, 0.0055366819724440575, -0.009364635683596134, -0.011700788512825966, 0.0063209617510437965, 0.007302145939320326, 0.007942919619381428, 0.006327636539936066, 0.01199447549879551, 0.021706197410821915, -0.0027449794579297304, 0.004208412487059832, 0.005920478608459234, 0.006584613583981991, -0.013723229058086872, -0.008023016154766083, 0.005656827241182327, -0.01055273599922657, 0.0007183669949881732, 0.0036944588646292686, 0.026338454335927963, -0.002656539436429739, -0.022266874089837074, -0.020598193630576134, -0.007388917729258537, -0.005102825351059437, 0.03185177594423294, -0.0056835259310901165, 0.014123712666332722, 0.009431382641196251, -0.0273263119161129, 0.014003567397594452, 0.013910121284425259, -0.028407618403434753, -0.03481535241007805, -0.023468323051929474, -0.005416537169367075, 0.007242073770612478, 0.019329994916915894, -0.031825076788663864, -0.029689164832234383, -0.017874905839562416, -0.025711029767990112, 0.012768743559718132, 0.01170746237039566, 0.020090913400053978, 0.01011220458894968, 0.024042349308729172, -0.020010817795991898, -0.6057443618774414, -0.014364002272486687, 0.005052764900028706, -0.04165026545524597, -0.012174692936241627, -0.010365843772888184, -0.014310604892671108, -0.0022744114976376295, -0.019476840272545815, 0.03972794488072395, -0.017234133556485176, 0.01545865647494793, -0.013329420238733292, -0.015405259095132351, -0.010499337688088417, -0.0012540133902803063, 0.009084297344088554, -0.034361470490694046, 0.00920444168150425, 0.009785142727196217, -0.03147799149155617, 0.023228032514452934, 0.015258414670825005, 0.0004568012955132872, -0.03462845832109451, -0.0013816674472764134, -0.0052363197319209576, -0.011086713522672653, 0.006988434121012688, 0.015071522444486618, -0.05622785910964012, 0.015351860783994198, 0.011140111833810806, -0.014844582416117191, 0.04541480913758278, 0.006033949088305235, -0.02333482913672924, 0.024910062551498413, -0.005102825351059437, 0.02739305980503559, -0.02014431171119213, -0.014203809201717377, 0.021292364224791527, -0.011400425806641579, -0.004145002458244562, 0.016192875802516937, 0.028621209785342216, -0.0017187410267069936, -2.0389190467540175e-05, -0.024255940690636635, 0.00037044708733446896, -0.005226307548582554, -0.015445306897163391, 0.014537544921040535, 0.012935611419379711, -0.024309339001774788, 0.026805683970451355, -0.026952527463436127, 0.01533851120620966, -0.004865872673690319, 0.01142712403088808, -0.005242994520813227, -0.03163818269968033, 0.0003739930398296565, -0.01736762747168541, 0.027192818000912666, -0.006741469260305166, -0.022814201191067696, 0.012922261841595173, -0.021465906873345375, 0.026471948251128197, 0.01831543818116188, 0.0038446399848908186, 0.009264514781534672, -0.004228436388075352, 0.007055181544274092, 0.02675228752195835, -0.016940444707870483, -0.008623741567134857, -0.004128315486013889, 0.02763335034251213, 0.00736889336258173, -0.03823280707001686, -0.0025447378866374493, 0.004001495894044638, 0.0021175555884838104, -0.013269348070025444, -0.017821507528424263, 0.034147877246141434, 0.007662581279873848, -0.003225559601560235, 0.04111628979444504, -0.00333402375690639, -0.01848898082971573, -0.007989642210304737, 0.01879601739346981, -0.015538753010332584, 0.021879740059375763, 0.029582368209958076, -0.03839300200343132, -0.02341492474079132, -0.01688704639673233, -0.0012456700205802917, 0.008416824974119663, 0.030970711261034012, -0.008016341365873814, -0.010252373293042183, 0.008556993678212166, 0.008430174551904202, -0.01648656465113163, -0.010092180222272873, 0.015058173798024654, -0.005796996410936117, 0.011607342399656773, -0.016513261944055557, -0.03051682934165001, 0.02708602324128151, -0.008657114580273628, -0.0023177973926067352, 0.010632832534611225, 0.01633971929550171, 0.009938661009073257, 0.02683238312602043, -0.021532654762268066, 0.01690039597451687, 0.0056034293957054615, 0.003641061019152403, -0.009791817516088486, 0.02158605121076107, 0.009357960894703865, -0.008076413534581661, -0.01752782054245472, 0.02373531274497509, -0.009377984330058098, 0.001696213730610907, -0.012147994711995125, 0.0017320903716608882, -0.02046469785273075, 0.004094942007213831, -0.0050227283500134945, 0.014470797963440418, 0.0053531271405518055, 0.03959445282816887, -0.004265147726982832, -0.011660739779472351, -0.017781460657715797, -0.06706760823726654, 0.001888946397230029, -0.018836066126823425, -0.017314229160547256, -0.03219886124134064, -0.012728694826364517, 0.013936820439994335, 0.02484331652522087, 0.0017504459246993065, 0.009958685375750065, -0.0013507968978956342, -0.026939179748296738, -0.022814201191067696, -0.017020542174577713, 0.0003739930398296565, 0.035242535173892975, -0.012288163416087627, -0.0018422233406454325, -0.005676851142197847, -0.03815271332859993, -0.005506645888090134, -0.003078715642914176, -0.002905172761529684, -0.021145520731806755, -0.01974382810294628, -0.01489797979593277, -0.01545865647494793, -0.008570343255996704, -0.009110995568335056, 0.013449565507471561, -0.019890671595931053, -0.00875723548233509, -0.0032706139609217644, -0.011340352706611156, 0.011634040623903275, 0.01658000983297825, 0.0016086080577224493, 0.0065045165829360485, 0.00931791216135025, -0.010746303014457226, 0.025270497426390648, 0.035082340240478516, -0.008743885904550552, 0.03911387175321579, 0.03751193732023239, -0.0060506355948746204, -0.002786696422845125, -0.0032606017775833607, 0.0063009378500282764, 0.0063810343854129314, 0.01727418042719364, 0.012301512993872166, -0.0005072788917459548, 0.017073938623070717, 0.022013233974575996, 0.027579952031373978, 0.014871281571686268, -0.021639449521899223, 0.002002416644245386, -0.04589539021253586, -0.0063810343854129314, -0.02661879174411297, 0.03874008730053902, 0.004081592429429293, 0.01501812506467104, -0.01919650100171566, 0.016526611521840096, -0.009271189570426941, -0.019249899312853813, 0.052062831819057465, -0.0030653660651296377, 0.006260889582335949, -0.016139477491378784, 0.012321537360548973, -0.0004002747591584921, -0.0050894757732748985, 0.013055756688117981, 0.02078508585691452, -0.01696714386343956, 0.008490246720612049, 0.008823982439935207, 0.0018221992067992687, 0.004011508077383041, -0.013129178434610367, 0.008897405117750168, 0.01055273599922657, 0.006764831021428108, 0.021853040903806686, 0.009291213005781174, 0.025283847004175186, 0.017060590907931328, -0.016753552481532097, 0.02572437934577465, -0.046242475509643555, 0.005086138378828764, 0.04263812676072121, 0.019249899312853813, -0.007469014264643192, 0.015311812981963158, 0.023842107504606247, 0.020678289234638214, 0.014404051005840302, 0.002593129640445113, 0.030703721567988396, -0.022106679156422615, 0.001271534594707191, -0.007629207335412502, -0.015218366868793964, 0.024816617369651794, -0.022093331441283226, 0.0018055123509839177, 0.028407618403434753, -0.002754991641268134, 0.005743598565459251, 0.009591575711965561, -0.021679498255252838, 0.020664939656853676, -0.02262730896472931, 0.02492341212928295, 0.010926520451903343, -0.010132228024303913, 0.005663502030074596, -0.019930720329284668, -0.021732894703745842, 0.009024224244058132, -0.04685654863715172, -0.015044824220240116, -0.04410656541585922, -0.0067548188380897045, 0.003404108341783285, -0.0012381609994918108, -0.0007258760160766542, -0.002267736941576004, 0.028461014851927757, -0.03775222972035408, 0.0025063580833375454, -0.02070498839020729, 0.0018405546434223652, -0.011847632005810738, -0.01334276981651783, -0.0070418319664895535, 0.012414983473718166, 0.011820932850241661, 0.010659531690180302, 0.023134587332606316, -0.013002359308302402, 0.01266862265765667, -0.028167327865958214, -0.015058173798024654, 0.023721963167190552, 0.028647907078266144, 0.010239023715257645, -0.0035943379625678062, 0.007382242940366268, 0.005570055916905403, 0.02508360520005226, -0.018048448488116264, -0.00708855502307415, 0.04717693850398064, -0.01568559743463993, -0.015672247856855392, -0.052062831819057465, 0.015565452165901661, 0.0008802289958111942, -0.01719408482313156, -0.014884630218148232, -0.01744772307574749, 0.010405891574919224, 0.010332469828426838, -0.012134645134210587, -0.01712733693420887, 0.007582484278827906, 0.0352158360183239, -0.008396800607442856, -0.013042407110333443, -0.043038610368967056, -0.03019644320011139, 0.020037516951560974, 0.019810575991868973, 0.002077507320791483, -0.0074957129545509815, 0.0014751135604456067, -0.0056401402689516544, -0.00971172098070383, -0.009064272977411747, -0.04199735075235367, 0.0013900109333917499, -0.012802117504179478, -0.02556418627500534, -0.00012942703324370086, 0.0059471772983670235, -0.0064477818086743355, 0.0061173830181360245, -0.011800908483564854, 0.0007838626625016332, -0.017634615302085876, -0.0172074344009161, -0.008376776240766048, -0.0055233328603208065, -0.017300879582762718, 0.010005408897995949, 0.026485297828912735, -0.002389550441876054, 0.00931791216135025, 0.0275532528758049, 0.0012815466616302729, -0.006514528766274452, -0.03241245076060295, 0.0018972897669300437, -0.004955981392413378, 0.027139419689774513, -0.006531215738505125, -0.0037678806111216545, 0.05537349730730057, -0.001645319047383964, 0.01688704639673233, 0.014377351850271225, 0.005099487956613302, -0.0019256573868915439, 0.02396225370466709, -0.0025630933232605457, 0.01095321960747242, 0.0033089935313910246, -0.01171413715928793, -0.032225560396909714, -0.017007192596793175, 0.008663789369165897, 0.009217791259288788, -0.000113991744001396, 0.0007730162469670177, -0.027366360649466515, -0.017020542174577713, 0.006955060642212629, -0.008850681595504284, 0.006894988007843494, -0.03470855578780174, -0.00943805743008852, -0.04095609486103058, 0.020931929349899292, 0.004235111176967621, 0.03273283690214157, 0.018422232940793037, -0.017701363191008568, -0.047764312475919724, -0.02851441316306591, -0.001399188651703298, -0.015231716446578503, 0.0014600955182686448, -0.0008610391523689032, -0.008523620665073395, -0.031424593180418015, 0.02995615266263485, 0.028327520936727524, 0.02476321905851364, -0.005092813167721033, 0.011440473608672619, 0.011780885048210621, 0.005710225086659193, -0.023041140288114548, -0.009911962784826756, -0.007161976769566536, -0.02119891718029976, -0.0206382405012846, 0.0008143160957843065, 0.013249323703348637, -0.01055941078811884, -0.016820300370454788, 0.03380079194903374, -0.0004152928595431149, -0.002256056061014533, -0.0019056331366300583, -0.0010504344245418906, 0.02540399320423603, 0.016366418451070786, 0.0036443984135985374, 0.028007134795188904, 0.014924678951501846, -0.00487922178581357, -0.009791817516088486, 0.006774843204766512, -0.01541860867291689, 0.003484205109998584, -0.007709304336458445, 0.014404051005840302, 0.02739305980503559, 0.01703389175236225, -0.011860981583595276, 0.014217158779501915, -0.004765751771628857, -0.018195291981101036, 0.02278750203549862, 0.004285171627998352, 0.0046923295594751835, -0.0002246461226604879, 0.0017320903716608882, 0.030383335426449776, 0.0002936877717729658, 0.004528799094259739, 0.013870072551071644, -0.018595775589346886, 0.041303180158138275, -0.002613153774291277, -0.04255802929401398, 0.010098855011165142, -0.011293630115687847, -0.025030208751559258, -0.007595833856612444, -0.004652281291782856, -0.011520570144057274, 0.031264398247003555, -0.0036877840757369995, -0.020277805626392365, -0.041783761233091354, 0.009985384531319141, -0.005343114957213402, 0.005516658071428537, -0.00013610176392830908, 0.007182001136243343, 0.005399850197136402, -0.033640600740909576, -0.0038279532454907894, -0.033720698207616806, -0.0028534438461065292, -0.02819402702152729, -0.020664939656853676, 0.019543586298823357, 0.011440473608672619, 0.02605811506509781, 0.016539961099624634, 0.011680764146149158, -0.028968295082449913, -0.005967201665043831, -0.03529592975974083, -0.028407618403434753, -0.008103112690150738, -0.0026248344220221043, 0.03697796165943146, 0.009398008696734905, 0.019970769062638283, -0.007582484278827906, 0.022747453302145004, -0.010853098705410957, 0.0010429254034534097, 0.02398895099759102, 0.017634615302085876, -0.0036243742797523737, -0.012214741669595242, 0.006457793526351452, 0.011180159635841846, 0.01150722149759531, 0.007355543784797192, -0.008496921509504318, 0.008310029283165932, 0.05291719734668732, -0.02811392955482006, 0.025751078501343727, -0.0012798779644072056, -0.038286205381155014, -0.002175959525629878, 0.03687116503715515, -0.009958685375750065, -0.0241224467754364, -0.023361528292298317, -0.0020908566657453775, 0.004632257390767336, 0.00201242882758379, -0.0010729616042226553, -0.015285113826394081, 0.014938028529286385, 0.000957822659984231, -0.003791242139413953, -0.009571551345288754, 0.01087312214076519, -0.020331203937530518, -0.004081592429429293, -0.029822658747434616, -0.019463490694761276, -0.023294780403375626, 0.00694838585332036, 0.009344611316919327, 0.03655077889561653, 0.0007534092874266207, -0.0023611830547451973, 0.03745854273438454, -0.012361585162580013, -0.015565452165901661, -0.006935036275535822, -0.019970769062638283, -0.003934748936444521, -0.019076356664299965, -0.01095321960747242, -0.0009711720631457865, 0.004368605557829142, 0.021225616335868835, -0.004175038542598486, 0.008617066778242588, -0.02843431755900383, 0.0008126474567689002, -0.005209620576351881, -0.01155394408851862, 0.04095609486103058, 0.010813049972057343, 0.014550894498825073, 0.00471902871504426, -0.00396144762635231, -0.008770585060119629, 0.015151618979871273, 0.014070314355194569, -0.014030266553163528, 0.0396745502948761, 0.05219632759690285, -0.01616617664694786, -0.03847309947013855, -0.004171701613813639, -0.016620058566331863, -0.0013900109333917499, -0.024322688579559326, 0.01998411864042282, 0.029502272605895996, -0.016499914228916168, -0.007869497872889042, 0.014083663932979107, -0.024242591112852097, 0.012762068770825863, 0.005059439223259687, 0.02302779257297516, -0.017260830849409103, -0.007589159067720175, -0.027606651186943054, 0.023321479558944702, 0.005212957970798016, 0.018689222633838654, -0.018262039870023727, 0.018782667815685272, -0.03348040580749512, -0.005950514692813158, -0.001290724379941821, 0.03337361291050911, -0.002114218194037676, 0.016780251637101173, -0.03043673373758793, -0.005730248987674713, 0.014003567397594452, 0.002000747947022319, -0.006824903655797243, 0.005770297255367041, 0.006217503920197487, 0.029101788997650146, -0.0241224467754364, 0.004034869372844696, 0.015538753010332584, -0.024496231228113174, 0.029528971761465073, -0.004034869372844696, -0.010806375183165073, 0.0008852350292727351, -0.012835490517318249, 0.004989354871213436, 0.04741722717881203, -0.009771793149411678, 0.008543644100427628, -0.002304447814822197, -0.006284250877797604, 0.005880430340766907, -0.018262039870023727, -0.014243857003748417, -0.008870705962181091, -0.0328129343688488, -0.016606708988547325, 0.0031738304533064365, 0.018755968660116196, 0.027446458116173744, -0.004478738643229008, -0.005883767735213041, 0.01541860867291689, 0.0119477529078722, -0.00931791216135025, 0.003570976434275508, 0.007028482388705015, -0.0077226534485816956, -0.014964727684855461, -0.00026678029098547995, -0.0032055352348834276, -0.011587318032979965, 0.004048218950629234, -0.0141771100461483, -0.044720638543367386, -0.022026583552360535, 0.013749928213655949, 0.009785142727196217, -0.0038913630414754152, -0.022039933130145073, 0.003777892794460058, -0.005483284126967192, 0.020264456048607826, -0.014377351850271225, -0.02269405499100685, 0.00837010145187378, -0.030810518190264702, 0.01015892717987299, -0.002591460943222046, -0.007976292632520199, 0.00899752601981163, -0.03938085958361626, 0.03420127555727959, -0.0049426318146288395, -0.014444098807871342, -0.017861556261777878, 0.013749928213655949, 0.0064611309207975864, -0.0228675976395607, -0.01927659846842289, -0.014684389345347881, -0.02787364087998867, -0.011293630115687847, 0.00694838585332036, 0.017073938623070717, 0.00266822031699121, 0.007836123928427696, 0.04669635742902756, 0.015445306897163391, 0.007295471616089344, -0.026325104758143425, -0.03801921755075455, -0.02197318524122238, -0.037965819239616394, -0.00920444168150425, 0.002776684472337365, -0.013269348070025444, 0.0238955058157444, 0.019610334187746048, -0.02230692096054554, -0.021078772842884064, -0.006708095781505108, -0.04621577635407448, -0.0328129343688488, -0.0008451867033727467, -0.01222141645848751, 0.026111513376235962, 0.01632636971771717, -0.012328212149441242, 0.0380726158618927, -0.0011730823898687959, 0.018195291981101036, -0.02707267366349697, 0.002791702514514327, 0.0008326715906150639, -0.026712238788604736, 0.0004964324762113392, -0.008276655338704586, -0.029982851818203926, -0.020691638812422752, 0.01095321960747242, -0.0034124518278986216, 0.028808102011680603, 0.041863858699798584, 0.011740836314857006, -0.021412508562207222, -0.0008051383774727583, -0.007161976769566536, -0.013015707954764366, -0.0049059209413826466, 0.009084297344088554, -0.02843431755900383, -0.005286380182951689, 0.005800333805382252, -0.018515679985284805, 0.024402784183621407, 0.01199447549879551, 0.020651590079069138, 0.009918637573719025, 0.025684330612421036, -0.016833649948239326, -0.0067114331759512424, -0.009678347036242485, -0.011720811948180199, 0.02350837178528309, 0.0275532528758049, 0.011019966565072536, 0.05494631454348564, -0.011627365835011005, 0.01318257674574852, -0.00046264167758636177, 0.012461706064641476, 0.024736519902944565, -0.00015800319670233876, 0.021572701632976532, -0.014190459623932838, 0.02843431755900383, -0.015365210361778736, -0.003924736753106117, -0.006511191371828318, 0.008663789369165897, 0.001599430339410901, -0.010919845663011074, -0.01664675772190094, 0.0037411819212138653, -0.008169859647750854, -0.02350837178528309, -0.013549686409533024, 0.0038079291116446257, -0.009064272977411747, -0.03262604400515556, -0.008183209225535393, -0.009004199877381325, -0.019463490694761276, -0.011440473608672619, 0.005369814112782478, -0.0017020541708916426, -0.03879348561167717, 0.008677138946950436, 0.03753863647580147, -0.0026481959503144026, -0.007595833856612444, 0.2008824348449707, -0.0028984982054680586, -0.0005581736331805587, 0.020598193630576134, -0.008109787479043007, -0.012421658262610435, -0.0024546291679143906, -0.004822487011551857, -0.016433166339993477, 0.0328129343688488, -0.0028434316627681255, -0.012394959107041359, 0.00140920071862638, -0.006060647778213024, -0.0021409171167761087, 0.0013140859082341194, -0.014430749230086803, -0.04461384192109108, 0.0025080267805606127, -0.014417399652302265, 0.02795373648405075, 0.009558201767504215, -0.004912595730274916, -0.02891489677131176, 0.01919650100171566, 0.009418033063411713, 0.015285113826394081, 0.01517831813544035, 0.005016053561121225, 0.012595200911164284, -0.012708671391010284, -0.023762011900544167, -0.004275159444659948, 0.01211462076753378, -0.011306979693472385, -0.01199447549879551, 0.01679360121488571, -0.008623741567134857, 0.014003567397594452, 0.047363828867673874, -0.019396742805838585, -0.008810633793473244, 0.035723112523555756, -0.015538753010332584, 0.010105529800057411, -0.0311576034873724, -0.014630991034209728, -0.0024329363368451595, 0.036844465881586075, 0.04028862342238426, -0.02533724531531334, 0.0009236147161573172, 0.009891938418149948, 0.009564876556396484, -0.012461706064641476, -0.002035790355876088, 0.023308129981160164, 0.00920444168150425, 0.001747108530253172, 0.023281430825591087, -0.0024646411184221506, 0.02987605705857277, 0.022507162764668465, 0.018181942403316498, 0.003255595685914159, 0.02078508585691452, 0.020851831883192062, -0.024803267791867256, 0.022186776623129845, 0.001838885946199298, 0.0015735657652840018, 0.004411991219967604, -0.007876172661781311, -0.0013165889540687203, 0.004965993110090494, -0.017060590907931328, 0.0485919788479805, -0.005903791636228561, 0.013296046294271946, 0.015218366868793964, -0.0017571205971762538, -0.03623039275407791, 0.009591575711965561, 0.018195291981101036, -0.027927037328481674, 0.01712733693420887, 3.953338818973862e-06, -0.007876172661781311, -0.01318257674574852, 0.005339777562767267, -0.015058173798024654, 0.028968295082449913, -0.015231716446578503, -0.0010095516918227077, 0.0015235053142532706, 0.01377662643790245, 0.03283963352441788, 0.014364002272486687, -0.014190459623932838, -0.023762011900544167, -0.026258356869220734, 0.041463375091552734, 0.021839691326022148, -0.0035676390398293734, -0.028647907078266144, 0.021372459828853607, 0.0036377236247062683, 0.0012273145839571953, -0.002741642063483596, -0.02071833796799183, 0.007515737321227789, -0.02294769510626793, 0.001860578777268529, -0.014644340611994267, 0.012742044404149055, 0.02221347577869892, 0.01792830415070057, -0.016860349103808403, 0.004268484655767679, -0.01110673788934946, 0.016539961099624634, -0.031504690647125244, 0.006334311328828335, 0.006557914428412914, 0.0077226534485816956, -0.024336036294698715, -0.030062949284911156, -0.009144369512796402, 0.011300304904580116, -0.005052764900028706, 0.02103872410953045, -0.023521721363067627, 0.00971172098070383, -0.001553541631437838, 0.003375740721821785, 0.010265722870826721, 0.0005156223196536303, -0.021092122420668602, -0.002614822471514344, 0.015031474642455578, 0.013436215929687023, -0.011400425806641579, 0.03374739736318588, -0.0027666722889989614, 0.02214672788977623, -0.013135853223502636, 0.0002277749008499086, -0.006551239639520645, -0.0009728407603688538, -0.020518096163868904, 0.00014100350381340832, 0.009057598188519478, 0.018342137336730957, -0.024829966947436333, -0.0006524540949612856, -0.01839553378522396, 0.018502330407500267, -0.03964785113930702, -0.0021525979973375797, -0.0022310258354991674, 0.0008159847930073738, -0.0018005063757300377, 0.004502099938690662, 0.005096150562167168, -0.026485297828912735, -0.02763335034251213, -0.1667078584432602, 0.03294643014669418, 0.044880833476781845, -0.031104205176234245, -0.008069738745689392, 0.01807514764368534, 0.01616617664694786, -0.010018758475780487, -0.016553310677409172, -0.036123596131801605, 0.007222049403935671, -0.02102537453174591, -0.04469393938779831, -0.006417745258659124, 0.0010312446393072605, 0.01206789817661047, 0.009698371402919292, 0.012701996602118015, 0.020731687545776367, 0.019556935876607895, 0.05040750280022621, -0.011740836314857006, 0.008002991788089275, -0.03153138607740402, 0.014644340611994267, 0.00038358793244697154, -0.000632012786809355, 0.009925312362611294, 0.00046222450328059494, 0.01310915406793356, -0.0186358243227005, 0.0058670807629823685, 0.03297312930226326, 0.0004976839991286397, 0.010539386421442032, 0.014564244076609612, -0.006801541894674301, -0.01003210712224245, -0.018462281674146652, 0.009030899032950401, 0.02071833796799183, 0.019556935876607895, -0.0038546521682292223, 0.027526553720235825, 0.001131365424953401, 0.031424593180418015, 0.00235951435752213, -0.005129524040967226, 0.018101846799254417, -0.0038646641187369823, 0.021626099944114685, -0.009571551345288754, -0.0015276770573109388, 0.005326428450644016, 0.0030319925863295794, 0.015445306897163391, 0.004882559180259705, 0.021532654762268066, -0.02022440917789936, -0.04848518222570419, -0.002457966562360525, -0.021399158984422684, -0.021252315491437912, -0.033186718821525574, -0.031104205176234245, 0.007081880234181881, -0.018902814015746117, 0.00903757382184267, -0.0275532528758049, 0.00764923170208931, 0.007195350714027882, 0.003988146316260099, 0.0032722826581448317, -0.011734161525964737, 0.012161344289779663, 0.017474422231316566, -0.012047873809933662, -0.0001529971486888826, 0.009918637573719025, 0.014270556159317493, 0.0016277978429570794, 0.027927037328481674, -0.006407733540982008, 0.04570849612355232, -0.009030899032950401, -0.013830024749040604, -0.0021342423278838396, -0.010132228024303913, -0.013129178434610367, 0.005670176353305578, 0.03494884446263313, -0.04341239482164383, -0.008837332017719746, 0.018515679985284805, 0.011126762256026268, 0.0024713159073144197, 0.022827550768852234, 0.0011347028193995357, 0.02133241295814514, 0.004315207712352276, -0.00021588554955087602, -0.006581276189535856, -0.017421025782823563, 0.020104262977838516, 0.029849357903003693, 0.00295857060700655, 0.0018639161717146635, -0.0067548188380897045, 0.0344148688018322, 0.009418033063411713, -0.0311576034873724, -0.013923470862209797, -0.006955060642212629, 0.04715023934841156, -8.291256381198764e-05, 0.023441623896360397, -0.0026598768308758736, 0.0010020426707342267, 0.022240174934267998, 0.0019306633621454239, 0.04359928518533707, -0.014270556159317493, -0.009925312362611294, 0.003402439644560218, -0.004752402193844318, 0.003934748936444521, -0.0987858921289444, -0.0061607686802744865, 0.013856722973287106, 0.016353068873286247, -0.025871222838759422, -0.003122101305052638, -0.0023077852092683315, 0.0253238957375288, -0.0021175555884838104, 0.031130904331803322, -0.02779354341328144, -0.021572701632976532, 0.0032822946086525917, 0.021065423265099525, 0.01433730311691761, -0.009825191460549831, -0.0021726221311837435, -0.012414983473718166, 0.005823695100843906, 0.030009550973773003, -0.003587663173675537, -0.019169801846146584, 0.029368778690695763, -0.008336728438735008, -0.0043485816568136215, 0.006371022202074528, -0.03003625012934208, 0.00281840143725276, 0.014724437147378922, -0.01872927136719227, 0.00899752601981163, -0.026004718616604805, 0.002531388308852911, -0.040021635591983795, 0.004338569473475218, -0.019410092383623123, -0.02708602324128151, -0.014323953539133072, 0.017501121386885643, -0.007168651558458805, -0.004512112122029066, 0.02007756382226944, 0.01338281761854887, -0.013169227167963982, -0.0009936993010342121, -0.0003322760167066008, -0.03019644320011139, 0.01179423462599516, -0.004582196939736605, -0.02795373648405075, -0.03227895498275757, -0.008243282325565815, -0.023842107504606247, 0.0010537718189880252, 0.03321341797709465, 0.02771344594657421, -0.0032505898270756006, -0.01695379428565502, 0.009291213005781174, 0.02987605705857277, -0.029982851818203926, -0.010999942198395729, 0.0017320903716608882, 0.014417399652302265, 0.0340677835047245, 0.020211059600114822, -0.012394959107041359, 0.0004497094196267426, -0.01182760763913393, 0.009671672247350216, -0.025937970727682114, 0.007569135166704655, -0.03377409279346466, -0.0038112662732601166, -0.003440819215029478, 0.007635882124304771, -0.0019390068482607603, -0.03083721734583378, 0.006374359596520662, 0.002007422735914588, 0.012421658262610435, -0.000279921165201813, -0.013422866351902485, -0.01457759365439415, 0.023601816967129707, 0.0008318372420035303, -0.007542436011135578, 0.010639507323503494, -0.017421025782823563, -0.04867207258939743, 0.01641981676220894, 0.004638931713998318, 0.0029201910365372896, -0.023388227447867393, -0.024950111284852028, 2.787217999866698e-05, -0.03478865325450897, 0.0023461647797375917, 0.004645606502890587, 0.014684389345347881, -0.0029085101559758186, -0.0016511593712493777, -0.05211623013019562, 0.029742563143372536, 0.015124920755624771, 0.0066313366405665874, 0.007262097671627998, 0.0056835259310901165, -0.017100637778639793, -0.018422232940793037, 0.024829966947436333, 0.01937004365026951, -0.0032122100237756968, 0.03185177594423294, -0.01345624029636383, -0.00157773750834167, 0.004408653825521469, 0.00330565613694489, 0.025844523683190346, -0.0032973128836601973, 0.009918637573719025, 0.03558962047100067, 0.01262190006673336, -0.016660107299685478, 0.028327520936727524, 0.04749732464551926, -0.004615570418536663, 0.0004993526381440461, -0.01199447549879551, 0.0032389089465141296, -0.0035542896948754787, -0.027419758960604668, 0.006174118258059025, -0.027126071974635124, -0.003834627801552415, 0.021292364224791527, 0.035643015056848526, -0.03265273943543434, 0.007295471616089344, 0.034121181815862656, 0.014377351850271225, 0.011607342399656773, -0.014444098807871342, -0.015111571177840233, -0.00888405553996563, -0.01792830415070057, -0.010085505433380604, 0.001758789294399321, 0.002993613015860319, 0.011333677917718887, 0.010519362054765224, -0.000815567618701607, 0.025350594893097878, 0.013910121284425259, -0.029128488153219223, -0.003208872629329562, 0.0073355198837816715, -0.014310604892671108, 0.008870705962181091, 0.01568559743463993, -0.0020307842642068863, 0.0006069825612939894, 0.05192933976650238, 0.002472984604537487, 0.008563668467104435, -0.004685654770582914, 0.0071219285018742085, -0.033106621354818344, 0.013482938520610332, 0.004638931713998318, 0.02390885539352894, -0.036817766726017, -0.01704724133014679, -0.0012189710978418589, -0.013162552379071712, 0.031825076788663864, -0.0023678576108068228, -0.020037516951560974, 0.0013841704931110144, 0.014470797963440418, -0.000762587005738169, 0.00070460035931319, 0.019476840272545815, -0.024723170325160027, -0.008777259849011898, 0.01982392556965351, 0.025043558329343796, 0.022360319271683693, -0.004268484655767679, 0.035242535173892975, -0.015325162559747696, -0.0038880256470292807, -0.012615225277841091, 0.008523620665073395, -0.011587318032979965, -0.012588526122272015, 0.021839691326022148, -0.01912975311279297, -0.03513573855161667, -0.011593992821872234, 0.014697737991809845, 0.0030319925863295794, 0.013910121284425259, -0.001860578777268529, -0.0019022958585992455, -0.023388227447867393, -0.013035732321441174, -0.003143794136121869, -0.02619161084294319, -0.011907704174518585, -0.01848898082971573, 0.02787364087998867, -0.018929511308670044, -0.001990735996514559, -0.008690488524734974, 0.015472006052732468, -0.004235111176967621, 0.001747108530253172, 0.015124920755624771, -0.01198780070990324, -0.018862765282392502, 0.03324011713266373, 0.02174624428153038, 0.02621830813586712, 0.0011472179321572185, -0.020918579772114754, 0.057402610778808594, 0.030329937115311623, -0.01003878191113472, -0.017140686511993408, 0.03145129233598709, -0.002461303723976016, 0.01461764145642519, -0.01541860867291689, -0.010846423916518688, 0.004375280346721411, -0.028808102011680603, -0.03145129233598709, -0.015405259095132351, -0.01361643336713314, -0.015485355630517006, 0.0786549299955368, 0.02548408880829811, 0.009064272977411747, 0.01847563125193119, -0.01824869029223919, 0.0029836008325219154, 0.02133241295814514, 0.013990217819809914, -0.005226307548582554, -0.03719155117869377, -0.0007463173824362457, 0.015819091349840164, -0.0077226534485816956, -0.03129109740257263, -0.01127360574901104, -0.02181299217045307, 0.001652828068472445, -0.009778467938303947, 0.009104320779442787, -0.02413579635322094, 0.007816099561750889, -0.012955635786056519, 0.0069016627967357635, 0.005920478608459234, 0.017154036089777946, 0.009544853121042252, 0.015872489660978317, -0.008303354494273663, -0.008670464158058167, -0.019570285454392433, 0.01098659262061119, 0.025363944470882416, -0.01658000983297825, -0.001206455985084176, -0.011734161525964737, -0.010198975913226604, 0.012414983473718166, 0.02095862850546837, 0.013289371505379677, 0.019850624725222588, 0.009418033063411713, -0.0009419701527804136, -0.013269348070025444, -0.021092122420668602, -0.013910121284425259, -0.009097645990550518, 0.003397433552891016, 0.0030770469456911087, -0.02939547598361969]","[-0.03346119448542595, 0.028121918439865112, 0.016328856348991394, -0.020968325436115265, -0.021538538858294487, 0.01042584516108036, 0.02799232490360737, -0.025180133059620857, -0.03885231167078018, -0.017767351120710373, 0.025646671652793884, -0.004344642162322998, 0.021033121272921562, 0.0008456014911644161, -0.011669948697090149, 0.01214944664388895, 0.006567181088030338, -0.0015526992501690984, 0.03755636885762215, -0.007445180788636208, -0.013043645769357681, 0.012784457765519619, 0.0077173286117613316, -0.004678347148001194, -0.03825617954134941, -0.00033795711351558566, 0.031284015625715256, -0.02288631722331047, 0.0006734843482263386, -0.003735549980774522, 0.012538229115307331, 0.004231247119605541, -0.018570834770798683, -0.04136643558740616, -0.02576330676674843, -0.003570317290723324, 0.017093461006879807, -0.010127779096364975, 0.008546730503439903, -0.0031993542797863483, 0.024596959352493286, -0.028692133724689484, 0.010600796900689602, -0.007846922613680363, -0.01468301098793745, 0.01643253117799759, -0.006071483716368675, -0.04191073030233383, -0.019128089770674706, 0.00016887730453163385, 0.016678759828209877, 0.016665801405906677, -0.05525892227888107, 0.012104088440537453, -0.01901145465672016, -0.0030211624689400196, 0.010516560636460781, 0.05121558904647827, 0.007004560902714729, 0.01905033178627491, 0.011307084932923317, 0.02571146935224533, -0.014955159276723862, 0.006842568516731262, -0.024584000930190086, -0.005984007380902767, 0.008300501853227615, -0.016471410170197487, 0.010600796900689602, -0.018570834770798683, 0.0031815350521355867, 0.019089210778474808, -0.00950572732836008, 0.0002691102563403547, 0.013970243744552135, -0.017572959885001183, -0.02186252363026142, 0.014281269162893295, -0.013918406330049038, 0.0008577509433962405, 0.010490641929209232, -0.04097765311598778, -0.03786739706993103, 0.02915867231786251, 0.003881343174725771, 0.024661757051944733, 0.03203565999865532, 0.02064434066414833, 0.01987973414361477, -0.006700014695525169, -0.01225960161536932, -0.0006034225225448608, 0.011482036672532558, -0.0212404727935791, -0.007004560902714729, 0.021344147622585297, -0.021408945322036743, 0.03263179212808609, -0.012428074143826962, -0.020735055208206177, -0.03141361102461815, 0.00872168317437172, -0.040640708059072495, -0.011196929961442947, -0.03058420680463314, 0.0037258302327245474, 0.01842828094959259, -0.00042644559289328754, 0.021784767508506775, -0.0029450259171426296, 0.003155616344884038, 0.017702553421258926, 0.014294229447841644, -0.015564250759780407, -0.005731299053877592, -0.0039623393677175045, -0.007179513107985258, -0.013127882033586502, -0.0344201922416687, -0.0009460368892177939, 0.006444066297262907, 0.0004072089504916221, 0.003314369125291705, -0.027862731367349625, 0.023158464580774307, -0.0063306717202067375, -0.018804103136062622, 0.01509771216660738, 0.009155822917819023, -0.014618214219808578, 0.022640088573098183, 0.02188844233751297, 0.004483955912292004, 0.012246642261743546, -0.023663882166147232, -0.018363483250141144, -0.002316494472324848, -0.0025351846124976873, 0.004344642162322998, -0.020514745265245438, 0.012991808354854584, 0.010762790217995644, 0.009408531710505486, -0.00743870111182332, -0.02876988984644413, 0.04201440513134003, 0.009661239571869373, -0.01225960161536932, -0.012006892822682858, -0.005857653450220823, -0.0021528820507228374, 0.004723704885691404, 0.006220516748726368, 0.010309210047125816, 0.02389715239405632, -0.0064213876612484455, 0.006667616311460733, 0.005031490698456764, 0.014670051634311676, -0.020113004371523857, -0.017896944656968117, 0.005115726962685585, 0.00961588229984045, -0.002768453909084201, -0.004014177247881889, 0.025387484580278397, -0.003463402157649398, -0.02389715239405632, -0.014164634980261326, -0.012447512708604336, -0.0009282177197746933, 0.022601211443543434, -0.007276708725839853, 0.009913948364555836, -0.001387466792948544, -0.02674822136759758, 0.02186252363026142, 0.006055284291505814, -0.014955159276723862, -0.026178007945418358, -0.011047896929085255, 0.007127675227820873, 0.010004664771258831, 0.009175262413918972, -0.027059247717261314, -0.02597065642476082, -0.018985535949468613, -0.01903737336397171, 0.01509771216660738, 0.006107121706008911, 0.01095070131123066, 0.005598464980721474, 0.018713388592004776, -0.024869106709957123, -0.6216369867324829, -0.01741744764149189, 0.000716412381734699, -0.03322792798280716, 0.002203099662438035, 0.004441837780177593, -0.004179409705102444, 0.0010667213937267661, -0.01603079028427601, 0.04237727075815201, -0.020916488021612167, 0.021344147622585297, -0.011313565075397491, -0.023625003173947334, -0.0032139336690306664, -0.010853505693376064, 0.009933387860655785, -0.0343942753970623, 0.006262634880840778, 0.0008431716123595834, -0.030091749504208565, 0.015927115455269814, 0.004043336026370525, -0.004532553721219301, -0.02632056176662445, -0.004127571824938059, 0.013464827090501785, -0.009129904210567474, 0.01184490043669939, 0.010095380246639252, -0.045254260301589966, 0.007859881967306137, 0.013218598440289497, -0.02371571958065033, 0.043258510529994965, 0.010510081425309181, -0.030247261747717857, 0.0233010184019804, 0.0016296458197757602, 0.022989993914961815, -0.01981493830680847, -0.00704343942925334, 0.00983619224280119, -0.004104893188923597, 0.007950598374009132, 0.017106421291828156, 0.025776265189051628, 0.0043867602944374084, -0.0014360646018758416, -0.017676634714007378, -5.7811117585515603e-05, -0.005229122005403042, -0.017093461006879807, -0.0016174963675439358, 0.016095586121082306, -0.027111085131764412, 0.028847645968198776, -0.030921151861548424, 0.0161733441054821, -0.0017835387261584401, 0.011968014761805534, -0.004688066430389881, -0.034135084599256516, -0.001632075640372932, -0.01376289315521717, 0.03991498053073883, 0.004260405898094177, -0.01965942420065403, 0.010607277043163776, -0.02126639150083065, 0.02453216351568699, 0.009369653649628162, 0.0025805425830185413, 0.0064213876612484455, -0.0021221034694463015, 0.006123321130871773, 0.02632056176662445, -0.023171424865722656, -0.0023067749571055174, -0.0009290276793763041, 0.022588251158595085, 0.0034958007745444775, -0.03766004368662834, -0.009453889913856983, 0.014436782337725163, -0.0009735756902955472, -0.01704162359237671, -0.01298532821238041, 0.03504224494099617, 0.0106396758928895, 0.0026550590991973877, 0.04235135018825531, -0.005987247452139854, -0.02978072315454483, -0.00037015313864685595, 0.01295293029397726, -0.015603129751980305, 0.017054583877325058, 0.0263594388961792, -0.03587164729833603, -0.01639365404844284, -0.01745632477104664, -0.010263852775096893, 0.0081125907599926, 0.026903735473752022, -0.011099734343588352, -0.015875276178121567, 0.003247952088713646, 0.02148670144379139, -0.013724015094339848, -0.010879424400627613, 0.00820330623537302, 0.010587837547063828, 0.010685033164918423, -0.016108546406030655, -0.025024620816111565, 0.03701207414269447, -0.008941993117332458, -0.004137291572988033, -0.002263037022203207, 0.014942199923098087, 0.002972564660012722, 0.028899483382701874, -0.026178007945418358, 0.01744336634874344, 0.0005147315678186715, 0.00850785244256258, -0.007620132993906736, 0.02489502541720867, 0.01660100370645523, -0.0070693581365048885, -0.024959823116660118, 0.012628944590687752, -0.006418147590011358, 0.00800891499966383, -0.024843188002705574, -0.013555542565882206, -0.025892900303006172, 0.012006892822682858, -0.012337357737123966, 0.016510287299752235, -0.006440826691687107, 0.031698714941740036, -0.01356850191950798, -0.01680835522711277, -0.011171011254191399, -0.04909024387598038, 0.001380177098326385, -0.027396192774176598, -0.02025555819272995, -0.034523867070674896, -0.017093461006879807, 0.012006892822682858, 0.020618420094251633, 0.004785262048244476, 0.010723911225795746, -0.002727955812588334, -0.02368980087339878, -0.01245399285107851, -0.017093461006879807, -1.3240997986940783e-06, 0.03216525539755821, -0.0025027859956026077, 0.0030989188235253096, -0.010276812128722668, -0.044684045016765594, -0.0004794981505256146, 0.00040518405148759484, -0.010484162718057632, -0.01803949847817421, -0.02595769800245762, -0.00850785244256258, -0.009188221767544746, -0.0009047287749126554, -0.0059256902895867825, 0.015551291406154633, -0.017922863364219666, -0.004833859857171774, 0.0013008007081225514, -0.009382613003253937, 0.016354775056242943, 0.013438908383250237, 0.0024136900901794434, 0.006369549781084061, 0.0126548632979393, -0.011702346615493298, 0.014022081159055233, 0.03162096068263054, -0.030091749504208565, 0.044891394674777985, 0.038359854370355606, -0.0025189851876348257, -0.006162199191749096, -0.011469077318906784, 0.02043698914349079, 0.005206442903727293, 0.009577004238963127, 0.01439790427684784, 0.005465630907565355, 0.00872816238552332, 0.02104608155786991, 0.02407858334481716, 0.00931133609265089, -0.02065729908645153, 0.006460265722125769, -0.04175521805882454, -0.004542273003607988, -0.030247261747717857, 0.03833393380045891, -0.006829609163105488, 0.013698096387088299, -0.02288631722331047, 0.016549166291952133, -0.009771394543349743, -0.00455847242847085, 0.04945310950279236, -0.013225077651441097, 0.011268206872045994, -0.014890361577272415, 0.01697682775557041, 0.012914052233099937, 0.004341402091085911, 0.017067542299628258, 0.012078169733285904, -0.01520138792693615, -0.002042727079242468, 0.01103493757545948, 0.004956974182277918, 0.017922863364219666, 0.000693328445777297, 0.0009363173739984632, 0.008715203031897545, -0.009408531710505486, 0.012641903944313526, 0.0067064943723380566, 0.03626042976975441, 0.01225312240421772, -0.02677414007484913, 0.017352649942040443, -0.054688710719347, 0.013309313915669918, 0.030065830796957016, 0.01662692241370678, -0.015460575930774212, 0.016095586121082306, 0.015577211044728756, 0.01042584516108036, 0.01845419965684414, 0.005138406064361334, 0.031232178211212158, -0.02042403072118759, -0.005915970541536808, -0.008941993117332458, -0.017106421291828156, 0.021370066329836845, -0.02083873189985752, -0.001105599687434733, 0.03304649516940117, 0.00336944661103189, 0.0022306384053081274, 0.0014830424915999174, -0.026294643059372902, 0.029677048325538635, -0.023339897394180298, 0.021629255264997482, 0.019970450550317764, -0.0081125907599926, 0.004616789519786835, -0.02044994942843914, -0.02047586813569069, 0.009719557128846645, -0.05207090824842453, -0.007594214286655188, -0.03973355144262314, -0.005507749039679766, 0.011326524429023266, -0.008404177613556385, -5.472313205245882e-05, -0.004150250926613808, 0.022199468687176704, -0.039578039199113846, 0.003431003773584962, -0.022756723687052727, 0.006155719514936209, -0.009862110950052738, -0.022640088573098183, -0.0023974908981472254, 0.007075837813317776, 0.012609506025910378, 0.011125653050839901, 0.01663988269865513, -0.017534080892801285, 0.01014073844999075, -0.02471359446644783, -0.016873151063919067, 0.030921151861548424, 0.03359078988432884, 0.010574878193438053, -0.006022885907441378, 0.0015340701211243868, 0.006226996425539255, 0.00992690771818161, -0.02510237693786621, -0.012855734676122665, 0.05126742646098137, -0.019166966900229454, -0.010814627632498741, -0.05323725566267967, 0.030739720910787582, -0.012991808354854584, -0.013309313915669918, -0.01144963875412941, -0.01680835522711277, -0.002240357920527458, 0.011689387261867523, -0.014112797565758228, -0.021408945322036743, 0.017274893820285797, 0.04038152098655701, -0.0003703556430991739, -0.007406302727758884, -0.04380280524492264, -0.030739720910787582, 0.01663988269865513, 0.009719557128846645, -0.0036934318486601114, -0.010542480275034904, -0.0016069668345153332, 0.00532307755202055, -0.0023537527304142714, -0.004224767442792654, -0.04299932345747948, 0.0024136900901794434, -0.00781452376395464, -0.007730287965387106, -0.004104893188923597, -0.0010424224892631173, -0.004305764101445675, 0.003570317290723324, -0.011073815636336803, 0.001830516615882516, -0.019957490265369415, -0.03216525539755821, -0.005332797300070524, -0.0025724428705871105, -0.021033121272921562, 0.01539577916264534, 0.025167174637317657, -0.0075877346098423, 0.02432481199502945, 0.03143952786922455, -0.0058025759644806385, -0.012382715940475464, -0.04077030345797539, -0.007406302727758884, -9.137396773439832e-06, 0.02107200026512146, -0.003476361744105816, 0.0011703966883942485, 0.04377688467502594, -0.0010634815553203225, 0.02370276115834713, 0.014527498744428158, 0.007931158877909184, 0.0024282694794237614, 0.01862267218530178, -0.002269516699016094, -0.011631070636212826, 0.004215048160403967, -0.014229431748390198, -0.027707217261195183, -0.018894819542765617, 0.00920118112117052, 0.008216265588998795, 0.00036549585638567805, -0.005407313816249371, -0.02267896756529808, -0.013101963326334953, 0.006521822884678841, -0.00678425095975399, -0.002697177231311798, -0.02737027406692505, -0.005271240137517452, -0.04126276075839996, 0.022782642394304276, 0.005857653450220823, 0.02367684245109558, 0.02126639150083065, -0.008831838145852089, -0.048727381974458694, -0.0344979502260685, 0.0023796716704964638, -0.017274893820285797, -0.005336036905646324, -0.00352171971462667, -0.008468974381685257, -0.030661962926387787, 0.028925402089953423, 0.0293660219758749, 0.02918459102511406, 0.0013129501603543758, 0.013199158944189548, 0.008468974381685257, 0.02571146935224533, -0.026825977489352226, -0.02004820667207241, -0.001272452063858509, -0.017158258706331253, -0.02104608155786991, -0.008371778763830662, 0.01367217767983675, -0.009499247185885906, -0.021603336557745934, 0.04198848828673363, 0.00018274792819283903, -0.0013210498727858067, 0.0030146827921271324, -0.011093255132436752, 0.02269192598760128, 0.009823232889175415, -0.001600487157702446, 0.02610025182366371, 0.012739099562168121, -0.009641801007091999, -0.0073739043436944485, 0.018959617242217064, -0.007976517081260681, 0.0009363173739984632, -0.014436782337725163, 0.005446191877126694, 0.017883986234664917, 0.022795602679252625, -0.019503911957144737, 0.008144988678395748, -0.004658907651901245, -0.023987866938114166, 0.02731843665242195, 0.01295940950512886, 0.0032285130582749844, 0.010510081425309181, 0.002416929928585887, 0.038774553686380386, 2.041360130533576e-05, 0.004357601515948772, 0.004422398749738932, -0.02210875228047371, 0.03550878167152405, 0.009609402157366276, -0.054792385548353195, 0.005971048027276993, -0.01306956447660923, -0.030739720910787582, -0.0022889557294547558, -0.005912730935961008, -0.004445077385753393, 0.028925402089953423, -0.007788605522364378, -0.019413195550441742, -0.03136176988482475, 0.017119379714131355, -0.0009638561168685555, 0.008132029324769974, -0.0011606771731749177, 0.014644132927060127, 0.005384634714573622, -0.026800058782100677, 0.0007297767442651093, -0.024635838344693184, -0.006385749205946922, -0.030065830796957016, -0.02249753475189209, 0.0101148197427392, 0.01539577916264534, 0.022808561101555824, 0.021175675094127655, 0.016652841120958328, -0.040226008743047714, -0.013944325037300587, -0.02838110737502575, -0.01987973414361477, -0.000609497248660773, 0.0007184373098425567, 0.03558653965592384, 0.00298876385204494, 0.028899483382701874, -0.012155926786363125, 0.01698978617787361, -0.009823232889175415, 0.005903011187911034, 0.0162251815199852, 0.012661343440413475, -0.002713376423344016, -0.014475660398602486, 0.004717225208878517, 0.01548649463802576, 0.006771291606128216, 0.008851276710629463, -0.014462701044976711, 0.0032155534718185663, 0.043051160871982574, -0.016160383820533752, 0.020540663972496986, -0.0016434151912108064, -0.039007823914289474, -0.0009136383887380362, 0.028121918439865112, -0.0013064704835414886, -0.0343942753970623, -0.02309366874396801, -0.002706896746531129, 0.008676324971020222, 0.0036189150996506214, 0.0062691145576536655, -0.013043645769357681, 0.013529623858630657, -0.011721786111593246, -0.01256414782255888, -0.0072831884026527405, 0.013944325037300587, -0.02147374115884304, -0.005676221568137407, -0.03304649516940117, -0.018272768706083298, -0.028666215017437935, 0.008669844828546047, 0.013801771216094494, 0.05002332106232643, -0.0021140037570148706, -0.0012659723870456219, 0.02473951317369938, -0.010276812128722668, -0.020411070436239243, 0.002227398566901684, -0.006849048193544149, -0.005044450052082539, -0.009959306567907333, -0.009803793393075466, 0.006680575665086508, 0.003978538792580366, 0.01597895286977291, -0.011093255132436752, 0.00693328445777297, -0.022212428972125053, -0.003283590544015169, -0.008443055674433708, -0.012551188468933105, 0.034368354827165604, 0.005766937509179115, 0.020605461671948433, -0.006939764134585857, -0.006505623925477266, -0.004289564676582813, 0.009888029657304287, 0.011974494904279709, -0.016315896064043045, 0.0344720296561718, 0.04623917490243912, -0.009285417385399342, -0.03825617954134941, -0.0067064943723380566, -0.01551241334527731, -0.006052044220268726, -0.02975480444729328, 0.00662873825058341, 0.029936237260699272, -0.012920531444251537, -0.0033435276709496975, 0.01275853905826807, -0.0202814768999815, 0.020216679200530052, 0.012784457765519619, 0.020735055208206177, -0.015654966235160828, 0.003283590544015169, -0.023650923743844032, 0.02615208923816681, 0.008993830531835556, 0.024039704352617264, -0.02267896756529808, 0.01743040606379509, -0.02490798570215702, -0.008572649210691452, -0.014734849333763123, 0.03097298927605152, -0.006307992618530989, 0.012052251026034355, -0.02472655475139618, -0.009110464714467525, 0.0058641331270337105, 0.0040206569246947765, -0.010613756254315376, 0.0025060258340090513, 0.012175365351140499, 0.022147631272673607, -0.02411746233701706, 0.005080088507384062, 0.02775905653834343, -0.022756723687052727, 0.027862731367349625, -0.00451635429635644, -0.008443055674433708, 0.009564044885337353, -0.02292519621551037, 0.014644132927060127, 0.04470996558666229, -0.01034160889685154, 0.01578456163406372, -0.00187587458640337, -0.00036934317904524505, 0.004292804282158613, -0.02308070845901966, -0.00789228081703186, -0.008792959153652191, -0.018596753478050232, -0.01724897511303425, 0.010270331986248493, 0.029054997488856316, 0.03097298927605152, -0.007464619819074869, -0.009952826425433159, 0.021421903744339943, 0.013140841387212276, -0.0106461551040411, 0.014760768041014671, 0.008080191910266876, -0.022821521386504173, -0.015965992584824562, -0.0020103284623473883, -0.004607070237398148, -0.015875276178121567, 0.011527394875884056, -0.017676634714007378, -0.04820900410413742, -0.018894819542765617, 0.02737027406692505, 0.01235031709074974, -0.003431003773584962, -0.015680884942412376, 0.005076848901808262, 0.002264656824991107, 0.020605461671948433, -0.011320044286549091, -0.016860192641615868, 0.00831346120685339, -0.04237727075815201, 0.00394938001409173, -0.004931055475026369, -0.015836399048566818, 0.016056708991527557, -0.04131459817290306, 0.03872271627187729, -0.001157437334768474, -0.020398110151290894, -0.021914362907409668, 0.011015498079359531, 0.003283590544015169, -0.019789019599556923, -0.013724015094339848, -0.011333003640174866, -0.024972783401608467, -0.005264760460704565, 0.011417239904403687, 0.014851483516395092, -0.007296147756278515, 0.002203099662438035, 0.04553936421871185, 0.019102169200778008, 0.01376289315521717, -0.0212534312158823, -0.029858479276299477, -0.01041936594992876, -0.038981903344392776, -0.01306308526545763, -0.0001426547532901168, -0.012441033497452736, 0.022238347679376602, 0.01578456163406372, -0.01806541718542576, -0.019361358135938644, 0.00012382310524117202, -0.049530863761901855, -0.022186510264873505, -0.005776656791567802, -0.013996162451803684, 0.02085169032216072, 0.015732724219560623, -0.01225312240421772, 0.034135084599256516, -0.0001891263818833977, 0.011430199258029461, -0.02656679041683674, 0.0063598304986953735, 0.00831346120685339, -0.03102482669055462, -0.003605955746024847, -0.011443158611655235, -0.034938570111989975, -0.010808147490024567, 0.013853608630597591, -0.005945129320025444, 0.03325384482741356, 0.03887822851538658, 0.01356850191950798, -0.008514332585036755, -0.006758332252502441, -0.012881653383374214, -0.011054376140236855, -0.0004904326633550227, 0.013173240236938, -0.02472655475139618, -0.014527498744428158, 0.011993933469057083, -0.011417239904403687, 0.0192447230219841, 0.017352649942040443, 0.010872945189476013, 0.010898863896727562, 0.017300812527537346, -0.014916280284523964, -0.010633195750415325, -0.0036318746861070395, -0.010302730835974216, 0.020773934200406075, 0.025400443002581596, 0.01225312240421772, 0.05144885554909706, -0.021732930094003677, 0.00831346120685339, 0.005702140275388956, 0.01846715807914734, 0.01981493830680847, 0.0101148197427392, 0.027422111481428146, -0.007296147756278515, 0.02109791897237301, -0.009000309742987156, -0.007639572024345398, -0.00724430987611413, 0.008041313849389553, 0.00040133672882802784, -0.008663365617394447, -0.017883986234664917, -0.0030972990207374096, -0.00678425095975399, -0.023586126044392586, -0.0006989981629885733, 0.0032609114423394203, -0.014579336158931255, -0.0323726050555706, -0.010918302461504936, -0.013186199590563774, -0.02393602952361107, -0.012441033497452736, 0.004704265855252743, -0.0019260923145338893, -0.03893006592988968, 0.015408738516271114, 0.028899483382701874, 0.015019956044852734, -0.0024574280250817537, 0.2125343233346939, 0.0030065830796957016, 0.008708723820745945, 0.02407858334481716, -0.004720464814454317, -0.00973251648247242, -0.001853195601142943, -0.0025789225473999977, -0.018143173307180405, 0.037374936044216156, -0.006188118364661932, -0.011637549847364426, 0.013438908383250237, -0.001142857945524156, -0.003359727095812559, -0.002196619985625148, -0.015616089105606079, -0.04268829524517059, -0.0014984317822381854, 0.0005775036988779902, 0.018480118364095688, 0.008909594267606735, -0.00046613375889137387, -0.02391011081635952, 0.02252345345914364, 0.008572649210691452, 0.01033512968569994, 0.012207764200866222, 0.0012133247219026089, 0.011831941083073616, -0.006081202998757362, -0.013438908383250237, -0.004078974016010761, 0.017883986234664917, -0.000984105165116489, -0.022549372166395187, 0.020722096785902977, -0.013270435854792595, 0.017909904941916466, 0.03219117224216461, -0.021408945322036743, -0.0013283394509926438, 0.025465240702033043, -0.022964073345065117, 0.009868590161204338, -0.022951114922761917, -0.021590376272797585, -0.0027457750402390957, 0.0293660219758749, 0.03768596425652504, -0.029936237260699272, 0.0019001734908670187, 0.010173136368393898, 0.006700014695525169, -0.001030273037031293, 0.0005232361727394164, 0.027007410302758217, 0.009544605389237404, -0.0021998598240315914, 0.020333314314484596, -0.01034160889685154, 0.016950907185673714, 0.032502200454473495, 0.015667926520109177, 0.009188221767544746, 0.02205691486597061, 0.018337564542889595, -0.02065729908645153, 0.030947070568799973, 0.0012432934017851949, 0.003270630957558751, 0.013840649276971817, 0.0019941292703151703, 0.013024207204580307, 0.006732413545250893, -0.011397801339626312, 0.04846819117665291, 0.006900885608047247, 0.009596442803740501, 0.00920118112117052, 0.004432118032127619, -0.027810893952846527, 0.011216369457542896, 0.026825977489352226, -0.02371571958065033, 0.022743763402104378, -5.4874999477760866e-05, -0.012162405997514725, -0.016367735341191292, 0.00774324731901288, -0.014307188801467419, 0.027655379846692085, -0.0162381399422884, -0.011702346615493298, 0.012026332318782806, 0.024272974580526352, 0.027214759960770607, 0.016523247584700584, -0.008838317357003689, -0.02677414007484913, -0.02227722480893135, 0.04180705547332764, 0.012304959818720818, -0.0003168980765622109, -0.024998702108860016, -0.002723095938563347, -0.0043543619103729725, -0.009434450417757034, -0.0051254467107355595, -0.017482243478298187, 0.007911719381809235, -0.014851483516395092, 0.003955859690904617, -0.010108339600265026, 0.014942199923098087, 0.017067542299628258, 0.009460369125008583, -0.02043698914349079, 0.004438597708940506, -0.010179616510868073, 0.02346949093043804, -0.03499040752649307, -0.0009095885907299817, -0.0045779114589095116, 0.00789876002818346, -0.021590376272797585, -0.02773313783109188, -0.009175262413918972, 0.01684723235666752, -0.012292000465095043, 0.021188635379076004, -0.02184956520795822, 0.012719660997390747, 0.005067129153758287, -0.0026242805179208517, 0.0069203246384859085, -0.007399823050945997, -0.017922863364219666, 0.001410145778208971, 0.00023468681320082396, 0.014462701044976711, 0.007276708725839853, 0.0323466882109642, -0.006998081225901842, 0.009978745132684708, -0.013698096387088299, -0.007879321463406086, -0.015849357470870018, 0.0016150664305314422, -0.028121918439865112, 0.004901896696537733, 0.0060585238970816135, 0.012544708326458931, -0.018350524827837944, 0.01437198556959629, -0.0034180444199591875, 0.02245865762233734, -0.04237727075815201, 0.0015429797349497676, -0.0008658505394123495, 0.0016458450118079782, -0.013801771216094494, 0.019387276843190193, 0.006855527870357037, -0.027292517945170403, -0.03159504011273384, -0.16059300303459167, 0.03206158056855202, 0.045720797032117844, -0.026048414409160614, 0.00043576015741564333, 0.015875276178121567, 0.021719971671700478, -0.006667616311460733, -0.006427867338061333, -0.03001399338245392, 0.008637446910142899, -0.02651495300233364, -0.044476695358753204, -0.003100538859143853, -0.01073039136826992, 0.008643926121294498, 0.01195505540817976, 0.008592088706791401, 0.018544916063547134, 0.01921880431473255, 0.04268829524517059, -0.010205535218119621, 0.012583587318658829, -0.02248457632958889, 0.023015912622213364, -0.002233878243714571, -0.006029365584254265, 0.0040206569246947765, 0.0007633902132511139, 0.007127675227820873, -0.01579752005636692, 0.005391114391386509, 0.01761183701455593, -0.005990487057715654, 0.01084054633975029, 0.018544916063547134, -0.010302730835974216, -0.007509978022426367, -0.016121506690979004, 0.011067336425185204, 0.007341505493968725, 0.024234095588326454, -0.004224767442792654, 0.014346066862344742, 0.00041915589827112854, 0.03791923448443413, 0.0032754908315837383, -0.0013979963259771466, 0.012285520322620869, 0.004464516881853342, 0.023858273401856422, -0.0018953137332573533, 0.0022160590160638094, -1.1320499652356375e-05, -0.00014710954565089196, 0.004794981796294451, 0.016510287299752235, 0.028277432546019554, -0.02270488627254963, -0.045720797032117844, -0.00042806551209650934, -0.015849357470870018, -0.00973251648247242, -0.023028871044516563, -0.018778184428811073, 0.01042584516108036, -0.02858845889568329, 0.002447708509862423, -0.03099890798330307, 0.006700014695525169, 0.0013785571791231632, 0.008358819410204887, 0.0010286531178280711, -0.009641801007091999, -0.005481830332428217, 0.02287335880100727, -0.007671970408409834, -0.002507645869627595, 0.00617191893979907, 0.01062023639678955, 0.0007763496250845492, 0.029106834903359413, -0.0069786421954631805, 0.043284427374601364, -0.0192317645996809, -0.008948472328484058, 0.011935616843402386, -0.010237934067845345, -0.023806435987353325, -0.00019773223903030157, 0.031750552356243134, -0.0273443553596735, -0.006771291606128216, 0.0172230564057827, 0.015318022109568119, -0.0005114917294122279, 0.013944325037300587, -0.007522937376052141, 0.022795602679252625, -0.010082420893013477, 0.001861295197159052, 0.001127468654885888, -0.01490332093089819, 0.007982996292412281, 0.03377222269773483, 0.003787387628108263, 0.00013334017421584576, -0.00673889322206378, 0.031672798097133636, 0.002269516699016094, -0.02105904184281826, -0.010056502185761929, -0.0019179926021024585, 0.051578450947999954, 0.0026566789019852877, 0.012389196082949638, -0.005770177114754915, -0.005572546273469925, 0.0212923102080822, 0.01779326982796192, 0.043051160871982574, 0.00126516236923635, -0.010354568250477314, 0.0013963764067739248, 0.002433129120618105, 0.015849357470870018, -0.09299672394990921, 0.0036934318486601114, 0.021797727793455124, 0.020618420094251633, -0.02915867231786251, 1.818620330595877e-05, 0.006009926088154316, 0.02677414007484913, -0.004027136601507664, 0.025089416652917862, -0.01860971190035343, -0.016523247584700584, 0.002804092364385724, 0.014151675626635551, 0.01498107798397541, -0.010497122071683407, 0.0012279041111469269, -0.017391527071595192, 0.012110568583011627, 0.026022495701909065, 0.01073039136826992, -0.025452280417084694, 0.028432944789528847, -0.0009776254883036017, -0.004383520223200321, 0.0010035443119704723, -0.023041831329464912, 0.003019542433321476, 0.014670051634311676, -0.000331477407598868, 0.0003328948514536023, -0.016497328877449036, 0.002407210413366556, -0.04439893737435341, 0.0066060591489076614, -0.012687262147665024, -0.03589756414294243, -0.011721786111593246, 0.026877816766500473, -0.00040457656723447144, -0.007464619819074869, 0.02752578631043434, 0.006732413545250893, -0.011462598107755184, -0.000434545218013227, -0.014799646101891994, -0.013516664505004883, 0.007678450085222721, -0.01203929167240858, -0.009855630807578564, -0.021603336557745934, -0.004273365251719952, -0.03159504011273384, -0.009797314181923866, 0.040407441556453705, 0.020100044086575508, -0.005180524196475744, -0.015654966235160828, 0.005190243478864431, 0.024869106709957123, -0.03299465775489807, -0.01820797100663185, 0.01539577916264534, 0.010853505693376064, 0.02611321024596691, 0.015940073877573013, -0.012965889647603035, 0.002653439063578844, -0.011274686083197594, -0.008151468820869923, -0.020009329542517662, 0.012032812461256981, -0.037167586386203766, -0.011242288164794445, -0.009376132860779762, 0.011488516815006733, 0.002935306401923299, -0.030143586918711662, 0.004545513074845076, -0.006712974514812231, 0.0023424134124070406, -0.0006236715707927942, -0.0223031435161829, -0.013659218326210976, 0.018985535949468613, 0.004276605322957039, 0.0002233473351225257, 0.010497122071683407, -0.027188841253519058, -0.05207090824842453, 0.014631173573434353, 0.004244206938892603, -0.007989476434886456, -0.02407858334481716, -0.017508162185549736, -0.008229224942624569, -0.017572959885001183, 0.006641697604209185, 0.008689284324645996, -0.00037400046130642295, -0.011294125579297543, -0.0005297158495523036, -0.04725000634789467, 0.027914568781852722, 0.01641957275569439, 0.008941993117332458, 0.01367217767983675, 0.007633092347532511, -0.015875276178121567, -0.019892694428563118, 0.02146078273653984, 0.015758642926812172, -0.006596339400857687, 0.03986314311623573, -0.022795602679252625, 0.0034601623192429543, -0.004438597708940506, 0.005724819377064705, 0.02757762372493744, -0.010212015360593796, 0.006881446577608585, 0.028899483382701874, 0.01437198556959629, -0.02292519621551037, 0.024428486824035645, 0.04390648007392883, -0.00193581182975322, 0.0025870222598314285, -0.01539577916264534, 0.017728472128510475, -0.007121195551007986, -0.03076563961803913, 0.01022497471421957, -0.02348245121538639, 0.0060876826755702496, 0.014501580037176609, 0.036752887070178986, -0.03366854786872864, 0.012972368858754635, 0.03421284258365631, 0.01144963875412941, 0.01195505540817976, -0.017132339999079704, -0.01084054633975029, -0.0011234187986701727, -0.017365608364343643, -0.008242184296250343, -0.0038392250426113605, 0.0009079686715267599, 0.01509771216660738, 0.009291896596550941, 0.0015567491063848138, 0.015616089105606079, 0.025789225473999977, -0.02065729908645153, -0.009466849267482758, 0.008436575531959534, -0.01658804528415203, 0.00033714715391397476, 0.010062981396913528, -0.002813811879605055, -0.009648280218243599, 0.05188947543501854, -0.009797314181923866, 0.007347985170781612, -9.891674562823027e-05, 0.007335025817155838, -0.040044575929641724, 0.008883675560355186, 0.005724819377064705, 0.019283602014183998, -0.03260587528347969, -0.012292000465095043, -0.0004446697421371937, -0.011857859790325165, 0.036182671785354614, 0.0006722693797200918, -0.01153387501835823, 0.005131926387548447, 0.017948782071471214, -0.00035030904109589756, -0.003375926287844777, 0.02332693710923195, -0.02004820667207241, -0.015045874752104282, 0.023391734808683395, 0.030739720910787582, 0.022329062223434448, 0.006074723321944475, 0.04131459817290306, -0.02047586813569069, -0.0018402362475171685, -0.00831346120685339, -0.003826265688985586, -0.013212118297815323, -0.0202425979077816, 0.019957490265369415, -0.01236327737569809, -0.0323985256254673, -0.017676634714007378, 0.002692317357286811, 0.01022497471421957, 0.017689594998955727, -0.006492664106190205, 0.003952620085328817, -0.02269192598760128, -0.015266184695065022, -0.004487195517867804, -0.03141361102461815, -0.01805245876312256, -0.026489034295082092, 0.019983410835266113, -0.014384944923222065, 0.004509874619543552, -0.00011987453763140365, 0.008274583145976067, 0.005990487057715654, -0.001684723305515945, 0.021149756386876106, -0.01195505540817976, -0.0182468481361866, 0.03156912326812744, 0.011961535550653934, 0.032916899770498276, 0.0019957490731030703, -0.021227512508630753, 0.046705711632966995, 0.03872271627187729, -0.006693535018712282, -0.017313770949840546, 0.02672230266034603, 0.010879424400627613, 0.01846715807914734, -0.022212428972125053, -0.013225077651441097, -0.005157845094799995, -0.023223262280225754, -0.03690839931368828, -0.0091169448569417, -0.00643434701487422, -0.01987973414361477, 0.05914674699306488, 0.025996576994657516, 0.003703151363879442, 0.010587837547063828, -0.00563086336478591, 0.005122206639498472, 0.027292517945170403, 0.011695867404341698, -0.012084649875760078, -0.02957337349653244, 0.010976620018482208, 0.021914362907409668, 0.0025886420626193285, -0.037167586386203766, -0.00889663491398096, -0.009687159210443497, -0.002577302511781454, -0.00872816238552332, 0.020566582679748535, -0.030273180454969406, -0.0028948080725967884, -0.002697177231311798, -0.007639572024345398, -0.0024509483482688665, 0.014203513041138649, 0.005540147889405489, 0.011708826757967472, -0.007918199524283409, -0.009155822917819023, -0.012816856615245342, 0.014579336158931255, 0.018907779827713966, -0.014229431748390198, -0.005073608830571175, -0.018531955778598785, -0.01577160134911537, 0.004292804282158613, 0.01256414782255888, 0.022251306101679802, 0.022186510264873505, 0.003482841420918703, 0.0025886420626193285, -0.012855734676122665, -0.017974700778722763, -0.017287852242588997, -0.013361151330173016, 0.0003989068209193647, 0.0022662768606096506, -0.029832560569047928]","[-0.00811456423252821, 0.025738593190908432, -0.002905483590438962, -0.0018224238883703947, 0.021714843809604645, -0.00745735177770257, -0.029963532462716103, -0.03076828271150589, 0.0027680054772645235, -0.021138105541467667, 0.015343903563916683, 0.014244078658521175, 0.011581696569919586, -0.005723785609006882, 0.003058050759136677, -0.015840167179703712, 0.012547397054731846, 0.0067632547579705715, 0.02544351853430271, -0.018026404082775116, -0.0024444288574159145, 0.012761997058987617, -0.019367655739188194, 0.009717358276247978, -0.024048618972301483, -0.0005050645559094846, 0.004868738818913698, -0.0253764558583498, -0.015598741360008717, -0.014244078658521175, 0.014337966218590736, 0.0012884385650977492, -0.039942435920238495, -0.04603171348571777, -0.01563897915184498, -0.012641284614801407, -0.000548236072063446, -0.009710652753710747, 0.02415591850876808, -0.017489904537796974, 0.02549716830253601, 0.009019908495247364, -0.002102409955114126, -0.009013202041387558, -0.025832481682300568, 0.005525951273739338, 0.020615017041563988, 0.005831086076796055, -0.011581696569919586, 0.010964721441268921, 0.020319942384958267, -0.020266292616724968, -0.019434716552495956, -0.018415367230772972, -0.0015499824658036232, -0.019904155284166336, -0.011085433885455132, 0.023646242916584015, -0.0004285713948775083, -0.01829465478658676, 0.031921759247779846, 0.00424841046333313, -0.013486272655427456, -0.0043724761344492435, -0.026704294607043266, -0.02116492949426174, 0.0008986377506516874, 0.0017687738873064518, -0.025658119469881058, -0.001215508091263473, 0.0213929433375597, 0.0158267542719841, -0.015545091591775417, -0.03221683204174042, 0.026047080755233765, -0.013674046844244003, -0.010877540335059166, -0.00040614735917188227, -0.004030457232147455, -0.018200766295194626, 0.01612182892858982, -0.025188680738210678, -0.020145580172538757, 0.019327417016029358, 0.001617044908925891, 0.001051204977557063, 0.0015885434113442898, 0.030285432934761047, -0.0009497728897258639, -0.0032843868248164654, 0.018603142350912094, 0.026181206107139587, -0.002332099014893174, -0.016148654744029045, 0.00033384558628313243, 0.0013689136831089854, 0.012654696591198444, 0.03269968181848526, -0.012547397054731846, -0.0026908835861831903, 0.007973733358085155, -0.008516939356923103, 0.001837512943893671, -0.006471532862633467, -0.01251386571675539, -0.018777504563331604, -0.00033049247576855123, 0.0028468037489801645, 0.017892278730869293, -0.01657785475254059, 0.0036113164387643337, 0.027576107531785965, 0.03310205787420273, -0.0254301056265831, 0.0038292696699500084, -0.010837302543222904, 0.029507506638765335, -0.008148095570504665, -0.03012448363006115, -0.02184896729886532, 0.03184128180146217, -0.002550052246078849, 0.011098846793174744, -0.04208843410015106, 0.019314004108309746, 0.019971217960119247, -0.015169541351497173, -0.017892278730869293, -0.017610616981983185, -0.023297518491744995, 0.04581711068749428, 0.00876507069915533, 0.008342577144503593, 0.02085644192993641, 0.01923353038728237, 0.0007205029251053929, -0.013526509515941143, -0.003012783592566848, -0.018589729443192482, -0.006209989078342915, 0.005354941822588444, 0.011460984125733376, -0.01892504282295704, -0.015182954259216785, -0.018978692591190338, 0.001133356592617929, -0.006940970662981272, 0.011440865695476532, 0.0007619978277944028, -0.005499126389622688, -0.0126345781609416, -0.03243143483996391, -0.005690254736691713, -0.012782115489244461, 0.012319384142756462, 0.01810687966644764, -0.009496052749454975, 0.015598741360008717, -0.006334054749459028, -0.012346209026873112, -0.01899210549890995, -0.006253579631447792, -0.007001326885074377, 0.017033878713846207, 0.04139098525047302, 0.015679216012358665, -0.00591826718300581, 0.017852041870355606, -0.00429535424336791, -0.003960041794925928, 0.0071354517713189125, 0.016014529392123222, 0.008677889592945576, 0.007987145334482193, 0.020185817033052444, 0.016671741381287575, -0.02596660703420639, -0.010481871664524078, -0.017489904537796974, -0.023109743371605873, 0.00473126070573926, -0.010763534344732761, 0.009281452745199203, 0.011165909469127655, -0.010622702538967133, -0.0015600417973473668, 0.012862591072916985, 0.001378973014652729, 0.025215506553649902, 0.010964721441268921, 0.007531120907515287, 0.023297518491744995, -0.004630666691809893, -0.008020676672458649, -0.6468045711517334, -0.03720628470182419, 0.008858958259224892, -0.029105132445693016, -0.009107089601457119, 0.026516519486904144, -0.0025483756326138973, 0.01810687966644764, -0.000691582215949893, 0.03897673636674881, 0.009107089601457119, -0.007075095549225807, -0.03476521000266075, -0.02245253138244152, -0.014954941347241402, -0.01589381694793701, 0.0009489346412010491, 0.004258469678461552, 0.023994969204068184, 0.00958323385566473, -0.01099154632538557, 0.021996505558490753, -0.019085992127656937, -0.00445295125246048, 0.001567586325109005, -0.001951519283466041, 0.007960320450365543, -0.006920851767063141, -0.025886131450533867, 0.04412713646888733, -0.022184280678629875, 0.012607753276824951, -0.002848480362445116, 0.010079496540129185, 0.04004973545670509, -0.018978692591190338, 0.007732308004051447, -0.0019045755034312606, 0.014257491566240788, 0.030285432934761047, -0.02864910662174225, -0.008148095570504665, 0.029266081750392914, -0.0006039817817509174, -0.025658119469881058, 0.00294572114944458, 0.03473838418722153, -0.01479399111121893, -0.012191965244710445, -0.023418230935931206, 0.0053046452812850475, -0.02367306873202324, 0.011326858773827553, 0.009771008975803852, 0.013412503525614738, -0.017449667677283287, 0.0222647562623024, 0.0037923853378742933, -0.002546699019148946, -0.024746069684624672, -0.011796296574175358, -0.01193042192608118, -0.011608521454036236, -0.006907439325004816, -0.017919104546308517, 0.010864127427339554, -0.012473627924919128, 0.0027562694158405066, -0.027415156364440918, -0.00523087615147233, 0.0012607753742486238, 0.03500663489103317, 0.01570604182779789, 0.0041746417991817, -0.0012138315942138433, 0.016671741381287575, 0.029292907565832138, -0.006739783100783825, 0.010441633872687817, 0.014042890630662441, 0.025926368311047554, -0.005160460714250803, -0.03151938319206238, -0.008148095570504665, -0.006816904991865158, -0.013439328409731388, -0.02308291755616665, -0.016376666724681854, 0.0027143554762005806, -0.025939781218767166, -0.01099154632538557, 0.013989240862429142, -0.004057282116264105, -0.04329556226730347, 0.008000558242201805, 0.04184700921177864, -0.014700103551149368, 0.00811456423252821, 0.03457743301987648, -0.031036533415317535, -0.02988305687904358, -0.008832133375108242, 0.03393363207578659, -0.010515403002500534, 0.039003558456897736, 0.017570380121469498, -0.010106321424245834, 0.021433180198073387, 0.0222111064940691, -0.030741458758711815, -0.007329933345317841, -0.010998252779245377, -0.005217463709414005, 0.03017813339829445, 0.00414781691506505, -0.02732126973569393, 0.014445265755057335, -0.0016312957741320133, -0.01360027864575386, -0.0009397134999744594, 0.026342157274484634, -0.0026422631926834583, 0.004318825900554657, 0.006370939314365387, 0.00743052689358592, 0.017677679657936096, 0.0024276631884276867, 0.0009254627511836588, -0.006783373653888702, -0.032672859728336334, -0.008778483606874943, -0.0062032826244831085, 0.0053046452812850475, -0.0075981831178069115, 0.015786517411470413, 0.01137380301952362, 0.004265176132321358, -0.0031938524916768074, -0.00820845179259777, 0.0008416345808655024, -0.030687807127833366, 0.00897296518087387, 0.013868528418242931, -0.006686132866889238, -0.014297728426754475, -0.032914284616708755, -0.03438965976238251, 0.005629898514598608, 0.02097715623676777, 0.02056136727333069, -0.003728675888851285, -0.004687670152634382, -0.005898148287087679, 0.004238351248204708, -0.002095703734084964, -0.0017092558555305004, -0.0077859582379460335, -0.014700103551149368, -0.02203674241900444, -0.028729582205414772, 0.02496066875755787, 0.02005169354379177, -0.007987145334482193, -0.013962415978312492, -0.01152134034782648, -0.009093677625060081, -0.0028753054793924093, 0.020708905532956123, -0.014311141334474087, -0.026342157274484634, -0.009133914485573769, -0.02490701898932457, 0.005626545287668705, 0.002479636576026678, 0.011467690579593182, 0.0167522169649601, -0.01887139305472374, -0.012265734374523163, -0.021138105541467667, -0.025644706562161446, 0.019904155284166336, 0.008074327372014523, -0.030795108526945114, -0.0038158572278916836, 0.019944392144680023, 0.008637651801109314, 0.010159971192479134, 0.0037756196688860655, -0.01634984090924263, 0.01828124187886715, 0.002754592802375555, -0.00048075441736727953, 0.014257491566240788, 0.015746278688311577, -0.017959341406822205, 0.0069543831050395966, 0.02765658125281334, -0.01152134034782648, 0.005250995047390461, 0.0028987773694097996, 0.011326858773827553, 0.01652420498430729, 0.015464616008102894, -0.008154802024364471, 0.0009397134999744594, -0.03151938319206238, 0.016443729400634766, -0.023834018036723137, 0.006119454745203257, 0.022425705567002296, -0.012198671698570251, -0.015692628920078278, 0.008416346274316311, -0.021191755309700966, -0.008134683594107628, 0.019179880619049072, 0.010904365219175816, 0.012580928392708302, 0.02638239413499832, 0.004868738818913698, -0.00480502936989069, -0.018321480602025986, 0.029990358278155327, 0.01266140304505825, -0.00485197314992547, 0.007390289567410946, 0.012091372162103653, -0.008476702496409416, 0.0058579109609127045, -0.0458439365029335, 0.015115891583263874, -0.007370170671492815, 0.01956884190440178, 0.02643604390323162, 0.028219906613230705, 0.02591295726597309, -0.005371707491576672, 0.03310205787420273, 0.0082956338301301, 0.017610616981983185, 0.010555639863014221, 0.013318615965545177, 0.00931498408317566, 0.0043657696805894375, 0.004292001016438007, 0.039701011031866074, 0.05890771374106407, 0.015746278688311577, -0.012024309486150742, -0.0076920706778764725, -0.003899685340002179, 0.0015751308528706431, -0.01652420498430729, 0.03278015926480293, -0.010052671656012535, -0.00022843170154374093, 0.01706070452928543, 0.003805797779932618, 0.03087558224797249, 0.017382605001330376, 0.02273419313132763, 0.01166217215359211, 0.017570380121469498, -0.001329514430835843, 0.015692628920078278, -0.014928116463124752, 0.010200208984315395, -0.016202304512262344, 0.014673278667032719, -0.007262870669364929, -0.012232203036546707, -0.019729793071746826, 0.0065754796378314495, -0.045280613005161285, 0.018978692591190338, 0.012916240841150284, 0.023646242916584015, 0.007544533349573612, 0.048150885850191116, 0.014579391106963158, -0.01476716622710228, -0.030017182230949402, 0.015974290668964386, 0.012601046822965145, -0.008550470694899559, -0.01769109256565571, -0.018267828971147537, 0.003217324148863554, 0.012500452809035778, 0.004955919925123453, 0.026637231931090355, -0.004862032365053892, 0.011346978135406971, 0.003976807463914156, -0.027294443920254707, -0.016913166269659996, 0.0044596572406589985, -0.020843030884861946, 0.0017872160533443093, -0.0003158225445076823, 0.02179531753063202, 0.00902661494910717, 0.003584491554647684, 0.007276283111423254, 0.022117218002676964, 0.012319384142756462, -0.006364232860505581, -0.010890953242778778, 0.0013580159284174442, -0.011608521454036236, -0.013975828886032104, -0.007289695553481579, -0.015169541351497173, 0.002390778623521328, 0.009268039837479591, 0.003785679116845131, -0.01722165383398533, -0.017784979194402695, -0.0011199440341442823, -0.004634019918739796, -0.026932306587696075, -0.008302339352667332, -0.0009162416681647301, 0.024759480729699135, 0.016255954280495644, 0.022144043818116188, 0.005247641820460558, 0.007846314460039139, -0.03814515843987465, -0.004053929354995489, 0.0008374431636184454, -0.03151938319206238, 0.008993083611130714, -0.005804260727018118, -0.018012991175055504, 0.017892278730869293, 0.01681927964091301, -0.017449667677283287, 0.01447209157049656, -0.0011685643112286925, 0.01905916817486286, -0.022640306502580643, 0.013908766210079193, -0.018683617934584618, -0.003728675888851285, 0.002565141301602125, 0.005136988591402769, 0.013855116441845894, 0.01221879106014967, -0.009107089601457119, 0.00667942687869072, 0.015330491587519646, 0.008483408018946648, -0.013492978177964687, 0.01236632838845253, 0.015263428911566734, 0.006840376649051905, 0.022291580215096474, -0.0058545577339828014, 0.008704714477062225, 0.015504853799939156, 0.006511770188808441, 0.015920640900731087, -0.016604678705334663, 0.00041893115849234164, 0.0011274885619059205, 0.013855116441845894, 0.011474397033452988, -0.0019699614495038986, -0.00612280797213316, -0.01476716622710228, 0.030741458758711815, -0.0039063915610313416, -0.01503541599959135, 0.016443729400634766, -0.005519245285540819, -0.00925462692975998, -0.014512328431010246, 0.008778483606874943, -0.0024243099614977837, 0.011266502551734447, -0.011380509473383427, -0.011447571218013763, -0.008416346274316311, 0.0043020606972277164, -0.003768913447856903, 0.007142158225178719, -0.0045501915737986565, 0.0012666432885453105, -0.023284105584025383, -0.023538943380117416, -0.0316535085439682, -0.029024656862020493, -0.019837092608213425, 0.021956268697977066, 0.00371526344679296, -0.02233181893825531, 0.018080053851008415, 0.015089066699147224, 0.0021795318461954594, 0.008919314481317997, -0.016779040917754173, -0.007370170671492815, 0.010253858752548695, -0.001792245777323842, -0.01974320411682129, -0.020467480644583702, -0.018241005018353462, 0.013251553289592266, -0.015907229855656624, -0.0064815920777618885, -0.02292196825146675, -0.01634984090924263, 0.0048385607078671455, 0.025698356330394745, 0.007477470673620701, 0.008677889592945576, -0.016685154289007187, 0.008054208010435104, 0.016095004975795746, -0.010683058761060238, 0.036079633980989456, -0.011796296574175358, -0.0023153333459049463, 0.004590429365634918, 0.014083128422498703, -0.01718141697347164, 0.0026657350827008486, -0.010079496540129185, 0.023592593148350716, 0.014633040875196457, 0.005267760716378689, 0.00905343983322382, 0.03699168562889099, 0.011682290583848953, -0.0083492835983634, -0.012359621934592724, -0.016215717419981956, 0.0035777853336185217, 0.01681927964091301, 0.008054208010435104, 0.01471351645886898, 0.016846103593707085, 0.002035347279161215, 0.002570170909166336, -0.027281032875180244, 0.019072579219937325, -0.006431295536458492, 0.008161508478224277, 0.0166449174284935, 0.012708347290754318, -0.03253873437643051, -0.04415396228432655, -0.007054976653307676, 0.004268529359251261, 0.012882709503173828, 0.008718127384781837, -0.010602584108710289, -0.05976611375808716, -0.024450993165373802, -0.012212084606289864, 0.0038024447858333588, -0.018549492582678795, -0.03546265885233879, 0.011460984125733376, -0.004684316925704479, 0.002640586579218507, -0.0427858866751194, -0.01479399111121893, -0.023243868723511696, -0.018536079674959183, -0.017892278730869293, 0.0007146349526010454, 0.0335044339299202, -0.0073232268914580345, 0.019890742376446724, -0.02209039404988289, -0.012761997058987617, -0.009958784095942974, -0.04369793459773064, -0.012621166184544563, -0.009140620939433575, 0.03323618322610855, 0.03200223296880722, 0.019072579219937325, 0.008081032894551754, 0.012352915480732918, 0.017087528482079506, -0.005898148287087679, -0.0012230526190251112, 0.002484666183590889, 0.027737056836485863, -0.036374710500240326, 0.023538943380117416, 0.015478028915822506, -0.008288927376270294, 0.005666782613843679, 0.040934961289167404, 0.006119454745203257, 0.0222647562623024, -0.010501990094780922, -0.0052006980404257774, -0.010374571196734905, -0.03543583303689957, -0.012527278624475002, -0.008215158246457577, -0.004610548261553049, 0.02671770751476288, -0.0034436602145433426, -0.017275303602218628, 0.010267271660268307, 0.015330491587519646, -0.0032424726523458958, -0.016269367188215256, 0.035596784204244614, 0.0335044339299202, 0.015464616008102894, -0.0029893117025494576, 0.026918893679976463, -0.02878323197364807, -0.0033363602124154568, -0.011554871685802937, 0.014016065746545792, 0.025282569229602814, -0.001420048763975501, 0.004164582118391991, 0.012694934383034706, -0.027334682643413544, 0.0031871460378170013, 0.015062241815030575, -0.030339082702994347, 0.005656723398715258, -0.004962626378983259, -0.007101920433342457, -0.005187285598367453, -0.037367235869169235, -0.02085644192993641, -0.01968955434858799, -0.0029758992604911327, 0.01944812946021557, 0.002529933350160718, 0.023632831871509552, -0.021902618929743767, -0.03862800821661949, -0.013177784159779549, 0.020615017041563988, 0.03412140905857086, 0.02092350460588932, 0.01909940503537655, 0.02509479410946369, -0.013419209979474545, -0.01899210549890995, -0.020091930404305458, 0.009925252757966518, 0.011615227907896042, 0.016685154289007187, 0.023927906528115273, -0.017677679657936096, -0.00640111742541194, 0.00823527667671442, 0.015612154267728329, -0.009549702517688274, -0.022600067779421806, 0.026409219950437546, 0.007028151769191027, -0.00823527667671442, -0.009824658744037151, -0.016926579177379608, -0.04847278818488121, 0.0018442191649228334, -0.02843450754880905, 0.016430316492915154, -0.008885783143341541, 0.010045965202152729, -0.037125810980796814, 0.01016667764633894, -0.02203674241900444, 0.01718141697347164, 0.01225232146680355, 0.01728871650993824, 0.013788053765892982, -0.007651833351701498, 0.013620397076010704, -0.007531120907515287, 0.019206704571843147, 0.01862996816635132, -0.014324553310871124, 0.006619070656597614, 0.014552566222846508, 0.001468669157475233, 0.0071354517713189125, -0.013419209979474545, -0.010126439854502678, 0.02732126973569393, 0.0035509602166712284, -0.017020467668771744, 0.003027872648090124, -0.013231434859335423, 0.004697729367762804, -0.009154033847153187, -0.014324553310871124, -0.0018190707778558135, -0.00961005873978138, -0.0008462451514787972, 0.040237508714199066, 0.003876213449984789, -0.018187355250120163, -0.008952845819294453, -0.028032131493091583, -0.0027227383106946945, -0.010864127427339554, -0.009066852740943432, -0.007142158225178719, -0.03675026074051857, 0.013908766210079193, 0.0014267551014199853, -0.007168983109295368, 0.005375060718506575, 0.027629757300019264, 0.02848815731704235, -0.007879845798015594, 0.005841145291924477, -0.05104798823595047, 0.02308291755616665, 0.018388541415333748, 0.021768493577837944, -0.03409458324313164, 0.01606817916035652, 0.0035174291115254164, -0.014458678662776947, -0.0012674815952777863, -0.025591056793928146, -0.012305972166359425, -0.029909882694482803, 0.014324553310871124, 0.004446244798600674, 0.014981766231358051, -0.0013663987629115582, 0.013023540377616882, 0.009234508499503136, 0.018562905490398407, -0.041525110602378845, -0.01922011747956276, 0.009093677625060081, -0.008691302500665188, 0.0053951796144247055, 0.032672859728336334, 0.0007997205248102546, 4.455989983398467e-05, -0.024182744324207306, -0.013486272655427456, 0.015920640900731087, 0.0040874602273106575, -0.014552566222846508, 0.011561578139662743, 0.005653370171785355, -0.02285490557551384, -0.026637231931090355, -0.009214390069246292, -0.006280404515564442, -0.03755500912666321, -0.011206146329641342, 0.023766955360770226, -0.000855466234497726, 0.014109953306615353, 0.0025433460250496864, -0.012701640836894512, 0.004694376140832901, -0.03219000995159149, -0.02390108071267605, -0.01699364185333252, -0.010307508520781994, -0.007873139344155788, -0.01704729162156582, 0.0032055883202701807, 0.0215002428740263, -0.008047502487897873, -0.008610826916992664, -0.017610616981983185, -0.014673278667032719, 0.004815088585019112, -0.03921816125512123, 0.00796702690422535, -0.01292294729501009, 0.03159985691308975, -0.0028987773694097996, 0.0009338455274701118, 0.03956688567996025, 0.01828124187886715, 0.005133635830134153, -0.018978692591190338, -0.013935591094195843, -0.006256932858377695, 0.008436464704573154, 0.017422841861844063, 0.013513097539544106, -0.018737267702817917, -0.03516758233308792, 0.03353125974535942, 0.013674046844244003, -0.004171288572251797, 0.02982940711081028, -0.0020370238926261663, -0.008865664713084698, 0.003711910219863057, 0.014270903542637825, 0.010676352307200432, -0.019193291664123535, -0.004261822905391455, -0.023632831871509552, 0.0029758992604911327, -0.0026908835861831903, 0.022184280678629875, 0.0067599015310406685, -0.01993097923696041, 0.030258607119321823, -0.0158267542719841, -0.002771358471363783, -0.012963184155523777, -0.010354452766478062, -0.007732308004051447, -0.01716800406575203, 0.008651064708828926, 0.017261892557144165, -0.008275514468550682, 0.01468669157475233, 0.023123156279325485, 0.0016950051067396998, -0.021607542410492897, -0.001509744906798005, -0.02561788074672222, -0.001919664558954537, 0.028863707557320595, -0.00343695399351418, 0.017489904537796974, -0.0023220395669341087, 0.007189102005213499, 0.0020772614516317844, 0.01958225481212139, -0.016027942299842834, -0.011192734353244305, -0.0365624837577343, 0.02238546870648861, 0.020306529477238655, -0.029105132445693016, -0.0075042955577373505, 0.019649317488074303, -0.020950330421328545, -0.0025802303571254015, -0.013633809983730316, -0.002451135078445077, -0.013311909511685371, 0.014700103551149368, -0.008584002032876015, -0.011541458778083324, -0.05000181123614311, -0.01001914031803608, 0.023190218955278397, -0.02238546870648861, -0.010730003006756306, 0.19882695376873016, -0.005814320407807827, -0.0015164511278271675, 0.02308291755616665, -0.0075981831178069115, 0.0006987075903452933, -0.00038414247683249414, -0.015437791123986244, -0.012004190124571323, 0.012332797050476074, -0.009368633851408958, 0.0039969258941709995, -0.023780368268489838, -0.0008667830261401832, 0.009824658744037151, 0.0009380369447171688, -0.02285490557551384, -0.037715960294008255, -0.017275303602218628, -0.004338944796472788, 0.009187565185129642, 0.006012154743075371, -0.02356576919555664, -0.02151365578174591, 0.029695281758904457, 0.005475654732435942, -0.0037655604537576437, 0.017731329426169395, 0.02972210757434368, 0.001211316674016416, -0.024746069684624672, -0.03213635832071304, 0.008832133375108242, 0.03438965976238251, -0.02163436822593212, -0.014123366214334965, 0.021822143346071243, 0.020883267745375633, 0.019434716552495956, 0.032967932522296906, -0.029024656862020493, -0.024585118517279625, 0.030151307582855225, 0.006199929863214493, -0.015397554263472557, 0.026851831004023552, 0.0003258819051552564, -0.0023874256294220686, 0.015410966239869595, 0.012037721462547779, -0.010045965202152729, -0.006102689076215029, 0.019796855747699738, 0.009194270707666874, -0.01723506674170494, -0.00644806120544672, -0.008684596046805382, 0.0049324482679367065, 0.025872718542814255, 0.01816052943468094, -0.03551631048321724, 0.028917357325553894, -0.007363464217633009, 0.023310931399464607, -0.011803003028035164, 0.027227381244301796, -0.020963743329048157, 0.00144016754347831, 0.007678658235818148, -0.017087528482079506, 0.018214179202914238, -0.023699892684817314, -0.005911560729146004, 0.020413830876350403, 0.004231644794344902, -0.01324484683573246, 0.016457142308354378, 0.0013923854567110538, 0.030580507591366768, 0.026409219950437546, 0.012379740364849567, -0.03194858133792877, 0.003064756980165839, -0.021030806005001068, -0.005935032851994038, -0.025564230978488922, 0.0013915472663939, 0.007122039329260588, 0.015732865780591965, 0.00606580451130867, -0.00961005873978138, -0.0043724761344492435, -0.02355235628783703, -0.022707369178533554, 0.003245825879275799, -0.011011665686964989, 0.024826543405652046, -0.004131051246076822, -0.008825426921248436, 0.00012794270878657699, -0.01657785475254059, 0.011051902547478676, 0.0003126789815723896, -0.023780368268489838, -0.024450993165373802, 0.0023723365738987923, 0.02666405774652958, 0.012533984147012234, 0.010334334336221218, 0.018723854795098305, -0.006250226404517889, -0.03071463294327259, 0.004593782592564821, -0.009388752281665802, 0.007564651779830456, 0.022345229983329773, -0.006981207989156246, -0.03382633253931999, 0.006471532862633467, -0.02560446970164776, 0.027817532420158386, 0.00462731346487999, -0.0077926646918058395, 0.03873531147837639, 0.0047379666939377785, -0.023163393139839172, -0.01782521791756153, -0.010099614970386028, 0.005271113943308592, -0.03658930957317352, 0.016148654744029045, -0.00034076141309924424, 0.03881578519940376, 0.009073558263480663, 6.149580258352216e-06, -0.020655255764722824, 0.025698356330394745, -0.021527068689465523, -0.0206820797175169, 0.03342396020889282, -0.009355220943689346, -0.008503527380526066, 0.03323618322610855, -0.00897296518087387, 0.01869702897965908, -0.0016044707736000419, 0.012963184155523777, 0.008818721398711205, -0.009013202041387558, 0.00027265105745755136, -0.018080053851008415, -0.011997484602034092, 0.03111700713634491, -0.015075653791427612, -0.012869296595454216, -0.011776178143918514, -0.024933844804763794, -0.03264603391289711, -0.002337128622457385, 0.018093466758728027, -0.016188891604542732, 0.01201089657843113, 0.004637373145669699, 0.012165140360593796, -0.00931498408317566, -0.01494152843952179, -0.17039243876934052, 0.009133914485573769, 0.004419419914484024, -0.03575773537158966, 0.0002684596402104944, 0.02250618115067482, 0.030285432934761047, 0.015142716467380524, -0.024746069684624672, -0.013606985099613667, 0.009355220943689346, 0.01075012143701315, -0.0076987771317362785, 1.5685031939938199e-06, -0.006739783100783825, -0.014659866690635681, -0.01239315327256918, 0.025980019941926003, 0.02509479410946369, -0.010428220964968204, 0.03693803399801254, -0.021312467753887177, 0.03071463294327259, -0.01215843390673399, -0.008396226912736893, 0.008074327372014523, -0.025242332369089127, 0.02203674241900444, -0.0018308067228645086, -0.016081592068076134, 0.0019833738915622234, -0.006961089093238115, 0.03945958614349365, 0.005173873156309128, 0.002541669411584735, -0.010743414983153343, -0.012004190124571323, -0.0013077190378680825, -0.02749563194811344, 0.012889415957033634, 0.01168899703770876, 0.014163604006171227, 0.020534543320536613, 0.015209779143333435, -0.020373592153191566, 0.02953433245420456, 0.018562905490398407, 7.513097807532176e-05, 0.017919104546308517, -0.014364791102707386, -0.0027914773672819138, -0.0262482687830925, -0.013439328409731388, 0.003909744787961245, 0.01468669157475233, 0.007571358233690262, -0.008335870690643787, 0.011896890588104725, 0.0016036324668675661, 0.006733076646924019, -0.006528535857796669, -0.05407921224832535, -0.0031334960367530584, -0.02718714438378811, -0.03345078229904175, -0.007155570667237043, 0.010307508520781994, 0.019542017951607704, -0.03511393442749977, 0.012869296595454216, -0.006377645302563906, -0.0008206775528378785, -0.02433028072118759, -0.003098288318142295, 0.03240460902452469, -3.057107824133709e-05, -0.012520572170615196, -0.004308766685426235, 0.0037890321109443903, 0.00869800802320242, 0.01377464085817337, 0.016269367188215256, -0.007665245793759823, 0.020910093560814857, -0.001616206718608737, -0.03387998417019844, -0.008335870690643787, 0.020601605996489525, -0.004231644794344902, -0.027763882651925087, 0.03956688567996025, -0.04565616324543953, 0.01011302787810564, -0.014726928435266018, 0.0047446731477975845, 0.006411176640540361, 0.020789381116628647, 0.0015851903008297086, 0.008959552273154259, 0.014163604006171227, -0.021017393097281456, -0.01175605971366167, -0.01471351645886898, 0.007175689563155174, 0.03320935741066933, 0.008718127384781837, -0.005777435842901468, -0.0018626614473760128, 0.02304268069565296, -0.0006903248140588403, -0.03846706077456474, -0.018442193046212196, 0.01011302787810564, 0.007638420909643173, -0.02278784289956093, 0.025067968294024467, 0.017784979194402695, -0.018764091655611992, 0.0008009779267013073, -0.019877329468727112, 0.007008032873272896, -0.02607390657067299, -0.01374781597405672, 0.023538943380117416, -0.006940970662981272, -0.025175269693136215, -0.12210743129253387, -0.045387912541627884, 0.029641631990671158, 0.011715821921825409, -0.00861753337085247, 0.011380509473383427, -0.005217463709414005, 0.0082956338301301, -0.03393363207578659, 0.03393363207578659, -0.0213392935693264, -0.01728871650993824, -0.002258330350741744, -0.02784435637295246, 0.01486105378717184, -0.0167522169649601, 0.0032676211558282375, -0.02210380509495735, -0.02210380509495735, 0.031626682728528976, -0.003433600766584277, -0.010589171200990677, 0.01862996816635132, 0.0010143205290660262, -0.020990567281842232, -0.0031334960367530584, -0.036482010036706924, 0.0030178132001310587, 0.012265734374523163, -0.011072021909058094, 0.022009918466210365, -0.03264603391289711, -0.0027830945327878, -0.020239466801285744, -0.009308277629315853, -0.013814878650009632, -0.00019123296078760177, -0.007014739327132702, 0.011152496561408043, -0.006226754747331142, -0.008329164236783981, 0.004818441811949015, 0.03822563588619232, -0.02168801799416542, -0.03278015926480293, 0.0017754801083356142, -0.020091930404305458, 0.032914284616708755, 0.014351379126310349, -0.019971217960119247, -0.04302731156349182, -0.01986391842365265, -0.010770239867269993, 0.022640306502580643, 0.02015899308025837, -0.008563883602619171, 0.0035744321066886187, 0.018857980147004128, -0.0021359410602599382, -0.008248689584434032, 0.001812364556826651, 0.010092908516526222, -0.016779040917754173, 0.017771566286683083, 0.022640306502580643, -0.004442891571670771, -0.0062971701845526695, -0.02086985483765602, 0.007973733358085155, -0.004563604481518269, 0.009060146287083626, 0.006806845311075449, -0.0058579109609127045, 0.017677679657936096, -0.03224365785717964, 0.012138315476477146, -0.003584491554647684, 0.007839608006179333, -0.0015860284911468625, 0.011380509473383427, -0.0012968213995918632, -0.015343903563916683, 0.008704714477062225, -0.00135885423514992, 0.002271742792800069, 0.009489346295595169, -0.011997484602034092, 0.009549702517688274, 0.008067620918154716, -0.015464616008102894, -0.00584449851885438, 0.02591295726597309, 0.0007519384962506592, 0.0033346835989505053, -0.02923925779759884, 0.017275303602218628, -0.014847640879452229, 0.0011283268686383963, 0.00932168960571289, 0.015504853799939156, -0.045629337430000305, 0.015263428911566734, -0.03017813339829445, 0.027576107531785965, 0.010917778126895428, 0.008188333362340927, -0.02339140512049198, -0.005784142296761274, 0.005173873156309128, 0.0036448477767407894, 0.0014468737645074725, -0.005448829382658005, -0.010180090554058552, 0.0022616833448410034, -0.030017182230949402, -0.01962249167263508, -0.00047320988960564137, -0.008812014944851398, 0.014901291579008102, 0.0020202582236379385, 0.023485293611884117, -0.012842471711337566, -0.018536079674959183, -0.004204819910228252, -0.0008231924148276448, 0.01998463086783886, 0.01001914031803608, 0.029561158269643784, -0.013224728405475616, 0.01563897915184498, -0.0016027941601350904, 0.006652601528912783, 0.027683407068252563, 0.003876213449984789, -0.0055796015076339245, 0.009475933387875557, 0.005898148287087679, -0.006075864192098379, -0.012654696591198444, 0.01034103985875845, 0.014056303538382053, 0.00047782043111510575, -0.026596995070576668, -0.02602025680243969, 0.012708347290754318, -0.012299265712499619, -0.012835766188800335, 0.0395132340490818, -0.013466153293848038, 0.007564651779830456, 0.013472859747707844, 0.026985956355929375, 0.009207683615386486, 0.006515123415738344, -0.0473729632794857, 0.006833670660853386, 0.0013647222658619285, -0.019354242831468582, 0.016832692548632622, -0.013499684631824493, -0.012607753276824951, -0.01817394234240055, 0.04131051152944565, 0.02972210757434368, 0.029507506638765335, 0.009294864721596241, 0.0167522169649601, 0.03334348276257515, -0.016309604048728943, 0.015008591115474701, -0.012064547277987003, -0.021701430901885033, -0.004473069682717323, -0.0032307368237525225, 0.017422841861844063, -0.007685364689677954, 0.010857421904802322, -0.015746278688311577, -0.0037085572257637978, 0.0032877398189157248, -0.027281032875180244, 0.0063910577446222305, 0.011997484602034092, 0.007122039329260588, -0.0022080333437770605, 0.004382535349577665, 0.04868738725781441, 0.010475165210664272, -0.016926579177379608, 0.010428220964968204, 0.016792453825473785, 0.0020722318440675735, -0.030634157359600067, 0.013466153293848038, -0.0023388052359223366, 0.005515892058610916, 0.018254417926073074, 0.001817394164390862, -0.029212431982159615, 0.01563897915184498, 0.006645895540714264, 0.00505651393905282, 0.002120852004736662, -0.006625776644796133, -0.008255396038293839, -0.018911629915237427, -0.0038963323459029198, 0.036830734461545944, -0.024759480729699135, -0.0031167306005954742, -0.001800628611817956, 0.018616555258631706, -0.009247921407222748, -0.0015692629385739565, -0.008691302500665188, 0.013761228881776333, -0.020373592153191566, 0.009965489618480206, -0.00500957015901804, -0.03401410952210426, -0.023230455815792084, -0.0037923853378742933, 0.03130478411912918, 0.004241704009473324, 0.017650853842496872, -0.013908766210079193, 0.0362405851483345, 0.011179321445524693, 0.019300593063235283, -0.033853158354759216, 0.027066431939601898, 0.0051202233880758286, 0.02513503096997738, 0.017959341406822205, 0.000642542727291584, -0.00803408958017826, -0.031143832951784134, 0.0036716728936880827, -0.011621934361755848, 0.0011937128147110343, -0.009938664734363556, 0.07173006981611252, 0.012735172174870968, 0.004027104005217552, 0.005039748270064592, -0.04243716225028038, -0.016497379168868065, -0.011843240819871426, 0.020306529477238655, -0.006605657748878002, -0.035248059779405594, -0.009650296531617641, 0.001026894780807197, 0.011970659717917442, -0.005593013949692249, 0.010146559216082096, -0.011246384121477604, -0.0035509602166712284, 0.022009918466210365, -0.00033384558628313243, 0.01488787867128849, 0.04415396228432655, -0.0014703456545248628, 0.011816415935754776, 0.016376666724681854, 0.01154816523194313, -0.014002653770148754, 0.00973077118396759, 0.005901501514017582, -0.0022767724003642797, -0.014646453782916069, 0.016336429864168167, 0.02702619507908821, -0.03589186072349548, -0.0051101637072861195, 0.016497379168868065, 0.025416694581508636, 0.025577643886208534, 0.011414040811359882, 0.005066573154181242, 0.01617547869682312, 0.018737267702817917, 0.019179880619049072, -0.015504853799939156, -0.02431686781346798, -0.0016882988857105374, -0.013144253753125668, 0.011769471690058708, -0.007484177127480507, -0.026905482634902]"
7209,"ObjectID automatically set to ""0...0"" in go with official mongoDB driver<p>I'm trying to save user entries in a MongoDB database with Go. Users should get an ID automatically. I'm using the offical MongoDB Go driver.</p>

<p>My sources were especially <a href=""https://vkt.sh/go-mongodb-driver-cookbook/"" rel=""noreferrer"">https://vkt.sh/go-mongodb-driver-cookbook/</a> and <a href=""https://www.mongodb.com/blog/post/mongodb-go-driver-tutorial"" rel=""noreferrer"">https://www.mongodb.com/blog/post/mongodb-go-driver-tutorial</a>.</p>

<p>Struct looks like this:</p>

<pre class=""lang-golang prettyprint-override""><code>type User struct {
    ID primitive.ObjectID `json:""_id"" bson:""_id""`
    Fname string `json:""fname"" bson:""fname""`
    Lname string `json:""lname"" bson:""lname""`
    Mail string `json:""mail"" bson:""mail""`
    Password string `json:""password"" bson:""password""`
    Street string `json:""street"" bson:""street""`
    Zip string `json:""zip"" bson:""zip""`
    City string `json:""city"" bson:""city""`
    Country string `json:""country"" bson:""country""`
}
</code></pre>

<p>Setting up the database (connection works) and signing up users (based on an HTTP-Request <code>r</code> with a user in it's body):</p>

<pre class=""lang-golang prettyprint-override""><code>ctx := context.Background()
uriDB := ""someURI""
clientOptions := options.Client().ApplyURI(uriDB)
client, err := mongo.Connect(ctx, clientOptions)
collection := client.Database(""guDB"").Collection(""users"")

...

var user User
err := json.NewDecoder(r.Body).Decode(&amp;user)

ctx, cancel := context.WithTimeout(context.Background(), 10*time.Second)
defer cancel()
result, err := collection.InsertOne(ctx, user)
...

</code></pre>

<p>When I enter the first user, it is added to the collection, but the ID looks like this:
<code>_id:ObjectID(000000000000000000000000)</code></p>

<p>If I now want to enter another user, I get the following error:</p>

<pre><code>multiple write errors: [{write errors: [{E11000 duplicate key error collection: guDB.users index: _id_ dup key: { : ObjectId('000000000000000000000000') }}]}, {&lt;nil&gt;}]
</code></pre>

<p>So it seems like again ObjectID <code>000000000000000000000000</code> is assigned.</p>

<p>I expected the ID to be automatically set to a unique value for each entry.</p>

<p>Do I have to manually set the ID or how can I assign unique IDs to users?</p>
",The 8042 chip (and hardware that may emulate it) is well documented. The accepted answer has a link to 8042 information,"Embed Field: ObjectID automatically set to ""0...0"" in go with official mongoDB driver<p>I'm trying to save user entries in a MongoDB database with Go. Users should get an ID automatically. I'm using the offical MongoDB Go driver.</p>

<p>My sources were especially <a href=""https://vkt.sh/go-mongodb-driver-cookbook/"" rel=""noreferrer"">https://vkt.sh/go-mongodb-driver-cookbook/</a> and <a href=""https://www.mongodb.com/blog/post/mongodb-go-driver-tutorial"" rel=""noreferrer"">https://www.mongodb.com/blog/post/mongodb-go-driver-tutorial</a>.</p>

<p>Struct looks like this:</p>

<pre class=""lang-golang prettyprint-override""><code>type User struct {
    ID primitive.ObjectID `json:""_id"" bson:""_id""`
    Fname string `json:""fname"" bson:""fname""`
    Lname string `json:""lname"" bson:""lname""`
    Mail string `json:""mail"" bson:""mail""`
    Password string `json:""password"" bson:""password""`
    Street string `json:""street"" bson:""street""`
    Zip string `json:""zip"" bson:""zip""`
    City string `json:""city"" bson:""city""`
    Country string `json:""country"" bson:""country""`
}
</code></pre>

<p>Setting up the database (connection works) and signing up users (based on an HTTP-Request <code>r</code> with a user in it's body):</p>

<pre class=""lang-golang prettyprint-override""><code>ctx := context.Background()
uriDB := ""someURI""
clientOptions := options.Client().ApplyURI(uriDB)
client, err := mongo.Connect(ctx, clientOptions)
collection := client.Database(""guDB"").Collection(""users"")

...

var user User
err := json.NewDecoder(r.Body).Decode(&amp;user)

ctx, cancel := context.WithTimeout(context.Background(), 10*time.Second)
defer cancel()
result, err := collection.InsertOne(ctx, user)
...

</code></pre>

<p>When I enter the first user, it is added to the collection, but the ID looks like this:
<code>_id:ObjectID(000000000000000000000000)</code></p>

<p>If I now want to enter another user, I get the following error:</p>

<pre><code>multiple write errors: [{write errors: [{E11000 duplicate key error collection: guDB.users index: _id_ dup key: { : ObjectId('000000000000000000000000') }}]}, {&lt;nil&gt;}]
</code></pre>

<p>So it seems like again ObjectID <code>000000000000000000000000</code> is assigned.</p>

<p>I expected the ID to be automatically set to a unique value for each entry.</p>

<p>Do I have to manually set the ID or how can I assign unique IDs to users?</p>; Answer: The 8042 chip (and hardware that may emulate it) is well documented. The accepted answer has a link to 8042 information","[-0.011024135164916515, 0.010887950658798218, 0.02110859751701355, -0.01082666777074337, -0.042189955711364746, 0.001274176174774766, -0.0049026417545974255, -0.012277032248675823, -0.02339649759232998, -0.011255648918449879, 0.021094977855682373, -0.0036599584855139256, -0.009703145362436771, -0.004824335686862469, -0.02523498795926571, 0.01346183754503727, -0.004044679459184408, -0.026147423312067986, 0.012249795719981194, -0.0036429353058338165, -0.03015124797821045, 0.04210824519395828, -0.010411304421722889, 0.000718373223207891, -0.01996464654803276, -0.007033929228782654, 0.01912030391395092, -0.004357903730124235, 0.011173938401043415, -0.002112562069669366, 0.009124360978603363, 0.0011533125070855021, -0.02448597177863121, -0.03262980654835701, -0.020986031740903854, 0.010949233546853065, -0.010329593904316425, -0.027945058420300484, 0.02636531926691532, 0.007871463894844055, 0.026052094995975494, -0.00302329589612782, -0.002442809520289302, 0.0024462139699608088, 0.007592285517603159, 0.03363757207989693, -0.004116176627576351, -0.020591096952557564, -0.005171606317162514, -0.020128069445490837, -0.004453232977539301, 0.032302964478731155, -0.017853787168860435, 0.023614391684532166, -0.011391833424568176, -0.016165100038051605, 0.0389215312898159, 0.013019237667322159, 0.0002498134272173047, -0.006999883335083723, 0.027427557855844498, -0.004194482695311308, -0.004742625169456005, -0.00025002623442560434, -0.01052706129848957, -0.005219270940870047, -0.011963807977735996, 0.012338315136730671, -0.008886038325726986, -0.012794533744454384, 0.008892848156392574, 0.008327681571245193, -0.008388965390622616, 0.011671011336147785, 0.011330550536513329, -0.03431849181652069, -0.03551691770553589, -0.015456940047442913, 0.013393745757639408, -0.00842301081866026, 0.002985845087096095, -0.04126390442252159, -0.006199799478054047, 0.05082405358552933, 0.016764311119914055, 0.015552269294857979, 0.0062134177424013615, 0.02339649759232998, 0.011909333989024162, -0.014816873706877232, -0.009900612756609917, -0.0043136440217494965, 0.016274048015475273, -0.026392554864287376, 0.021380966529250145, 0.015130097977817059, -0.026133805513381958, 0.02840808592736721, 0.0046438914723694324, -0.0074424827471375465, -0.025738870725035667, 7.671017374377698e-05, 0.0018742391839623451, -0.005011589732021093, 0.006005736533552408, 0.005849124398082495, 0.0025841009337455034, -0.03252085670828819, 0.015851875767111778, 0.006414290051907301, 0.006625375710427761, 0.02737308479845524, -0.009607816115021706, 0.0034250400494784117, -0.009063078090548515, 0.019392672926187515, -0.015456940047442913, -0.017649510875344276, -0.012814961373806, -0.016859641298651695, 0.014857728965580463, 0.016628127545118332, 0.013148613274097443, -0.005413333885371685, -0.005706130526959896, 0.005052444990724325, -0.023110508918762207, 0.010765384882688522, 0.04066469147801399, -0.011705057695508003, 0.026351699605584145, 0.017445234581828117, 0.0020938366651535034, 0.04627549275755882, -0.0215580053627491, 0.016028914600610733, -0.00731310760602355, 0.011160319671034813, -0.026201898232102394, -0.03510836511850357, 0.018602801486849785, 0.022375112399458885, -0.01758141815662384, 0.021816756576299667, -0.03039637953042984, 0.00635641161352396, -0.009029031731188297, 0.014748780988156796, 0.009158407337963581, -0.010043607093393803, 0.0068364618346095085, 0.02443149872124195, -0.014381082728505135, 0.016668982803821564, -0.010411304421722889, 0.010486206039786339, 0.0004021698550786823, 0.01023426465690136, 0.008994986303150654, -0.029824405908584595, 0.014435556717216969, 0.025657160207629204, -0.013373318128287792, -0.022211691364645958, 0.024118274450302124, 0.023410115391016006, 0.013938483782112598, -0.020182542502880096, -0.012692395597696304, -0.018534710630774498, 0.006390457507222891, 0.03505389019846916, -0.03867639601230621, 0.017690366134047508, -0.007074784487485886, 0.01204551849514246, 0.005175010766834021, 0.027005385607481003, -0.007299488876014948, -0.0223070215433836, -0.021680571138858795, 0.0404195599257946, 0.0049264742992818356, 0.04597588628530502, -0.013659304939210415, -0.007565048988908529, -0.00879070907831192, 0.01144630741328001, 0.013400554656982422, 0.001452067168429494, 0.021571625024080276, 0.004071916453540325, 0.013019237667322159, 0.023083271458745003, -0.5931107401847839, -0.01549779623746872, -0.012549401260912418, -0.001326096593402326, -0.005539304576814175, 0.0008188093197531998, -0.006424503866583109, 0.025561830028891563, 0.0006311300094239414, 0.011119464412331581, -0.0031203273683786392, 0.012406407855451107, 0.008695379830896854, -0.00752419326454401, -0.004238742403686047, 0.007367581129074097, 0.03775034099817276, -0.011391833424568176, -0.020305108278989792, -0.004773266613483429, -0.010213837027549744, 0.021721428260207176, -0.008783900178968906, -0.003932327497750521, -0.003343329532071948, -0.010636009275913239, -0.004800503607839346, -0.016519179567694664, 0.017622273415327072, 0.012256604619324207, -0.009744000621140003, 0.009594198316335678, 0.004773266613483429, -0.006931791082024574, 0.05488235130906105, -0.035380732268095016, -0.004146818071603775, 0.02538479119539261, -0.02260662615299225, 0.0561080127954483, -0.000499201298225671, -0.030287431553006172, 0.009921040385961533, -0.030832169577479362, -0.0019065829692408442, -0.008354919031262398, 0.011173938401043415, -0.02146267704665661, 0.015783783048391342, -0.012910290621221066, -0.0016001678304746747, -0.0024172747507691383, 0.013203087262809277, -0.010288738645613194, 0.013645686209201813, -0.027740782126784325, 0.020223397761583328, -0.0029994635842740536, 0.021435439586639404, -0.006090851500630379, -0.018698131665587425, 0.0022436396684497595, -0.03301112353801727, 0.007639950141310692, 0.0005128197371959686, 0.02765907160937786, -0.02050938457250595, 0.010152554139494896, 0.009403539821505547, -0.011827623471617699, 0.018248721957206726, 0.02677387185394764, -0.023083271458745003, -0.024594919756054878, 0.009403539821505547, 0.04270745813846588, -0.011167128570377827, -0.0032377864699810743, -0.0018112538382411003, 0.012508546002209187, -0.011589300818741322, 0.01552503276616335, 0.0017210316145792603, -0.010186600498855114, -0.026896437630057335, 0.0009907422354444861, -0.05109642446041107, -0.020305108278989792, 0.02011444978415966, -0.0034897278528660536, 0.027155188843607903, 0.014871346764266491, -0.003806356806308031, -0.0059955227188766, 0.0010120210936293006, 0.023015180602669716, -0.007987220771610737, 0.0015686751576140523, 0.014639833942055702, -0.006438122130930424, -0.039057713001966476, 0.012903480790555477, -0.006060210056602955, 0.027087096124887466, 0.05834143981337547, 0.025057947263121605, -0.024308932945132256, -0.003460788633674383, 0.014381082728505135, -0.010935614816844463, -0.014830491505563259, 0.026297226548194885, 0.000589423521887511, 0.030124010518193245, -0.029334140941500664, -0.03442744165658951, 0.007796562276780605, -0.004769862163811922, 0.0006728365551680326, -0.0045792036689817905, 0.009049460291862488, 0.011310122907161713, -0.0006953920819796622, -0.020441293716430664, 0.010370449163019657, -0.0016163397813215852, -0.010921997018158436, 0.01241321675479412, 0.00408553471788764, -0.007626331876963377, 0.024744722992181778, -0.005055849440395832, 0.03279322758316994, -0.014694306999444962, 0.027876967564225197, 0.014993913471698761, 0.03224848955869675, -0.0011133082443848252, 0.016124244779348373, 0.012426835484802723, 0.00036791092134080827, 0.006724109407514334, 0.023913998156785965, -0.018507473170757294, 0.008668143302202225, -0.021081360056996346, -0.03813165798783302, -0.007224587723612785, -0.0035748430527746677, -0.005624419543892145, 0.011235221289098263, -0.011235221289098263, -0.002337266458198428, 0.0019440336618572474, -0.028980061411857605, -0.02045491151511669, -0.01679154857993126, -0.027196044102311134, 0.021666953340172768, 0.009798474609851837, -0.005566541571170092, 0.04529496282339096, -0.01867089420557022, -0.016301283612847328, -0.01504838652908802, -0.03595270588994026, -0.026052094995975494, 0.005372478626668453, 0.001166079775430262, -0.02741394005715847, -0.017962735146284103, -0.006594734266400337, -0.00021619288600049913, -0.04673852026462555, -0.0024564277846366167, 0.014639833942055702, -0.03878534585237503, 0.009546533226966858, -0.00011831027950393036, -0.012229368090629578, 0.0042693838477134705, 0.004769862163811922, 0.014340227469801903, -0.0019167967839166522, 0.027046240866184235, 0.016873259097337723, 0.01718648336827755, 0.02791782282292843, 0.01408147718757391, 0.03094111755490303, -0.0022436396684497595, 0.009267355315387249, -0.006080637685954571, -0.0023440755903720856, -0.0017261385219171643, 0.013495883904397488, 0.00018470022769179195, -0.005924025550484657, -0.01410871371626854, 0.015456940047442913, 0.01733628660440445, 0.014844110235571861, 0.02114945277571678, -0.031022828072309494, 0.02388676069676876, -0.026106568053364754, -0.011330550536513329, -0.004122985526919365, 0.012944336049258709, -0.0018214676529169083, 0.022415967658162117, -0.012753678485751152, 0.002012125914916396, 7.170964818214998e-05, -0.0030096773989498615, 0.0310500655323267, -0.02304241620004177, 0.01263792160898447, -0.001138842897489667, 0.007013501599431038, -0.006587924901396036, 0.01833043247461319, 0.02846256084740162, 0.0028922182973474264, 0.016927732154726982, 0.024159129709005356, -0.007612713612616062, -0.0036940046120435, 0.01977398991584778, -0.003959564492106438, -0.0007792306714691222, 0.026106568053364754, 0.013945292681455612, 0.014299372211098671, 0.03009677305817604, 0.03279322758316994, 0.020550239831209183, -0.014762399718165398, 0.00278837769292295, -0.018943263217806816, 0.0027373083867132664, 0.014040621928870678, 0.022770047187805176, -0.008906465955078602, 0.028571506962180138, -0.0032769395038485527, 0.009444395080208778, 0.015075623989105225, -0.003469299990683794, 0.0355713926255703, 0.0029517989605665207, 0.0017159247072413564, -0.026555977761745453, -0.012883053161203861, 0.02031872794032097, -0.01552503276616335, 0.007333535235375166, 0.019147539511322975, 0.001996805192902684, 0.02776801958680153, 0.0008013606420718133, -0.014394701458513737, 0.015334374271333218, -0.01679154857993126, 0.016737075522542, 0.012494927272200584, -0.023900378495454788, -0.004684746731072664, -0.020277870818972588, -0.029361378401517868, 0.0022521510254591703, -0.033855464309453964, -0.01951523870229721, -0.003826784435659647, 0.021244781091809273, 0.010016369633376598, -0.013550357893109322, 0.02125840075314045, 0.02889835089445114, 0.016069769859313965, -0.02165333554148674, -0.019528856500983238, 0.010969661176204681, 0.014122332446277142, 8.338640327565372e-06, -0.014285753481090069, -0.005913811735808849, 0.01465345174074173, 0.007925937883555889, -0.00671730050817132, 0.012406407855451107, 0.034291256219148636, 0.0011107547907158732, -0.007708042394369841, -0.004637082107365131, 0.011126273311674595, 0.05812354385852814, -0.011534826830029488, -0.025561830028891563, 0.001984889153391123, 0.004609845113009214, 0.03679705038666725, -0.020945176482200623, -0.014095095917582512, 0.01129650417715311, 0.004385140724480152, -0.00286838598549366, -0.010254692286252975, 0.03246638551354408, 0.015034768730401993, -0.00289392052218318, -0.0004489832790568471, -0.010098080150783062, -0.03502665460109711, 0.0025296269450336695, -0.013958911411464214, -0.028598744422197342, -0.009369493462145329, 0.009805283509194851, -0.0028190191369503736, -0.008443438448011875, -0.023764194920659065, -0.02116307057440281, 0.0002757736074272543, 0.03840402886271477, 0.01549779623746872, -0.01892964541912079, 0.003544201608747244, 0.003310985630378127, 0.02458130195736885, -0.03998376801609993, -0.0146262152120471, 0.0065334513783454895, -0.00011192663077963516, -0.006945409346371889, 0.008974558673799038, -0.014871346764266491, -0.0023508849553763866, 0.016614507883787155, 0.01803082786500454, 0.021380966529250145, -0.03363757207989693, 0.0023866333067417145, -0.04270745813846588, -0.02110859751701355, -0.0006179371848702431, -0.0034931323025375605, 0.03352862223982811, 0.021762283518910408, -0.0038029521238058805, 0.007885082624852657, 0.0003321625117678195, 0.014408320188522339, -0.014217661693692207, 0.008286826312541962, 0.009519296698272228, 0.02285175956785679, -0.0068092248402535915, -0.029987826943397522, 0.032302964478731155, 0.040310610085725784, 0.00871580746024847, 0.014558122493326664, 0.02125840075314045, 0.0346725732088089, 0.02114945277571678, 0.004337476100772619, 0.022225309163331985, 0.01653279736638069, -0.0013431196566671133, -0.025902291759848595, -0.005079681985080242, 0.035489678382873535, 0.0011184151517227292, -0.012256604619324207, -0.010908378288149834, 0.004167245700955391, 0.001454620622098446, 0.01773122139275074, -0.01410871371626854, -0.0012443858431652188, -0.020727280527353287, -0.020345963537693024, -0.014857728965580463, -0.01320989616215229, -0.030478090047836304, -0.0018333838088437915, -0.010268311016261578, -0.010772193782031536, -0.023205839097499847, -0.023028798401355743, 0.012127229943871498, -0.010247883386909962, 0.00017150734493043274, 0.013420982286334038, -0.022729191929101944, -0.01495305821299553, 0.017949117347598076, 0.00312883872538805, 0.02701900340616703, 0.026147423312067986, 0.009240117855370045, 0.003086281241849065, 0.0031373503152281046, -0.00690114963799715, -0.041046008467674255, -0.0008451950270682573, -0.0059274304658174515, -0.0035476060584187508, 0.030804933980107307, 0.013713778927922249, 0.01060196291655302, -0.007353962864726782, 0.028544271364808083, 0.010016369633376598, -0.00454515777528286, 0.02602485753595829, 0.0032258701976388693, 0.02116307057440281, -0.001772100804373622, 0.0012469392968341708, 0.0074629103764891624, 0.008947321213781834, -0.013577594421803951, 0.008429820649325848, -0.013775061815977097, -0.0183849073946476, -0.00712925847619772, 0.009492059238255024, 0.028789402917027473, 0.014244898222386837, -0.0010579832596704364, -0.0031799080315977335, 0.016478324308991432, -0.012242985889315605, -0.023859523236751556, 0.018303196877241135, 0.002219807356595993, 0.018807079643011093, 0.019093066453933716, 0.022824522107839584, 0.011739104054868221, -0.010043607093393803, -0.0029569058679044247, -0.004170650150626898, -0.018602801486849785, 0.0518590584397316, -0.002703262260183692, -0.007136067841202021, 0.018412144854664803, 0.007973602041602135, -0.014789636246860027, -0.020523004233837128, 0.020836228504776955, -0.0037552875000983477, 0.006611757446080446, 0.029552036896348, -0.0007954025641083717, -0.02056385949254036, -0.011664202436804771, 0.0032752372790127993, -0.0012860923307016492, -0.028925586491823196, 0.012998810037970543, 0.005072872620075941, -0.005791245959699154, 0.005178415682166815, -0.01583825796842575, -0.027332229539752007, -0.024513209238648415, -0.021135833114385605, -0.0007213522330857813, 0.020250635221600533, 0.025166895240545273, -0.013420982286334038, 0.014816873706877232, 0.0003623784286901355, -0.015266282483935356, -0.005753795150667429, -0.027127951383590698, -0.03859468549489975, 0.004684746731072664, 0.025371171534061432, -0.016750693321228027, 0.029334140941500664, -0.009832520969212055, 0.03020572103559971, 0.0034029101952910423, -0.0037280507385730743, 0.01028192974627018, -0.015606743283569813, -0.011718676425516605, -0.013277988880872726, 0.000835832383017987, 0.01425851695239544, 0.02805400639772415, 0.01604253426194191, 0.015116479247808456, -0.010874331928789616, 0.019787607714533806, -0.024063801392912865, 0.016519179567694664, -0.015130097977817059, -0.05583564564585686, -0.010268311016261578, 0.038322318345308304, -0.03009677305817604, -0.017322668805718422, -0.03203059360384941, 0.0027900799177587032, -0.014353846199810505, -0.012256604619324207, 0.017118390649557114, 0.0003353543288540095, 0.005437165964394808, -0.0012826877646148205, 0.00995508674532175, -0.024867288768291473, -0.010962852276861668, -0.003021593438461423, -0.007067975588142872, -0.011636964976787567, -0.007394818123430014, 0.03099559247493744, 0.003241191152483225, 0.030668748542666435, 0.02944308891892433, -0.007033929228782654, -0.026501502841711044, 0.012794533744454384, -0.026201898232102394, -0.012440454214811325, -0.018752604722976685, -0.018752604722976685, -0.020849846303462982, -0.045077066868543625, -0.021476294845342636, -0.02454044669866562, -0.017349904403090477, 0.029524799436330795, -0.0165872722864151, 0.00024470651987940073, -0.029361378401517868, -0.023614391684532166, 0.019406290724873543, -0.020155305042862892, 0.037968236953020096, 0.01144630741328001, 0.0144764119759202, 0.006621971260756254, -0.00659132981672883, -0.016464706510305405, 0.01891602762043476, 0.03636126220226288, 0.004238742403686047, 0.02707347832620144, 0.03445467725396156, 0.005947858095169067, -0.04205377399921417, 0.00832087267190218, -0.03750520944595337, -0.015252663753926754, -0.019038593396544456, 0.024717485532164574, 0.03486322984099388, -0.007735279388725758, -0.018153393641114235, 0.013945292681455612, -0.022878995165228844, -0.00014171699876897037, 0.0029075390193611383, -0.0009975514840334654, -0.009594198316335678, -0.03516283631324768, -0.030369142070412636, 0.0036735767498612404, -0.011412261053919792, 0.049135368317365646, 0.006397266872227192, 0.017812931910157204, -0.00656749727204442, -0.0006851782673038542, 0.012699204497039318, 0.027999533340334892, 0.010275119915604591, -0.00047494343016296625, 0.00022129980789031833, 0.005760604050010443, -0.008797518908977509, 0.01129650417715311, 0.003091388149186969, -0.015770165249705315, -0.008960939943790436, 0.040201663970947266, -0.0239820908755064, 0.01150078047066927, 0.01947438344359398, 0.010288738645613194, -0.012079564854502678, 0.013604830950498581, -0.011541635729372501, -0.008552386425435543, -0.01688687689602375, -0.023519063368439674, 0.004531539045274258, 0.002565375529229641, 0.013155422173440456, -0.0077897533774375916, -0.00824597105383873, -0.00956015195697546, -0.011405451223254204, -0.01299200113862753, 0.0165872722864151, -0.047201547771692276, -0.003935731947422028, -0.03015124797821045, -0.007245015352964401, 0.027032623067498207, 0.0008971153874881566, -0.011861669830977917, 0.028571506962180138, 0.031758226454257965, -0.017499707639217377, -0.01737714186310768, 0.024676630273461342, -0.0074424827471375465, -0.021476294845342636, -0.0077284700237214565, 0.013543548062443733, -0.018044445663690567, 0.012358742766082287, 0.003952755127102137, -0.012862625531852245, -0.022021032869815826, 0.01204551849514246, -0.02191208489239216, -0.0182351041585207, 0.00862047914415598, 0.002980738179758191, 0.011827623471617699, 0.027482030913233757, -0.011521208100020885, -0.015633979812264442, 0.044477857649326324, 0.0008988176705315709, 0.009240117855370045, -0.008123405277729034, -0.006676444783806801, -0.015007531270384789, 0.0026062307879328728, 0.021435439586639404, -0.008055313490331173, -0.037668630480766296, -0.011977426707744598, -0.011636964976787567, 0.010792621411383152, -0.004763052798807621, -0.0164374690502882, -0.04047403112053871, -0.0019695681985467672, -0.018507473170757294, -0.011956999078392982, -0.011071799322962761, -0.0014078072272241116, 0.007612713612616062, 0.0055869692005217075, 0.027087096124887466, 0.0019542474765330553, -0.03671533986926079, -0.0064619542099535465, -0.016069769859313965, -0.028871113434433937, -0.02349182590842247, -0.008075741119682789, -0.005934239365160465, 0.053711164742708206, 0.006724109407514334, -0.004412377718836069, -0.011657392606139183, -0.023410115391016006, -0.05643485486507416, -0.00020938366651535034, -0.000968612264841795, 0.004265979398041964, 0.010554298758506775, 0.031758226454257965, 0.006250868551433086, 0.00894051231443882, -0.000671985384542495, 0.03998376801609993, -0.031703751534223557, 0.002219807356595993, 0.00408553471788764, 0.006039782427251339, 0.03262980654835701, 0.010976470075547695, -0.032302964478731155, -0.013516311533749104, -0.008770281448960304, -0.0035884615499526262, 0.021067742258310318, 0.007102021481841803, -0.0011992747895419598, -0.035489678382873535, 0.0018487045308575034, -0.01502115000039339, -0.017989972606301308, -0.00712925847619772, 0.0038608305621892214, -0.029960589483380318, -0.01951523870229721, 0.011562064290046692, 0.005379287526011467, 0.007081593852490187, -0.00361910299398005, 0.01728181354701519, -0.006291723810136318, 0.031812697649002075, -0.012099992483854294, 0.008974558673799038, -0.007367581129074097, -0.010990088805556297, 0.026542358100414276, -0.024159129709005356, 0.01743161492049694, 0.047610100358724594, -0.024608539417386055, 0.021340111270546913, -0.010867523029446602, 0.016301283612847328, -0.024050181731581688, -0.021571625024080276, -0.006305342074483633, -0.026351699605584145, 0.012358742766082287, -0.013407363556325436, -0.005699321161955595, -0.027836110442876816, -0.022661101073026657, -0.014190424233675003, -0.004790289793163538, -0.008933703415095806, 0.003416528692469001, -0.02075451798737049, -0.022415967658162117, -0.009682717733085155, -0.012849007733166218, 0.017023062333464622, -0.00894051231443882, -0.017867406830191612, 5.4792981245554984e-05, -0.0018061469309031963, -0.0074424827471375465, 0.0013405662029981613, -0.0029994635842740536, -0.023573536425828934, 0.011534826830029488, 0.012855816632509232, 0.014721544459462166, -0.00278837769292295, 0.20591096580028534, 0.00010703250154620036, -0.0082187345251441, 0.02602485753595829, -0.025166895240545273, 0.002931371331214905, 0.006659422069787979, -0.0006366625311784446, -0.033800993114709854, 0.02482643350958824, -0.018153393641114235, 0.018194248899817467, -0.015879113227128983, -0.00938311219215393, -0.0009447799529880285, 0.030832169577479362, -0.038812581449747086, -0.027945058420300484, -0.013972529210150242, -0.010690483264625072, 0.02726413682103157, -0.0003832317015621811, -0.008954131044447422, -0.026896437630057335, 0.019746752455830574, -0.026937292888760567, 0.011950189247727394, 0.036878760904073715, 0.015279900282621384, 0.019133921712636948, -0.012569828890264034, -0.02076813578605652, 0.009451203979551792, -0.022633863613009453, -0.025861436501145363, 0.0018452999647706747, 0.0021806543227285147, 0.009744000621140003, 0.01035683136433363, 0.03486322984099388, 0.0003364182775840163, -0.011848051100969315, 0.029524799436330795, 0.0006987967062741518, 0.002910943701863289, 0.005808268673717976, -0.0023815263994038105, 0.0028088053222745657, 0.01519818976521492, 0.030859407037496567, -0.014966676011681557, 0.01812615618109703, 0.01423128042370081, -0.0022232120390981436, -0.0034522770438343287, -0.01259025651961565, 0.01559312455356121, -0.030859407037496567, 0.0023134341463446617, -0.013509501703083515, 0.018344052135944366, 0.03064151108264923, 0.005583564285188913, 0.020550239831209183, -0.034590862691402435, -0.004327262286096811, 0.00044642979628406465, 0.008824755437672138, 0.019991884008049965, -0.025303078815340996, 0.004429400898516178, 0.009035841561853886, -0.020332345739006996, 0.01857556588947773, 0.0003366310556884855, -0.033474151045084, -0.0019474383443593979, 0.015443322248756886, 0.007973602041602135, 0.02846256084740162, -0.04829102382063866, -0.039112187922000885, 0.010513443499803543, -0.006373434327542782, -0.046956416219472885, -0.017104772850871086, 0.018412144854664803, 0.00891327578574419, 0.007340344600379467, -0.0134890740737319, 0.004637082107365131, 0.015089242719113827, -0.0008962642168626189, 0.005001375451683998, -0.01343460101634264, -0.015552269294857979, 0.00284285144880414, -0.00441918708384037, -0.016995824873447418, 0.0032037403434515, -0.033501386642456055, 0.05621695891022682, 0.02835361286997795, -0.006244059186428785, -0.016369376331567764, -0.01227022334933281, -0.0010928806150332093, 0.032548096030950546, -0.011834433302283287, 0.008579622954130173, 0.005209057126194239, -0.03088664449751377, -0.00814383290708065, -0.0033978032879531384, 0.02065918780863285, 0.018902407959103584, 0.017363524064421654, -0.004994566552340984, -0.009267355315387249, -0.020141687244176865, 0.00861366931349039, -0.039112187922000885, -0.024363406002521515, 0.010288738645613194, -0.005678893532603979, -0.018398525193333626, -0.02195294015109539, 0.01274005975574255, 0.009158407337963581, -0.00676836958155036, 0.006959027610719204, -0.0016580462688580155, 0.0005911258631385863, -0.03540796786546707, -0.005263530649244785, 0.006540260277688503, 0.02666492387652397, -0.030532564967870712, -0.014272135682404041, 0.007667187135666609, 0.01654641702771187, -0.023532681167125702, 0.046711280941963196, -0.019202014431357384, 0.010996898636221886, -0.04238061606884003, -0.004514515865594149, 0.0037008137442171574, 0.011861669830977917, -0.014163187704980373, -0.008334491401910782, -0.02805400639772415, 0.002240234985947609, 0.010887950658798218, -0.018643658608198166, -0.00690114963799715, 0.0009158407337963581, -0.04355180263519287, -0.008096168749034405, -0.021122215315699577, -0.01679154857993126, 0.0203595831990242, 0.017962735146284103, 0.012106801383197308, -0.04366074874997139, -0.016464706510305405, -0.17115667462348938, 0.03442744165658951, 0.034400202333927155, -0.04613930732011795, 0.005672084167599678, 0.012106801383197308, 0.012426835484802723, -0.003724646056070924, -0.024703867733478546, -0.0018980713794007897, 0.032302964478731155, -0.01253578346222639, -0.020495766773819923, -0.03203059360384941, 0.005702725611627102, 0.007102021481841803, -0.0009064780897460878, 0.004439614713191986, 0.04777352139353752, 0.013291606679558754, 0.032657042145729065, -0.027699926868081093, -0.00024640883202664554, -0.01709115505218506, 4.021698623546399e-05, 0.02557544782757759, 0.003649744438007474, 0.0014810063876211643, -0.02597038447856903, -0.01907944865524769, -0.005600587464869022, 0.005815078038722277, 0.014884965494275093, -0.005460998509079218, 0.01792187988758087, -0.003714432241395116, 0.001726989634335041, -0.0058389101177453995, 0.00483114505186677, 0.014993913471698761, 0.003506750799715519, 0.041590746492147446, -0.009791665710508823, 0.025057947263121605, 0.04938049986958504, 0.0038506167475134134, -0.002735606161877513, -0.02129925601184368, 0.0003153522266075015, -0.030423616990447044, 0.03328349068760872, -0.02488090842962265, 0.005988713353872299, 0.0037961427588015795, -0.003469299990683794, 0.008075741119682789, 0.016859641298651695, 0.028299137949943542, -0.04262574762105942, -0.01907944865524769, 0.015143715776503086, -0.03361033275723457, 0.012528973631560802, 0.001556759001687169, -0.029361378401517868, 0.0032667256891727448, -0.010247883386909962, -0.00876347254961729, -0.035544153302907944, 0.000923501153010875, -0.012651539407670498, -0.012454072013497353, 0.024213602766394615, 0.014027003198862076, 0.02125840075314045, 0.006907958537340164, -0.010152554139494896, 0.01608338952064514, -0.0011286289663985372, 0.02131287381052971, -0.029742693528532982, 0.00948525033891201, -0.021830374374985695, 0.0361706018447876, 0.002325350185856223, 0.018847934901714325, 0.0005132453516125679, 0.0077557070180773735, 0.013986147940158844, -0.001734649995341897, -0.020237015560269356, -0.025153277441859245, -0.031976118683815, -0.006703681778162718, 0.0007736981497146189, 0.007245015352964401, 0.01703668013215065, 0.015211808495223522, 0.008817946538329124, 0.005794650409370661, 0.0031952287536114454, -0.022415967658162117, -0.041699692606925964, -0.0036735767498612404, 0.044831935316324234, -0.0012622600188478827, 0.017349904403090477, -0.008777091279625893, 0.039902057498693466, 0.016178717836737633, -0.04692917689681053, 0.02095879428088665, 0.007510575000196695, 0.04488641023635864, -0.01583825796842575, 0.04643891379237175, -0.02289261482656002, 0.002815614454448223, -0.010894759558141232, 0.025221368297934532, 0.020645570009946823, -0.011133083142340183, -0.024554064497351646, -0.0004600482643581927, -0.021421821787953377, -0.011173938401043415, -0.08372622728347778, -0.015252663753926754, 0.012862625531852245, 0.02602485753595829, -0.04039232060313225, -0.0022913040593266487, -0.00933544710278511, 0.04058298096060753, -0.008184688165783882, 0.02245682291686535, -0.029279667884111404, -0.041890352964401245, -0.0025160086806863546, 0.005219270940870047, -0.007374390494078398, 0.00338418479077518, -0.028271902352571487, -0.004357903730124235, -0.021980177611112595, 0.03388270363211632, -0.0029194550588726997, -0.021789519116282463, -0.001351631130091846, -0.007388009224087, -0.011732294224202633, -0.005457593593746424, -0.02300156094133854, 0.009056269191205502, 0.002890516072511673, -0.029470324516296387, -0.00561080127954483, 0.0026113376952707767, 0.00602275924757123, -0.0016912412829697132, -0.007551430258899927, -0.0037008137442171574, -0.005495044402778149, -0.0070952121168375015, 0.050333790481090546, -0.014067858457565308, 0.014176806434988976, 0.0061963945627212524, 0.015388848260045052, -0.023805050179362297, -0.001714222365990281, -0.0012052328092977405, -0.019106684252619743, 0.03219401463866234, 0.002613040152937174, -0.005627824459224939, -0.03933008387684822, 0.003986801020801067, -0.018834315240383148, -0.006318960804492235, 0.03655191883444786, -0.0032973671332001686, 0.036225076764822006, 0.009097124449908733, -0.020972412079572678, 0.027740782126784325, -0.011882097460329533, -0.012229368090629578, 0.004477065522223711, 0.0251805130392313, 0.008102977648377419, 0.0100299883633852, -0.010036797262728214, -0.016927732154726982, -0.010438541881740093, 0.011950189247727394, -0.020046358928084373, -0.017690366134047508, -0.025997620075941086, -0.009301400743424892, -0.004007228650152683, 0.034890469163656235, 0.010445350781083107, 0.0020172328222543, 0.007428864482790232, -0.01743161492049694, 0.0016325116157531738, -0.023764194920659065, 0.0008903061388991773, -0.018439380452036858, 0.021081360056996346, 0.014462793245911598, 0.00530098145827651, 0.01045896951109171, 0.001391635392792523, -0.06395223736763, -0.006880721542984247, 0.01992379128932953, -0.015538651496171951, -0.025956764817237854, -0.006349602248519659, 0.03461809828877449, -0.02602485753595829, 0.03064151108264923, -0.0035918662324547768, -0.010697292163968086, 0.004378331825137138, -0.004095748998224735, -0.047610100358724594, 0.026937292888760567, 0.015633979812264442, 0.002543245442211628, -0.01803082786500454, 0.008708998560905457, -0.003997014835476875, -0.02671939879655838, 0.00408553471788764, 0.037614159286022186, -0.006165753118693829, 0.003506750799715519, -0.008525149896740913, 0.009417157620191574, 0.004987757187336683, -0.006318960804492235, 0.01172548532485962, 0.011636964976787567, 0.002635170007124543, 0.022865377366542816, -0.015361611731350422, 0.0031016019638627768, -0.009110743179917336, 0.008341300301253796, -0.030968355014920235, -0.01310775801539421, -0.002550054807215929, 0.015116479247808456, -0.0065334513783454895, -0.0250307098031044, 0.02086346596479416, -0.004177459515631199, -0.006094256415963173, 0.0028615768533200026, -0.003399505512788892, -0.017050299793481827, 0.02354629896581173, 0.003836998250335455, 0.008920084685087204, 0.016205955296754837, -0.028789402917027473, -0.016355758532881737, -0.0015184571966528893, -0.02349182590842247, 0.007769325748085976, 0.012147657573223114, -0.021135833114385605, -0.008994986303150654, 0.011759531684219837, -0.0028615768533200026, 0.01932458020746708, 0.0013822726905345917, -0.011766340583562851, -0.018956882879137993, -0.03701494634151459, -0.019188396632671356, 0.007292679976671934, 0.03461809828877449, -0.010520252399146557, 0.02007359452545643, 0.05390182510018349, 0.00253303162753582, 0.0215580053627491, -0.023859523236751556, 0.01495305821299553, 0.0014639833243563771, -0.04210824519395828, 0.020877083763480186, 0.021435439586639404, -0.033474151045084, -0.035435207188129425, -0.007585476618260145, 0.002122775884345174, 0.022143598645925522, 0.004361308645457029, -0.012127229943871498, -0.005818482488393784, 0.02587505429983139, -0.00824597105383873, 0.004133199341595173, 0.008702189661562443, -0.00664239889010787, -0.0059001934714615345, -0.015960823744535446, 0.011357787065207958, 0.03208506852388382, 0.023260312154889107, 0.029279667884111404, 0.0269781481474638, -0.008661334402859211, -0.06689382344484329, 0.028380848467350006, 0.0009490356897003949, -0.0031952287536114454, 0.010622390545904636, -0.016478324308991432, -0.03292941302061081, 0.014585359953343868, 0.02598400227725506, 0.003884662874042988, 0.023723339661955833, 0.012154466472566128, -0.00879070907831192, -0.037069421261548996, -0.015075623989105225, 0.015661217272281647, -0.04932602494955063, -0.01683240383863449, -0.010213837027549744, 0.016178717836737633, -0.026841964572668076, 0.012283842079341412, -0.0407191663980484, 0.01649194210767746, -0.019447145983576775, 0.00530098145827651, 0.0077829440124332905, -0.007885082624852657, -0.02851703390479088, 0.036824289709329605, -0.0013499287888407707, -0.002585803158581257, -0.010744957253336906, -0.02011444978415966, 0.04690194129943848, 0.01936543546617031, -0.01624681055545807, -0.013039665296673775, 0.034890469163656235, -0.011732294224202633, 0.04096429795026779, 0.004742625169456005, -0.005021803546696901, -0.01564759947359562, -0.00901541393250227, 0.0030420213006436825, -0.011289695277810097, 0.012331506237387657, 0.004317048471421003, 0.07223225384950638, 0.01679154857993126, -0.006775178946554661, -0.0027934846002608538, -0.012814961373806, -0.0031628848519176245, 0.015211808495223522, -0.005505258217453957, -0.003331413259729743, -0.023260312154889107, 0.010840285569429398, 1.3831237993144896e-05, -0.006247463636100292, -0.0034420632291585207, -0.012957954779267311, -0.00470517436042428, 0.004480469971895218, 0.01256301999092102, -0.011711866594851017, -0.008457057178020477, 0.01966504193842411, 0.008722617290914059, 0.025316698476672173, -0.008559195324778557, -0.0037723106797784567, -0.0015261175576597452, 0.026106568053364754, -0.013169040903449059, -0.03508112579584122, -0.01822148635983467, 0.008225543424487114, -0.014122332446277142, -0.019392672926187515, -0.004088939633220434, -0.008177879266440868, -0.0005689958343282342, -0.0034199331421405077, -0.004463446792215109, 0.009948277845978737, 0.009546533226966858, 0.0030794718768447638, -0.0074969567358493805, -0.029688220471143723, -0.022266166284680367, 0.009444395080208778, 0.011528017930686474, -0.011596109718084335, -0.012528973631560802, -0.04559456929564476]","[-0.011456438340246677, 0.0043764663860201836, 0.017773538827896118, -0.0077357725240290165, -0.03297740966081619, -0.00406864145770669, -0.002643278567120433, -0.006731995847076178, -0.011603659018874168, -0.020102301612496376, 0.027998678386211395, -0.00857225339859724, -0.008933613076806068, 0.0010790600208565593, -0.020865172147750854, 0.004162327386438847, -0.003998377360403538, -0.026432786136865616, 0.013002254068851471, -0.008304579183459282, -0.019459884613752365, 0.03139813616871834, -0.007568476255983114, -0.0016763070598244667, -0.012406679801642895, -0.009268204681575298, 0.016582392156124115, -0.000283357803709805, 0.027195656672120094, 0.0019841319881379604, 0.002666700165718794, -0.007427947595715523, -0.025000732392072678, -0.02941734902560711, -0.01788060925900936, 0.01569906808435917, -0.001124229864217341, -0.02209647186100483, 0.015297557227313519, 0.0005646243807859719, 0.01755939982831478, -0.006266912445425987, -0.0012095508864149451, -0.006437554489821196, 0.0050289211794734, 0.02973855845630169, -0.008692706003785133, -0.02260505221784115, 4.255594831192866e-05, -0.025536078959703445, -0.007615319453179836, 0.032629434019327164, -0.021373752504587173, 0.01903160661458969, -0.01199178583920002, -0.017131121829152107, 0.03739402815699577, 0.014561453834176064, -0.009141059592366219, 2.349334181417362e-06, 0.028186049312353134, -0.005611111875623465, -0.0032154314685612917, 0.00010821967589436099, -0.012038628570735455, -0.010031075216829777, -0.01247359812259674, 0.00655466178432107, -0.011891407892107964, -0.012112239375710487, 0.0068290275521576405, 0.006082886829972267, -0.009228053502738476, 0.008237660862505436, 0.01643517054617405, -0.023809583857655525, -0.03182641416788101, -0.018536409363150597, 0.00515606626868248, -0.015070034191012383, -0.001636155997402966, -0.03929451107978821, -0.007541709113866091, 0.05519433692097664, 0.01528417319059372, 0.01379858423024416, 0.010298749431967735, 0.01912529207766056, 0.009060758166015148, -0.02411740832030773, -0.010947857983410358, -0.004928543698042631, 0.018308887258172035, -0.021346984431147575, 0.020771486684679985, 0.007320878095924854, -0.01905837468802929, 0.02391665242612362, 0.0022200194653123617, -0.010994700714945793, -0.01873716525733471, 0.010044459253549576, -0.0018151628319174051, -0.0008958707330748439, 0.008317963220179081, 0.010733718983829021, -0.004369774833321571, -0.027623934671282768, 0.013136091642081738, 0.00562114967033267, 0.008846619166433811, 0.022979794070124626, -0.016649309545755386, 0.007595243863761425, -0.012841650284826756, 0.01362459547817707, -0.00991062168031931, -0.021253298968076706, -0.01694375090301037, -0.021708345040678978, 0.02354191057384014, 0.013985955156385899, 0.013075864873826504, -0.003998377360403538, -0.0070130531676113605, 0.001997515559196472, -0.01838918961584568, 0.0036537472624331713, 0.033084481954574585, -0.018308887258172035, 0.0295779537409544, 0.022752271965146065, 0.0048850467428565025, 0.05152720585465431, -0.008117207325994968, 0.006675115320831537, -0.00890684500336647, 0.005079110153019428, -0.017291726544499397, -0.0295779537409544, 0.0201156847178936, 0.024599220603704453, -0.017546016722917557, 0.025736834853887558, -0.018081365153193474, 0.012373221106827259, -0.004326277412474155, 0.00865255482494831, 0.006655039731413126, -0.01726496033370495, -0.0049185059033334255, 0.019660640507936478, -0.012654278427362442, 0.0168232973664999, -0.005269827786833048, 0.007006361614912748, -0.0012095508864149451, 0.006598158739507198, 0.010097993537783623, -0.04068641737103462, 0.008578944951295853, 0.02552269585430622, -0.0160202756524086, -0.030782485380768776, 0.01816166751086712, 0.027811307460069656, 0.017639702185988426, -0.019968464970588684, -0.009549262002110481, -0.016903599724173546, 0.008123899810016155, 0.038357652723789215, -0.0394015833735466, 0.016582392156124115, -0.014655140228569508, 0.021976018324494362, 0.007287418935447931, 0.024090640246868134, 0.007347645703703165, -0.01689021661877632, -0.015003115870058537, 0.04732472449541092, 0.005350129678845406, 0.048020679503679276, -0.0014328912366181612, -0.008692706003785133, -0.006668423302471638, 0.006912675686180592, 0.020905323326587677, -0.004674253519624472, 0.01883085072040558, 0.003004638245329261, 0.016328101977705956, 0.022993179038167, -0.6085831522941589, -0.014012723229825497, -0.018442723900079727, -0.0019556917250156403, 0.0015039921272546053, 0.009729942306876183, -0.006026006303727627, 0.030193602666258812, -0.002176522510126233, 0.02306009642779827, -0.0019339431310072541, 0.01944650150835514, 0.009301664307713509, -0.008545485325157642, -0.00273361848667264, 0.0043731206096708775, 0.038197048008441925, -0.01339707337319851, -0.015203870832920074, -0.00965633150190115, -0.0013341865269467235, 0.014467768371105194, -0.015136952511966228, -0.004774631001055241, 0.0007816911092959344, -0.012527133338153362, -0.0010355629492551088, -0.005882131401449442, 0.02568330056965351, 0.013617903925478458, -0.0029310279060155153, 0.005721527151763439, 0.0023789508268237114, -0.0155919985845685, 0.054311010986566544, -0.0394015833735466, -0.0022216923534870148, 0.028962304815649986, -0.016475321725010872, 0.052009016275405884, -0.0021982709877192974, -0.030996624380350113, 0.011817798018455505, -0.020905323326587677, 0.0013977590715512633, -0.019259128719568253, 0.012580668553709984, -0.0262587983161211, 0.0229664109647274, -0.0007528325077146292, 0.0006591466953977942, -0.0017716658767312765, 0.011683960445225239, -0.026432786136865616, 0.013985955156385899, -0.026941366493701935, 0.015565230511128902, -0.0028289773035794497, 0.017800306901335716, -0.004784668795764446, -0.014226862229406834, -0.003155204700306058, -0.03233499452471733, 0.009368582628667355, -0.0002910952316597104, 0.03683191165328026, -0.013182934373617172, 0.013524218462407589, 0.0020242829341441393, -0.010760486125946045, 0.017064204439520836, 0.01838918961584568, -0.01672961190342903, -0.02427801303565502, 0.013055789284408092, 0.03626979887485504, -0.009395349770784378, 0.0006645838147960603, 0.007869609631597996, 0.005457199178636074, -0.01822858490049839, 0.011436362750828266, 0.004941927269101143, -0.015310940332710743, -0.021052543073892593, -0.008023521862924099, -0.04617372900247574, -0.01723819226026535, 0.01947326771914959, -0.004891738295555115, 0.027971910312771797, 0.010305440984666348, 0.0008565561147406697, -0.00478132301941514, 0.00993069726973772, 0.021025776863098145, -0.008491951040923595, 0.0024625989608466625, 0.009763401001691818, -0.011376135982573032, -0.03568091616034508, 0.015110185369849205, -0.005681375972926617, 0.025241637602448463, 0.05093832314014435, 0.019513418897986412, -0.028828466311097145, -0.007354337256401777, 0.027891607955098152, -0.007187041454017162, -0.014253629371523857, 0.0234080720692873, 0.009837011806666851, 0.031103694811463356, -0.032763272523880005, -0.026499705389142036, 0.010365667752921581, -0.004058603662997484, 0.0006867505726404488, -0.0014027779689058661, 0.006377328187227249, 0.010640033520758152, 0.003603558288887143, -0.025214871391654015, 0.011757571250200272, -0.0012103874469175935, -0.013169550336897373, 0.02260505221784115, -0.0018402573186904192, -0.0036504012532532215, 0.015377859584987164, -0.00714019825682044, 0.02561638131737709, -0.012299610301852226, 0.03134460002183914, 0.005758332554250956, 0.02554946392774582, 0.0033258467447012663, 0.023582061752676964, 0.009535878896713257, 0.00020713350386358798, -0.0048181284219026566, 0.009361891075968742, -0.015886439010500908, 0.00956264603883028, -0.012453523464500904, -0.03086278773844242, 0.0010389088420197368, -0.008257736451923847, -0.005798483267426491, 0.002961141290143132, 0.0011150286300107837, -0.01018498744815588, -0.006952826865017414, -0.031183997169137, -0.022819191217422485, -0.015551847405731678, -0.024090640246868134, 0.02619188092648983, 0.009663023985922337, -0.008719474077224731, 0.04170357808470726, -0.020477045327425003, -0.02398357167840004, -0.018362421542406082, -0.0386253260076046, -0.02449215203523636, 0.006685153115540743, -0.0052330223843455315, -0.03142490237951279, -0.023849735036492348, -0.013443916104733944, 0.0023120322730392218, -0.04405910521745682, 0.008846619166433811, 0.01599350944161415, -0.03972278907895088, 0.003513218369334936, -0.004172365181148052, -0.006568045821040869, 0.004978732671588659, 0.004995462018996477, 0.020543962717056274, -0.00496534863486886, 0.03163904324173927, 0.020557347685098648, 0.009261513128876686, 0.027316110208630562, 0.008491951040923595, 0.03353952616453171, -0.009047374129295349, 0.005002154037356377, -0.007153581827878952, -0.014842511154711246, 0.006731995847076178, 0.008230969309806824, -0.006032697856426239, 0.0030447894241660833, -0.013691514730453491, 0.015565230511128902, 0.010947857983410358, 0.01919221132993698, 0.020744718611240387, -0.025910822674632072, 0.01832227036356926, -0.024960581213235855, -0.012005169875919819, -0.004322931636124849, 0.007662162184715271, -0.013731664977967739, 0.023528525605797768, -0.015471545048058033, 0.0014019415248185396, 0.0018151628319174051, 0.0018971379613503814, 0.033111248165369034, -0.02740979567170143, 0.008358114399015903, -0.004680945537984371, 0.017612935975193977, -0.0013843753840774298, 0.025147952139377594, 0.027677468955516815, -0.0013835389399901032, 0.01816166751086712, 0.012875108979642391, 0.007247267756611109, -0.0035299481824040413, 0.030461277812719345, 0.0008172415546141565, -0.008926920592784882, 0.03134460002183914, 0.004697674885392189, 0.009281588718295097, 0.02663354203104973, 0.038170281797647476, 0.011262374930083752, -0.015056651085615158, -0.01988816261291504, -0.024037105962634087, -0.005517425946891308, 0.009234745986759663, 0.014896046370267868, -0.013524218462407589, 0.035868287086486816, -0.008404957130551338, 0.014869279228150845, 0.012172465212643147, -0.003784238127991557, 0.03693898394703865, 0.0012681045336648822, -0.0011752552818506956, -0.027463329955935478, -0.013370306231081486, 0.01726496033370495, -0.023434840142726898, 0.011202148161828518, 0.00841164868324995, 0.011543432250618935, 0.03088955581188202, 0.0024893663357943296, -0.015230638906359673, 0.023849735036492348, -0.01689021661877632, 0.022631818428635597, 0.011985094286501408, -0.01751924864947796, -0.0019858048763126135, -0.021628042683005333, -0.026432786136865616, -0.003424551570788026, -0.04044551029801369, -0.012841650284826756, -0.005079110153019428, 0.02538885921239853, 0.012145698070526123, -0.01569906808435917, 0.025750217959284782, 0.032120853662490845, 0.012152389623224735, -0.016127346083521843, -0.015016499906778336, 0.0044065797701478004, 0.022310610860586166, 0.007354337256401777, -0.020249521359801292, 0.0013626269064843655, 0.010640033520758152, 0.005574306473135948, -0.0020142453722655773, 0.012667662464082241, 0.020865172147750854, -0.005691413767635822, -0.005410356447100639, -0.009703175164759159, 0.015511696226894855, 0.05862056091427803, -0.014106408692896366, -0.01730510964989662, 0.0002432067267363891, 0.006273604463785887, 0.022979794070124626, -0.02437169849872589, -0.010907706804573536, 0.0035600613337010145, 0.008338038809597492, -0.001161871594376862, -0.014855895191431046, 0.03875916451215744, 0.006765455007553101, -0.010820712894201279, -0.0006327975424937904, -0.012339761480689049, -0.030273905023932457, 0.007468098774552345, -0.013972572050988674, -0.02241767942905426, -0.01264758687466383, 0.011295833624899387, -0.003141821129247546, -0.010646725073456764, -0.030434509739279747, -0.01781369000673294, -0.0010054496815428138, 0.03171934559941292, 0.01627456583082676, -0.014922813512384892, 0.0044099255464971066, -0.0024107370991259813, 0.023448223248124123, -0.03139813616871834, -0.013664746657013893, 0.005179487634450197, 0.0039314585737884045, -0.0007908924017101526, 0.01277473196387291, -0.021159613505005836, -0.00015286682173609734, 0.012065395712852478, 0.01643517054617405, 0.027128739282488823, -0.03782230615615845, -0.010767178609967232, -0.04009753465652466, -0.010198371484875679, -6.833000952610746e-05, -0.002842361107468605, 0.033111248165369034, 0.018308887258172035, -0.0006859140703454614, 0.011904791928827763, -0.005848672240972519, 0.014213478192687035, -0.016395019367337227, 0.00029778710450045764, 0.008291196078062057, 0.014400850050151348, -0.0003971191472373903, -0.023327771574258804, 0.02856079302728176, 0.042961642146110535, 0.006852448917925358, 0.014601605013012886, 0.019754325971007347, 0.043282851576805115, 0.02129345014691353, 0.011891407892107964, 0.010927782393991947, 0.009535878896713257, 0.004389849957078695, -0.018402572721242905, -0.009368582628667355, 0.03616273030638695, -0.0004021380445919931, -0.01903160661458969, -0.011657193303108215, -0.0038310810923576355, 0.0037106277886778116, 0.018308887258172035, -0.0064609763212502, -0.0032923875842243433, -0.019874779507517815, -0.01739879697561264, -0.016649309545755386, -0.009361891075968742, -0.02334115467965603, -0.014347314834594727, -0.009475652128458023, -0.007601935416460037, -0.028641095384955406, -0.02826635167002678, 0.017131121829152107, -0.020999008789658546, 0.0007670526974834502, 0.011509972624480724, -0.022685352712869644, -0.014387466013431549, 0.02571006678044796, 0.004754555877298117, 0.03846472501754761, 0.025000732392072678, 0.009174519218504429, -0.0015131933614611626, 0.009114292450249195, -0.006390711758285761, -0.03993692994117737, 0.00013843753549735993, -0.009094216860830784, -0.0014755517477169633, 0.028694629669189453, 0.01912529207766056, 0.010425894521176815, -0.009181210771203041, 0.02906937338411808, 0.005343438126146793, -0.0019021568587049842, 0.02987239509820938, -0.0010347265051677823, 0.017626319080591202, -0.005326708313077688, -0.0011576891411095858, 0.005299941170960665, 0.0020376667380332947, -0.020008616149425507, 0.007990062236785889, -0.005534155759960413, -0.009535878896713257, -0.006584775168448687, 0.006280296482145786, 0.03217438980937004, 0.01387888565659523, -0.008251044899225235, -0.012145698070526123, 0.02126668207347393, -0.001230462919920683, -0.024010339751839638, 0.02324746921658516, -0.0007026437087915838, 0.009241437539458275, 0.027235807850956917, 0.028212817385792732, 0.02366236224770546, 0.000864084460772574, -0.004282780457288027, -0.010994700714945793, -0.019392965361475945, 0.04959995299577713, 0.0042593590915203094, -0.01059988234192133, 0.009743326343595982, 0.0077357725240290165, -0.009529187344014645, -0.01979447714984417, 0.02308686450123787, 0.004480190109461546, 0.009174519218504429, 0.02679414674639702, 0.0018653516890481114, -0.020396742969751358, -0.0035567155573517084, 0.005624495446681976, 0.0054471613839268684, -0.03265620395541191, 0.010914398357272148, -0.00014941634435672313, 0.0007193732890300453, 0.0030029653571546078, -0.014922813512384892, -0.026820912957191467, -0.027048436924815178, -0.021547740325331688, -0.005470583215355873, 0.019392965361475945, 0.021802030503749847, -0.006531240418553352, 0.013443916104733944, -0.0032555824145674706, -0.02059749886393547, 0.003503180807456374, -0.03105015866458416, -0.028801700100302696, 0.004396541975438595, 0.016702843829989433, -0.020102301612496376, 0.025000732392072678, -0.002032647840678692, 0.038652095943689346, 0.005828596651554108, -0.004092062823474407, 0.009756709448993206, -0.017666470259428024, -0.006193302106112242, -0.01992831379175186, -0.0023137053940445185, 0.01552507933229208, 0.02318054996430874, 0.015966741368174553, 0.008317963220179081, -0.013403764925897121, 0.014548070728778839, -0.02273888885974884, 0.012199233286082745, -0.020490428432822227, -0.062314458191394806, -0.011603659018874168, 0.0319870188832283, -0.01608719490468502, -0.008873386308550835, -0.039508651942014694, -0.0014295453438535333, -0.012714505195617676, -0.01528417319059372, 0.01528417319059372, 0.0023137053940445185, 0.007494865916669369, -0.005410356447100639, 0.005162758287042379, -0.01576598547399044, -0.006377328187227249, -0.00011606168118305504, -0.0026131654158234596, -0.014748825691640377, 0.00555757712572813, 0.031183997169137, -0.0036102503072470427, 0.038036447018384933, 0.035547077655792236, -0.008926920592784882, -0.028801700100302696, 0.009676407091319561, -0.019740942865610123, -0.010773870162665844, -0.012955411337316036, -0.011717420071363449, -0.01871039718389511, -0.03926774486899376, -0.022457830607891083, -0.015538463369011879, -0.021761879324913025, 0.017626319080591202, -0.014119792729616165, -0.006012622267007828, -0.030327441170811653, -0.03889300301671028, 0.01864347979426384, -0.017786923795938492, 0.030916322022676468, 0.016515472903847694, 0.019165443256497383, -0.006852448917925358, -0.007963295094668865, -0.01239329669624567, 0.020811637863516808, 0.02497396431863308, 0.0011677269358187914, 0.024264629930257797, 0.02794514410197735, 0.009555954486131668, -0.04269396886229515, 0.004798052832484245, -0.03303094580769539, -0.022404296323657036, -0.021668193861842155, 0.020102301612496376, 0.034396082162857056, -0.0036805146373808384, -0.018750548362731934, 0.013450607657432556, -0.024264629930257797, -0.007166965864598751, 0.00181683583650738, -0.002880839165300131, -0.00991062168031931, -0.024599220603704453, -0.030621880665421486, 0.004232591949403286, -0.013156166300177574, 0.049171674996614456, 0.0037474329583346844, 0.017412180081009865, 0.009395349770784378, 0.001999188680201769, 0.007200425025075674, 0.02612496167421341, 0.010144836269319057, -0.012707812711596489, -0.0030213678255677223, -0.0065345861949026585, -0.009060758166015148, 0.01599350944161415, -0.0018553138943389058, -0.014507919549942017, -0.013704897835850716, 0.037206657230854034, -0.02113284543156624, 0.010854172520339489, 0.024987347424030304, 0.01071364339441061, -0.011871332302689552, 0.015966741368174553, -0.01059988234192133, -0.002122987760230899, -0.017947526648640633, -0.01861671172082424, 0.0024006993044167757, 0.002569668460637331, 0.009187903255224228, -0.005129299126565456, -0.008739549666643143, -0.015110185369849205, -0.012573976069688797, -0.005055688787251711, 0.012098855338990688, -0.0435505248606205, 0.0020042075775563717, -0.030166836455464363, -0.006721958052366972, 0.020236138254404068, -0.0024625989608466625, -0.012654278427362442, 0.028480490669608116, 0.03450315073132515, -0.013203009963035583, -0.016047043725848198, 0.01829550415277481, -0.01691698282957077, -0.027383029460906982, -0.0059590875171124935, 0.013919036835432053, -0.014976348727941513, 0.01861671172082424, 0.004614026751369238, -0.020062150433659554, -0.022123238071799278, 0.019098524004220963, -0.020985625684261322, -0.016836680471897125, 0.01861671172082424, 0.00555757712572813, 0.013310079462826252, 0.03171934559941292, -0.020155835896730423, -0.01223269198089838, 0.04317578300833702, 0.003024713834747672, -0.0002000234235310927, -0.014066257514059544, -0.0017365337116643786, -0.013095940463244915, 0.0015182122588157654, 0.034235477447509766, -0.007688929792493582, -0.033084481954574585, -0.016060426831245422, -0.008304579183459282, 0.012353145517408848, 0.001003776676952839, -0.011302526108920574, -0.033084481954574585, -0.008686014451086521, -0.018884385004639626, -0.013838734477758408, -0.004028490744531155, -0.0053400918841362, 0.005982509348541498, 0.006042735651135445, 0.022912876680493355, 0.009368582628667355, -0.02794514410197735, -0.013029022142291069, -0.005299941170960665, -0.023715898394584656, -0.02587067149579525, -0.015244022011756897, 0.00490177609026432, 0.051794879138469696, 0.009903930127620697, -0.0037474329583346844, -0.012962102890014648, -0.02324746921658516, -0.04628079757094383, 0.015551847405731678, 0.00428612669929862, 0.0061063081957399845, 0.01173749566078186, 0.03787584230303764, 0.0030414434149861336, 0.009743326343595982, 0.0031368022318929434, 0.02637925185263157, -0.029631488025188446, 0.0018904461758211255, 0.00612303800880909, 0.0033442494459450245, 0.03313801437616348, 0.0051661040633916855, -0.03469052165746689, -0.01428039651364088, -0.009060758166015148, -0.0005458035739138722, 0.027356261387467384, -0.0014387465780600905, -0.0017750117694959044, -0.033271852880716324, -0.008819851092994213, -0.015177103690803051, -0.010907706804573536, -0.00029925093986094, 0.0032221232540905476, -0.02807898074388504, -0.0229664109647274, 0.009883854538202286, 0.018282119184732437, 0.002997946459800005, -0.0010355629492551088, 0.012721196748316288, -0.009482343681156635, 0.02939058281481266, -0.00894030462950468, 0.0015926590422168374, -0.009448884986341, -0.006758762989193201, 0.02552269585430622, -0.025509312748908997, 0.024759825319051743, 0.05291910842061043, -0.032254692167043686, 0.02248459868133068, -0.00521963881328702, 0.016461938619613647, -0.026847681030631065, -0.02097224071621895, -0.0034078219905495644, -0.014200094155967236, 0.007220500614494085, -0.007401180453598499, -0.008893461897969246, -0.023715898394584656, -0.017465714365243912, -0.012052012607455254, -0.007166965864598751, -0.010399126447737217, 0.0030163489282131195, -0.018148282542824745, -0.016073811799287796, -0.003424551570788026, -0.011054927483201027, 0.012045320123434067, -0.002544573973864317, -0.02488027885556221, -0.00877969991415739, -0.010151528753340244, -0.005407010670751333, -0.002537882188335061, 0.0017432254971936345, -0.021574506536126137, 0.009281588718295097, 0.009649639949202538, 0.02008891850709915, 0.002293629804626107, 0.20942796766757965, 0.003359306138008833, -0.005002154037356377, 0.025910822674632072, -0.029149675741791725, 0.006752071436494589, 0.012172465212643147, -0.0012530479580163956, -0.028480490669608116, 0.030247138813138008, -0.017157889902591705, 0.023193933069705963, -0.003871232271194458, -0.007789307273924351, -0.006477705668658018, 0.028212817385792732, -0.03511879965662956, -0.031103694811463356, -0.0067621092312037945, -0.016555624082684517, 0.02676737867295742, -0.0012463560560718179, -0.01569906808435917, -0.02609819360077381, 0.009729942306876183, -0.02437169849872589, 0.007990062236785889, 0.03675161302089691, 0.010097993537783623, 0.015096801333129406, -0.00726734334602952, -0.014882662333548069, 0.0065145110711455345, -0.013069172389805317, -0.02347499132156372, -0.005691413767635822, 0.009020606987178326, 0.006738687865436077, 0.012962102890014648, 0.03105015866458416, -0.00599589291960001, -0.011282450519502163, 0.012654278427362442, 0.000665838539134711, -0.0028273044154047966, 0.012962102890014648, -0.0007239739643409848, 0.006276950240135193, 0.022725503891706467, 0.03086278773844242, -0.01668946072459221, 0.020704567432403564, 0.010104685090482235, -0.007829458452761173, -0.0018419302068650723, -0.002959468401968479, 0.017853841185569763, -0.02888200245797634, -0.0072271921671926975, -0.013243161141872406, 0.007320878095924854, 0.023742664605379105, 0.008083748631179333, 0.017987677827477455, -0.02890876866877079, -0.008324654772877693, -0.004593951627612114, 0.0013709916966035962, 0.021855564787983894, -0.028801700100302696, 0.0071602738462388515, 0.00841164868324995, -0.013972572050988674, 0.02757040038704872, 0.006340522784739733, -0.028935536742210388, -0.0036504012532532215, 0.022819191217422485, 0.0031702613923698664, 0.025054266676306725, -0.03723342344164848, -0.02858756110072136, 0.01595335826277733, -0.012045320123434067, -0.044085871428251266, -0.00593232037499547, 0.015846287831664085, 0.005634533241391182, 0.0013693186920136213, -0.01351083442568779, -0.006394057534635067, 0.004138906020671129, 0.0007825276115909219, -0.0063204471953213215, -0.00636394415050745, -0.007367720827460289, 0.0016712882788851857, -0.006544623989611864, -0.016261182725429535, -0.009355198591947556, -0.03337892144918442, 0.04649493843317032, 0.030595114454627037, -0.008351421914994717, -0.013664746657013893, -0.024706291034817696, -0.005192871671169996, 0.024920430034399033, -0.016421787440776825, 0.006270258687436581, 0.007059896364808083, -0.02315378189086914, -0.011295833624899387, 0.00026788291870616376, 0.014320547692477703, 0.023327771574258804, 0.00726734334602952, -0.003871232271194458, -0.018589945510029793, -0.02331438660621643, 0.01162373460829258, -0.04512980207800865, -0.031103694811463356, 0.004118830431252718, -0.008967071771621704, -0.016609158366918564, -0.017934143543243408, 0.009381966665387154, 0.011402903124690056, -0.0168232973664999, 0.007829458452761173, -0.005795137491077185, 0.005075764376670122, -0.034074872732162476, -0.0007536690100096166, 0.000855301390402019, 0.023394688963890076, -0.029149675741791725, -0.017853841185569763, -0.0027403105050325394, 0.012875108979642391, -0.006240145303308964, 0.037046052515506744, -0.02471967414021492, 0.006497781258076429, -0.04253336414694786, -0.005266482010483742, -0.00581186730414629, 0.0050289211794734, -0.012453523464500904, -0.00024341585231013596, -0.023046713322401047, -0.0003304098208900541, 0.01573921926319599, -0.010907706804573536, -0.0042258999310433865, -0.005386935081332922, -0.04352375864982605, -0.014548070728778839, -0.01146312989294529, -0.010486120358109474, 0.021373752504587173, 0.019807860255241394, 0.006066157482564449, -0.046709075570106506, -0.018027829006314278, -0.1676708608865738, 0.025054266676306725, 0.038518257439136505, -0.04860955849289894, 0.005239714402705431, 0.015658916905522346, 0.013617903925478458, 0.0027369644958525896, -0.026499705389142036, -0.00406864145770669, 0.031933482736349106, -0.017706621438264847, -0.01714450679719448, -0.024639371782541275, 0.003513218369334936, 0.004747863858938217, 0.0032572555355727673, -0.004252667538821697, 0.051794879138469696, 0.016488704830408096, 0.03297740966081619, -0.028293119743466377, -0.0011484879069030285, -0.019714174792170525, -0.00013007273082621396, 0.021440669894218445, -0.004808090627193451, -0.005206255242228508, -0.028293119743466377, -0.02225707471370697, 0.0003437935374677181, 0.004694329109042883, 0.008806467987596989, -0.0032020476646721363, 0.020610881969332695, 0.004098754841834307, 0.0017532632919028401, -0.006859140936285257, 0.01208547130227089, 0.01624779962003231, 0.00038164426223374903, 0.043256085366010666, -0.009669715538620949, 0.01960710436105728, 0.05117923021316528, 0.005042305216193199, 0.0037742003332823515, -0.014507919549942017, -0.00866593886166811, -0.027838073670864105, 0.029952697455883026, -0.01986139453947544, 0.0035299481824040413, 0.0007277381373569369, -0.003023040946573019, -0.00047093856846913695, 0.02506764978170395, 0.03171934559941292, -0.03953541815280914, -0.013189625926315784, 0.020262906327843666, -0.032923877239227295, 0.021480821073055267, 0.012654278427362442, -0.02235076203942299, 0.007675545755773783, -0.012152389623224735, -0.012480290606617928, -0.04440708085894585, -0.0062200697138905525, -0.01583290472626686, -0.00574160274118185, 0.02283257432281971, 0.009315047413110733, 0.016421787440776825, 0.008324654772877693, -0.014614989049732685, 0.02107931114733219, 0.0009903929894790053, 0.021895715966820717, -0.023742664605379105, 0.0048181284219026566, -0.018763933330774307, 0.031183997169137, 0.001903829863294959, 0.021855564787983894, 0.007039820775389671, 0.008351421914994717, 0.009796860627830029, -0.010793945752084255, -0.01650208979845047, -0.016582392156124115, -0.038330886512994766, -0.0005734074511565268, -0.0056412252597510815, 0.01285503339022398, 0.018241968005895615, 0.014909430406987667, 0.016716228798031807, -6.498408765764907e-05, 0.0005445488495752215, -0.02071795053780079, -0.05072418227791786, -0.0100712263956666, 0.047351494431495667, 0.0016562315868213773, 0.024612605571746826, -0.008773008361458778, 0.03252236545085907, 0.008090440183877945, -0.03795614466071129, 0.024411849677562714, 0.002370585920289159, 0.04537070542573929, -0.01825535297393799, 0.04256013408303261, -0.019406350329518318, 0.005647916812449694, -0.0044065797701478004, 0.03434254601597786, 0.018790699541568756, -0.002845706883817911, -0.02554946392774582, 0.0007846187800168991, -0.014159943908452988, -0.005497350357472897, -0.08635156601667404, -0.023260852321982384, 0.013597828336060047, 0.03527940437197685, -0.048529259860515594, -0.0114832054823637, 0.0035266021732240915, 0.04071318358182907, -0.011971710249781609, 0.009837011806666851, -0.02842695638537407, -0.037046052515506744, 0.004751209635287523, 7.455133163603023e-05, -0.004135560244321823, 0.0008757952018640935, -0.02315378189086914, -0.008090440183877945, -0.01797429472208023, 0.032575901597738266, -0.0025797062553465366, -0.02427801303565502, -0.0036972442176193, -0.0028858580626547337, -0.012092163786292076, -0.007856225594878197, -0.023327771574258804, 0.00857225339859724, -0.0034697214141488075, -0.022216925397515297, -0.008592328988015652, 0.00978347659111023, 0.00459729740396142, -0.005407010670751333, -0.00012505384802352637, 0.002879166277125478, -0.012942027300596237, 0.0003398202534299344, 0.051339831203222275, -0.01362459547817707, 0.015551847405731678, 0.018884385004639626, 0.014708674512803555, -0.02257828414440155, -0.000773744541220367, -0.004603988956660032, -0.013544294051826, 0.024706291034817696, -0.0011342676589265466, -0.0025044227950274944, -0.029685022309422493, 0.007842842489480972, -0.0213603675365448, -0.012433447875082493, 0.03351275995373726, -0.004754555877298117, 0.0394015833735466, 0.01668946072459221, -0.015163720585405827, 0.03383396565914154, 0.004664215724915266, -0.01175087969750166, 0.011724111624062061, 0.03147843852639198, 0.001269777538254857, 0.009241437539458275, -0.006437554489821196, -0.0075885518454015255, -0.00916113518178463, 0.0035199103876948357, -0.010880939662456512, -0.018683630973100662, -0.023702513426542282, -0.013932420872151852, -0.011182072572410107, 0.03626979887485504, 0.019165443256497383, 0.0018620057962834835, 0.008592328988015652, -0.023582061752676964, -0.006062811240553856, -0.024518918246030807, -0.0025311901699751616, -0.014722058549523354, 0.022471213713288307, 0.010880939662456512, 0.008451799862086773, 0.012768039479851723, -0.000508161960169673, -0.05369536206126213, -0.009750017896294594, 0.01223269198089838, -0.013463991694152355, -0.027128739282488823, -0.0010355629492551088, 0.031772878021001816, -0.008786392398178577, 0.03348599001765251, -0.004764593672007322, -0.018924536183476448, 0.002213327679783106, -0.005664646625518799, -0.041890949010849, 0.017827074974775314, 0.022083086892962456, 0.0049185059033334255, -0.014481152407824993, 0.010847480036318302, 0.00813728291541338, -0.024585837498307228, -0.0026717190630733967, 0.03434254601597786, -0.008311270736157894, 0.002663354156538844, -0.008679322898387909, 0.0021999438758939505, 0.0005918100359849632, -0.013698206283152103, 0.010124760679900646, 0.007240576203912497, -0.0077023133635520935, 0.017505865544080734, -0.012192540802061558, -0.0010029402328655124, -0.009629564359784126, 0.00178504956420511, -0.029979463666677475, -0.011556816287338734, -0.007053204346448183, 0.02158789150416851, -0.0009218016057275236, -0.025924205780029297, 0.02465275675058365, -0.003459683619439602, -0.007354337256401777, -0.000984537648037076, -0.0024391773622483015, -0.02193586714565754, 0.02674061246216297, 0.006604850757867098, 0.006149805150926113, 0.009582721628248692, -0.031291067600250244, -0.018656862899661064, 0.004403233993798494, -0.022056320682168007, 0.0073877964168787, 0.019272513687610626, -0.020637650042772293, -0.008846619166433811, 0.009984232485294342, -7.732217636657879e-05, 0.012995562516152859, 0.006872524507343769, -0.0071268146857619286, -0.02257828414440155, -0.034904662519693375, -0.02449215203523636, -0.0017800306668505073, 0.03319155052304268, -0.011837873607873917, 0.011650501750409603, 0.05436454713344574, -0.009368582628667355, 0.027998678386211395, -0.023702513426542282, 0.019754325971007347, -0.0063672903925180435, -0.04716412350535393, 0.011871332302689552, 0.023046713322401047, -0.035225871950387955, -0.030755719169974327, -0.014614989049732685, 0.0016721247229725122, 0.0250408835709095, 0.00968979112803936, -0.007581860292702913, -0.005517425946891308, 0.027048436924815178, -0.008926920592784882, 0.012594051659107208, 0.010372359305620193, -0.00689929211512208, -0.01378520019352436, -0.011342676356434822, 0.01838918961584568, 0.029444117099046707, 0.022404296323657036, 0.04039197415113449, 0.025255022570490837, -0.000754505512304604, -0.06456291675567627, 0.019392965361475945, 0.0040117609314620495, -0.0007051531574688852, 0.008471875451505184, -0.0047043669037520885, -0.03378043323755264, 0.020423511043190956, 0.028212817385792732, 0.007200425025075674, 0.028774932026863098, 0.004108792636543512, -0.005296594928950071, -0.036350101232528687, -0.013116016052663326, 0.011851256713271141, -0.049653489142656326, -0.017479099333286285, -0.012654278427362442, 0.012286227196455002, -0.023394688963890076, 0.011275758035480976, -0.032281458377838135, 0.01845610700547695, -0.010031075216829777, 0.007775923702865839, 0.018496258184313774, -0.011489897035062313, -0.029096141457557678, 0.030996624380350113, -0.0049854242242872715, -0.0034295704681426287, -0.010171604342758656, -0.03003299981355667, 0.04668230935931206, 0.028319887816905975, -0.013390380889177322, -0.01896468736231327, 0.03926774486899376, -0.004992116242647171, 0.0435505248606205, -0.0015148663660511374, -0.006859140936285257, -0.01928589679300785, -0.004921851679682732, -0.004630756564438343, -0.006159842945635319, 0.019660640507936478, -0.0006156497402116656, 0.0656871497631073, 0.010084610432386398, -0.009622872807085514, -0.011315909214317799, -0.006591467186808586, -0.003061519004404545, 0.02407725714147091, -0.0020761447958648205, -0.0011878024088218808, -0.01772000454366207, 0.014722058549523354, 0.006076194811612368, -0.00941542536020279, -0.002909279428422451, -0.00828450359404087, 0.002383969724178314, -0.0006612379220314324, 0.014896046370267868, -0.004791360814124346, -0.013189625926315784, 0.014909430406987667, 0.008304579183459282, 0.025161337107419968, -0.013356922194361687, -0.003516564378514886, -0.0039783017709851265, 0.016448553651571274, -0.01100139319896698, -0.028319887816905975, -0.017693238332867622, 0.01528417319059372, -0.012373221106827259, -0.018790699541568756, -0.010365667752921581, -0.01519048772752285, 0.0007461406639777124, -0.005795137491077185, -0.0019891508854925632, 0.004677599295973778, 0.012868417426943779, 0.008967071771621704, -0.010419202037155628, -0.02874816581606865, -0.022497981786727905, -0.0043396614491939545, 0.00855217780917883, -0.013865502551198006, -0.010753794573247433, -0.042961642146110535]","[-0.001981369685381651, 0.008297904394567013, -0.002832395024597645, -0.038810670375823975, -0.03358364477753639, 0.019627485424280167, -0.011911086738109589, -0.020908106118440628, -0.030264483764767647, -0.00962426234036684, 0.011767343617975712, 0.011009424924850464, -0.01700090430676937, -0.02230633608996868, -0.006497847381979227, 0.020097916945815086, -0.0031966534443199635, -0.0017151180654764175, 0.02840888872742653, 0.018203120678663254, -0.009251836687326431, -0.009565458633005619, 0.0024648697581142187, -0.017615079879760742, -0.00805615447461605, 0.005070215556770563, 0.01677875593304634, -0.019679754972457886, -0.0154850659891963, -0.014086836017668247, 0.017615079879760742, 0.0009367811726406217, -0.023234132677316666, -0.025351079180836678, -0.023534687235951424, -0.010421384125947952, -0.026448754593729973, -0.013368120416998863, 0.016648080199956894, -0.0007158576045185328, 0.023600025102496147, 0.00942824874073267, 0.016033904626965523, 0.01636059209704399, 0.0014480496756732464, 0.016648080199956894, 0.027598699554800987, -0.011231573298573494, -0.013564134016633034, 0.03227688744664192, -0.003088845871388912, 0.00838937796652317, -0.01153866108506918, -0.013864687643945217, 0.0152759850025177, 0.008036552928388119, 0.012472991831600666, -0.0033452969510108232, 0.0005476127262227237, -0.02843502350151539, -0.013629471883177757, -0.019013307988643646, -0.015027700923383236, 0.006991147994995117, -0.024070456624031067, 0.0011915987124666572, 0.007004215382039547, 0.013825485482811928, 0.005403438583016396, 0.01866048388183117, 0.031179213896393776, 0.007526918314397335, -0.011603998951613903, 0.024096591398119926, 0.0016775488620623946, -0.02699759230017662, -0.0402742400765419, -0.007990816608071327, 0.001171180629171431, 0.004710857756435871, 0.007526918314397335, -0.02840888872742653, 0.03441996872425079, 0.005311965476721525, 0.028696374967694283, 0.00862459372729063, -0.023482415825128555, -0.0003767134330701083, 0.005668056663125753, 0.006422708742320538, 0.007566120941191912, 0.012486059218645096, -0.00754651939496398, -0.002427300438284874, 0.012205107137560844, 0.02038540318608284, -0.01016656681895256, 0.037922076880931854, -0.014792485162615776, -0.009016620926558971, -0.004596516489982605, -0.005259695462882519, -0.015210647135972977, -0.012381519190967083, -0.006527249235659838, -0.021626822650432587, -0.0015501400921493769, -0.020921174436807632, 0.0023096923250705004, 0.01015349943190813, -0.024475552141666412, 0.017157714813947678, 0.01988883502781391, -0.01907864585518837, 0.02386137656867504, -0.006465178448706865, 0.00032035954063758254, 0.002512239618226886, 0.001953601138666272, -0.02674930728971958, -0.0039006685838103294, 0.032172348350286484, 0.023064253851771355, -0.006396573502570391, 0.028252078220248222, 0.008337107487022877, -0.03491653874516487, 0.004625918343663216, -0.003327328944578767, 0.006991147994995117, 0.025168132036924362, 0.014060701243579388, -0.006396573502570391, -0.0038679996505379677, -0.010545525699853897, 0.0036229826509952545, -0.004119550343602896, 0.05922221019864082, 0.0030349423177540302, -0.03758231922984123, 0.04179007560014725, 0.009950951673090458, -0.021835902705788612, -0.0027066196780651808, -0.015824822708964348, 0.013877755030989647, 0.006445576902478933, 0.006037215702235699, -0.012009093537926674, 0.0003430236247368157, 0.013603336177766323, 0.0053021651692688465, -0.0025187733117491007, 0.007539985701441765, 0.015432795509696007, -0.014622606337070465, -0.002410965971648693, 0.0061711580492556095, 0.0022198527585715055, -0.01095715444535017, 0.0008747102110646665, 0.012133235111832619, 0.01877809315919876, 0.0135379983112216, 0.010277641005814075, 0.015367457643151283, 0.03886294364929199, -0.03232916072010994, -0.0014529500622302294, -0.020280862227082253, -0.009937884286046028, -0.00011811855074483901, -0.00805615447461605, 0.022267132997512817, 0.02122172713279724, 0.009166897274553776, 0.0041522192768752575, -0.011800012551248074, 0.0004945257096551359, -0.023207997903227806, 0.0033403965644538403, 0.0033224287908524275, 0.023926714435219765, 0.0027033528313040733, -0.005935941822826862, 0.02105185016989708, -0.005844469182193279, 0.0017624880420044065, -0.0021349135786294937, -0.017013970762491226, 0.017902566120028496, 0.010356046259403229, -0.007722931448370218, -0.021378537639975548, -0.639788031578064, -0.00963732972741127, -0.0270759966224432, -0.014400457963347435, 0.002948369598016143, 0.028931591659784317, 0.033426836133003235, 0.006037215702235699, -0.02230633608996868, 0.001403129892423749, -0.0003824305022135377, 0.00034751559724099934, 0.025873782113194466, -0.0159685667604208, -0.030473563820123672, -0.02179669961333275, 0.002946736291050911, -0.010885282419621944, 0.009977086447179317, 0.015850957483053207, -0.01744520105421543, 0.021391605958342552, -0.02966337464749813, 0.006628523115068674, -0.013590268790721893, -0.004619384650141001, 0.019039444625377655, -0.023456281051039696, -0.014727147296071053, 0.025011321529746056, 0.0030823121778666973, 0.030473563820123672, 0.014910093508660793, -0.018738890066742897, 0.01372094452381134, -0.0026510825846344233, -0.009905215352773666, 0.016530470922589302, 0.006599120795726776, 0.032773457467556, -0.014622606337070465, -0.010878749191761017, 0.014243647456169128, -0.014727147296071053, 0.0019830032251775265, 0.02166602574288845, 0.016203781589865685, 0.02371763251721859, 0.0018931636586785316, -0.026788510382175446, -0.006118888035416603, -0.03015994280576706, 0.014583404175937176, 0.0013900623889639974, -0.006403107661753893, -0.005635387729853392, 0.02174443006515503, -0.0030823121778666973, -0.0038581988774240017, 0.021130254492163658, -0.005592918489128351, 0.032146211713552475, -0.04505696892738342, -0.0029222345910966396, -0.027258943766355515, -0.004619384650141001, -0.00393007043749094, -0.0056811245158314705, 0.00955239124596119, 0.0035739794839173555, -0.02544255182147026, 0.01658274233341217, -0.01198295783251524, 0.007383174728602171, 0.004717391449958086, 0.02455395646393299, 0.024593159556388855, -0.008016952313482761, -0.019313862547278404, 0.021365471184253693, 0.00196503521874547, -0.0033436634112149477, -0.0071806274354457855, -0.013309315778315067, 0.01952294446527958, 0.025481754913926125, -0.02465849742293358, -0.012061364017426968, -0.00842858012765646, -0.006334502715617418, 0.025573227554559708, 0.021822836250066757, -0.013472660444676876, -0.00033648984390310943, -0.0222148634493351, 0.03797434642910957, -0.026396483182907104, -0.003560911864042282, -0.0049101379700005054, 0.00937597919255495, -0.02657943032681942, -0.01198295783251524, 0.0022704896982759237, 0.015432795509696007, 0.04280934855341911, 0.012218174524605274, -0.0009384145960211754, 0.004188154824078083, 0.005837935023009777, -0.01110743172466755, 0.02171829529106617, -0.008049621246755123, 0.006455377675592899, 0.004197955597192049, -0.008304438553750515, -0.033505238592624664, 0.015785619616508484, -0.005900006275624037, -0.011878417804837227, -0.0274941585958004, 0.03849704936146736, 0.003952938597649336, -0.004857867956161499, -0.01505383662879467, -0.011453721672296524, 0.003871266497299075, 0.02130013331770897, -0.03402794152498245, -0.008559255860745907, -0.005207424983382225, 0.0037536583840847015, -0.012812748551368713, 0.030708780512213707, -0.01019270159304142, 0.012231241911649704, -0.006703661289066076, 0.01372094452381134, -0.022737564519047737, 0.019588282331824303, -0.01952294446527958, -0.0070695532485842705, 0.00978760700672865, 0.0021496147383004427, -0.030447429046034813, 0.001413747319020331, -0.05132940039038658, 0.019705889746546745, -0.0002932035131379962, 0.0015574905555695295, 0.0005312782595865428, 0.022123388946056366, -0.013132903724908829, -0.005543915089219809, 0.020202457904815674, 0.01741906628012657, 0.000887777772732079, -0.017850294709205627, -0.017641214653849602, -0.0056909252889454365, -0.0127082085236907, 0.01779802516102791, 0.028670240193605423, -0.01741906628012657, 0.026866916567087173, 0.004276360850781202, -0.00387780019082129, 0.010258039459586143, 0.014230580069124699, -0.027311213314533234, -0.03021221235394478, -0.0008632760727778077, 0.032590508460998535, 0.001780455932021141, 0.008291371166706085, -0.019732024520635605, 0.0007938546477816999, 0.006278965622186661, 0.009447850286960602, 0.006814735941588879, -0.03225075453519821, 0.0049134050495922565, 0.021757498383522034, -0.00787320826202631, -0.007193695288151503, 0.02618740312755108, 0.009519722312688828, 0.03010767325758934, 0.006723262835294008, 0.009336776100099087, 0.002118579111993313, 0.004083614330738783, 0.028278212994337082, -0.006984614301472902, 0.018098579719662666, -0.010297242552042007, 0.02571696974337101, 0.019366133958101273, -0.008663796819746494, 0.0047925300896167755, 0.02297278121113777, 0.04087534546852112, -0.007141424808651209, 0.01172160729765892, -0.040483321994543076, 0.009062357246875763, -0.014139106497168541, 0.015877092257142067, -0.011767343617975712, 0.02018938958644867, 0.02968951128423214, 0.014910093508660793, -0.009493586607277393, 0.006278965622186661, -0.017236119136214256, 0.013956161215901375, 0.007696796674281359, 0.0005235193530097604, 0.0016791822854429483, -0.011989491991698742, -0.013198241591453552, -0.0043907021172344685, -0.010081627406179905, 0.03687667101621628, 0.010120830498635769, 0.0025383748579770327, 0.03060423955321312, 0.019013307988643646, 0.014426592737436295, 0.0029009997379034758, -0.008676864206790924, -0.01077420823276043, -0.004518111236393452, 0.011924154125154018, 0.027154402807354927, 0.02230633608996868, 0.029846321791410446, 0.015576538629829884, -0.026226606220006943, 0.029584970325231552, 0.008030019700527191, 0.008226033300161362, 0.0021659492049366236, 0.029898591339588165, -0.005687658209353685, -0.009467451833188534, 0.026278875768184662, 0.030395159497857094, -0.00876180361956358, -0.040509454905986786, -0.006991147994995117, -0.010643532499670982, -0.018595146015286446, -0.020738227292895317, 0.021875105798244476, 0.02744188904762268, 0.017236119136214256, -0.004054212477058172, 0.011800012551248074, 0.018712755292654037, 0.007951614446938038, 0.0025824778713285923, 0.012296579778194427, -0.011127032339572906, 0.0010225370060652494, -0.010813411325216293, -0.003508641617372632, 0.005452441982924938, -0.03316548466682434, -0.00381246255710721, -0.028095267713069916, 0.011394917964935303, -0.004946073982864618, -0.00684740487486124, -0.016347525641322136, 0.0230511873960495, 0.01824232190847397, 0.0034792395308613777, -0.01791563257575035, 0.027180537581443787, 0.007507316768169403, -0.05504059046506882, -0.03060423955321312, 0.01821618713438511, 0.02055528201162815, -0.010806877166032791, -0.008977417834103107, -0.010558593086898327, 0.026030592620372772, -0.01373401191085577, 0.013145972043275833, 0.008043087087571621, 0.011225039139389992, 0.01094408705830574, 0.0009996688459068537, -0.02702372707426548, -0.011669336818158627, 0.046285320073366165, -0.0105520598590374, -0.02149614691734314, 0.0020140386186540127, 0.017144646495580673, 0.011780411005020142, -0.03238143026828766, -0.024710766971111298, 0.053341805934906006, 0.003636050270870328, 0.013008762151002884, -0.016530470922589302, 0.01391695812344551, 0.004880736116319895, 0.02033313363790512, -0.005174756050109863, -0.0004075447213836014, -0.044926293194293976, -0.00343676982447505, 0.003240756457671523, -0.018542876467108727, 0.012858484871685505, 0.01660887710750103, -0.0076902625150978565, 0.01919625513255596, -0.011728140525519848, -0.021130254492163658, 0.000714632507879287, 0.054308805614709854, -0.007696796674281359, -0.007063019555062056, 0.007500783074647188, -0.01841220073401928, 0.0027164204511791468, -0.03235529363155365, -0.01038871519267559, 0.02877478115260601, 0.01996724121272564, 0.01922238990664482, -0.01796790398657322, 0.012564465403556824, -0.017379863187670708, 0.021561484783887863, -0.0065893204882740974, 0.011643201112747192, -0.003016974311321974, 0.016203781589865685, -0.031126942485570908, -0.008794472552835941, 0.017837228253483772, 0.0013696443056687713, 0.028879322111606598, 0.004563847556710243, 0.014335120096802711, -0.007226364221423864, 0.04280934855341911, -0.001340242219157517, -0.012139769271016121, 0.0050212121568620205, -0.017157714813947678, -0.0030725114047527313, 0.008781404234468937, -0.01633445732295513, 0.02371763251721859, 0.010251505300402641, 0.03507334738969803, 0.0017673883121460676, -0.006527249235659838, -0.018425269052386284, -0.01668728142976761, 0.0042828950099647045, -0.003841864410787821, 0.018817296251654625, -0.016373660415410995, -0.0023603292647749186, 0.03204167261719704, 0.0042600263841450214, -0.024397145956754684, 0.020071782171726227, -0.010636999271810055, 0.00020612044318113476, 0.00762492511421442, -0.004635719116777182, -0.010656599886715412, -0.011342647485435009, -0.011185836978256702, -0.01015349943190813, -0.012727809138596058, -0.004256759770214558, -0.016073105856776237, 0.011205438524484634, -0.014975431375205517, 0.019013307988643646, 0.02208418771624565, 0.009049289859831333, -0.022123388946056366, -0.008912079967558384, 0.00403461093083024, 0.008977417834103107, -0.0227767676115036, -0.03533469885587692, 0.0301338080316782, 0.039620861411094666, -0.012923822738230228, 0.03219848498702049, -0.009336776100099087, -0.0042828950099647045, 0.02282903902232647, -0.019157052040100098, -0.028983861207962036, -0.0079842833802104, -0.02660556510090828, 0.012192039750516415, 0.01838606595993042, -0.002311325864866376, 0.008807539939880371, 0.0013745445758104324, 0.0035445773974061012, 0.01700090430676937, -0.017157714813947678, 0.041816212236881256, -0.013145972043275833, -0.00684740487486124, 0.0322246178984642, 0.011414519511163235, 0.015014633536338806, -0.0150669040158391, -0.01702703908085823, 0.01833379454910755, -0.014452728442847729, -0.00012363142741378397, -0.020816633477807045, -0.009643863886594772, 0.0034269692841917276, -0.000296878773951903, 0.010604330338537693, -0.0037634591571986675, -0.007363573648035526, 0.009245303459465504, -0.012584066018462181, 0.007474647834897041, -0.0035805131774395704, -0.0018947970820590854, 0.026174334809184074, -0.003603381337597966, 0.0071806274354457855, -0.018046308308839798, -0.012466458603739738, 0.027258943766355515, -0.03468132019042969, 0.01505383662879467, 0.008533121086657047, -0.03538696840405464, 0.02610899694263935, -0.004230624530464411, -0.006033948622643948, -0.044926293194293976, 5.99780878474121e-06, -0.00696501275524497, 0.012466458603739738, 0.003567445557564497, -0.02130013331770897, 0.0019274660153314471, 0.0040966821834445, -0.00062560971127823, -0.005458975676447153, -0.03771299496293068, -0.00230152509175241, -0.006076418329030275, 0.023926714435219765, -0.0034171685110777617, 0.009127695113420486, -0.03460291400551796, -0.030316753312945366, -0.0016399795422330499, 0.007128357421606779, 0.014544201083481312, 0.025507889688014984, 0.005808533169329166, 0.0043907021172344685, -0.006390039809048176, -0.010499789379537106, -0.01944453828036785, -0.018176984041929245, -0.031179213896393776, -0.011336113326251507, 0.02438407950103283, 0.02786005102097988, 0.03154510632157326, -0.007879742421209812, -0.00013547390699386597, -0.005311965476721525, 0.005390371195971966, -0.004478908143937588, -0.0044037699699401855, -0.00048064140719361603, -0.02591298334300518, -0.009859479032456875, 0.033844996243715286, -0.001685716095380485, 0.018765024840831757, 0.02974178083240986, 0.01710544340312481, 0.03852318599820137, 0.03410634770989418, 0.010917951352894306, 0.007749066688120365, -0.04309683293104172, 0.0011621966259554029, 0.0009310640743933618, 0.005674590822309256, 0.012825815938413143, -0.00588693842291832, 0.004720658529549837, 0.002700085984542966, -0.005481843836605549, 0.02655329555273056, 0.0023815638851374388, 0.029402023181319237, -0.00997055321931839, 0.023586956784129143, -0.01771961897611618, -0.0002429750602459535, -0.0219404436647892, -0.0037111889105290174, -0.0388890765607357, 0.004067279864102602, 0.006409641355276108, 0.011042093858122826, 0.015759484842419624, -0.0070695532485842705, 0.004302496090531349, 0.010342978872358799, 0.025338010862469673, -0.00919303297996521, -0.0231949295848608, -0.021143322810530663, -0.008787938393652439, -0.028095267713069916, -0.03183259069919586, -0.024959051981568336, -0.017314525321125984, 0.022423943504691124, 0.030761050060391426, -0.008147627115249634, 0.01636059209704399, -0.03371432051062584, -0.023782970383763313, 0.026840781792998314, 0.0016906163655221462, 0.023573890328407288, 0.0023456281051039696, 0.040927618741989136, 0.04905564337968826, -0.007121823728084564, -0.022515416145324707, -0.01255139708518982, 0.004658587276935577, 0.018817296251654625, 0.016765687614679337, 0.055563293397426605, -0.005994745995849371, -0.00898395199328661, 0.002851996337994933, 0.010460587218403816, -0.008160695433616638, -0.03196326643228531, 0.0015779086388647556, 0.03151896968483925, -0.005102884490042925, 0.001891530235297978, 0.0059326752088963985, -0.001818025135435164, 0.011211971752345562, -0.0113883838057518, -0.006004546768963337, -0.006925810128450394, -0.014531133696436882, 0.01252526231110096, 0.03227688744664192, -0.025115862488746643, 0.0035707124043256044, 0.017170781269669533, -0.002448535291478038, -0.02166602574288845, -0.011159701272845268, 0.023090390488505363, -0.00674286438152194, -0.006497847381979227, 0.01594243012368679, -0.01041484996676445, 0.006056816782802343, 0.0036393171176314354, -0.002669050358235836, 0.0009237136109732091, -0.016282187774777412, 0.010094694793224335, 0.026592496782541275, 0.008964350447058678, -0.007814404554665089, -0.010310309939086437, -0.01287155319005251, 0.014936228282749653, 0.0012520361924543977, 0.0001474184828111902, -0.012786613777279854, -0.02265916019678116, -0.01655660569667816, 0.009931350126862526, 0.011832681484520435, 0.006945411674678326, -0.011264242231845856, 0.0005504712462425232, -0.013250512070953846, -0.012949958443641663, -0.006635056808590889, 0.004250226076692343, -0.022005781531333923, -0.024201132357120514, -0.013982295989990234, 0.004929739516228437, 0.003871266497299075, 0.025899916887283325, -0.008180296048521996, 0.00046879894216544926, 0.04615464434027672, -0.01863434910774231, 0.04437745362520218, -0.0070891547948122025, 0.01979736238718033, -0.01328971516340971, 0.0020826433319598436, 0.011904552578926086, -0.03232916072010994, 0.016386728733778, -0.021182524040341377, -0.0002689060056582093, -0.022240998223423958, 0.007036884315311909, 0.007971215061843395, 0.015628809109330177, -0.012865019030869007, -0.0038843341171741486, 0.0068735396489501, -0.004946073982864618, 0.011355714872479439, -0.0038549320306628942, 0.013263579457998276, 0.003173785051330924, 0.0038581988774240017, 0.041032157838344574, -0.014740214683115482, 0.009839877486228943, 0.010584728792309761, -0.008591924794018269, -0.001981369685381651, -0.01885649748146534, -0.016282187774777412, -0.0270759966224432, -0.002022205851972103, -0.03844477981328964, -0.018947971984744072, -0.013021829538047314, 0.00509635079652071, -0.00827830284833908, -0.001481535378843546, 0.009330241940915585, -0.014452728442847729, -0.005354435183107853, 0.007539985701441765, -0.001723285298794508, -0.0030251415446400642, -0.021953511983156204, 0.011728140525519848, -0.01996724121272564, -0.0008747102110646665, -0.01824232190847397, 0.037869807332754135, -0.03455064445734024, 0.03941177949309349, -0.013668674044311047, -0.000688089057803154, -0.03008153662085533, -0.007076086942106485, -0.04730458930134773, -0.03230302408337593, -0.01115316804498434, 0.007167560048401356, 0.0024926383048295975, -0.0013206409057602286, 0.03334842994809151, -0.006749398075044155, -0.01841220073401928, 0.03753004968166351, -0.025952186435461044, -0.0007554686744697392, 0.02302505262196064, 0.0013631104957312346, -0.0037079218309372663, 0.008049621246755123, -0.019980309531092644, -0.027729375287890434, 0.0148578230291605, -0.0023162260185927153, -0.012263910844922066, 0.028278212994337082, 0.003603381337597966, -0.010421384125947952, -0.0223586056381464, 0.0008934948709793389, -0.0055896514095366, -0.007030350621789694, 0.021339336410164833, -0.02610899694263935, 0.002242721151560545, -0.0033812327310442924, -0.020058713853359222, -0.032512106001377106, 0.00023970816982910037, 0.004230624530464411, 0.02480224147439003, 0.003273425390943885, -0.0227767676115036, 0.008716066367924213, 0.0067689991556108, -0.019339997321367264, -0.0020565083250403404, 0.004315563943237066, -0.03374045714735985, -0.0044103036634624004, 0.002793192397803068, 0.004148952197283506, -0.01796790398657322, 0.0027066196780651808, -0.0052760299295187, 0.021639889106154442, 0.018176984041929245, -0.010963687673211098, 0.009434782899916172, -0.02874864637851715, 0.002259055618196726, -0.04084921255707741, -0.005772597622126341, -0.023508552461862564, 0.004746793303638697, -0.023678429424762726, 0.03334842994809151, 0.0230511873960495, -0.014047633856534958, -0.012904222123324871, -0.0050212121568620205, 0.008324040099978447, -0.01769348420202732, 0.0010837912559509277, 0.004184888210147619, -0.017340660095214844, -0.01907864585518837, 0.023508552461862564, -0.017066242173314095, -0.009460917674005032, -0.01252526231110096, -0.012793147005140781, -0.021652957424521446, -0.0015991433756425977, 0.184409499168396, -0.0007624108111485839, -0.011577863246202469, 0.03266891464591026, 0.004567114636301994, -0.015132241882383823, -0.00323585607111454, 0.009140762500464916, -0.02363922819495201, 0.014779417775571346, -0.011898019351065159, 0.011336113326251507, -0.025141997262835503, 0.0037765265442430973, 0.011185836978256702, -0.01310676895081997, -0.016870228573679924, -0.04294002428650856, -0.02252848446369171, 0.01888263411819935, -0.001434165402315557, -0.0011164601892232895, 0.012701674364507198, -0.037477780133485794, 0.04474334791302681, 0.01888263411819935, -0.0402742400765419, 0.0021839169785380363, 0.03232916072010994, 0.020346200093626976, -0.021156389266252518, -0.010440985672175884, -0.006288766395300627, 0.020620619878172874, -0.014897025190293789, 0.006448843982070684, 0.03099626675248146, -0.0018392599886283278, 0.006167891435325146, 0.0025498089380562305, 0.0018474272219464183, 0.01053899247199297, 0.01971895806491375, -0.041476454585790634, 0.006540317088365555, 0.020685957744717598, -0.0021414475049823523, -0.029898591339588165, -0.009225701913237572, -0.02055528201162815, -0.0010225370060652494, -0.021587619557976723, 0.013681741431355476, 0.005514512769877911, -0.0062005603685975075, 0.0006697127828374505, 0.01217897143214941, -0.013838552869856358, 0.007762134540826082, -0.03015994280576706, 0.004024810623377562, 0.02058141678571701, -0.034315429627895355, 0.010238437913358212, -0.035204023122787476, 0.019849633798003197, -0.012002559378743172, 0.010937552899122238, 0.010878749191761017, -0.0238875113427639, 0.022894376888871193, -0.01994110643863678, -0.002206785138696432, 0.018765024840831757, -0.004501776769757271, -0.022933578118681908, 0.007063019555062056, 0.01564187742769718, 0.02527267299592495, 0.010114296339452267, -0.02571696974337101, -0.02546868659555912, -0.006259364075958729, 0.015393593348562717, -0.02288130857050419, -0.030003132298588753, 0.03400180861353874, 0.015707215294241905, 0.011911086738109589, -0.0008600092260167003, 0.013825485482811928, 0.012505660764873028, -0.03188486024737358, -0.003943138290196657, 0.016909431666135788, -0.004256759770214558, -0.008591924794018269, 0.014583404175937176, 0.005174756050109863, 0.007971215061843395, -0.010303775779902935, 0.056399617344141006, -5.763000808656216e-05, -0.01941840350627899, -0.00635410426184535, -0.0028552631847560406, 0.021613754332065582, 0.002758889924734831, -0.006288766395300627, 0.015602674335241318, 0.011421052739024162, -0.030761050060391426, 0.0074485125951468945, 0.001723285298794508, 0.03107467293739319, 0.011368782259523869, 0.022005781531333923, -0.023978983983397484, 0.012773546390235424, 0.009277972392737865, -0.03279959037899971, -0.01710544340312481, 0.0037993949372321367, 0.022397808730602264, 0.003124781884253025, -0.024959051981568336, -0.012865019030869007, 0.0014594837557524443, -0.012577532790601254, -0.02885318547487259, 0.014008430764079094, -0.012544863857328892, -0.01415217388421297, 0.00754651939496398, -0.03847091645002365, -0.01032991148531437, 0.02519426867365837, 0.014217511750757694, -0.02924521267414093, 0.0024256668984889984, 0.015824822708964348, -0.007631458807736635, 0.016791822388768196, 0.016073105856776237, -0.012642870657145977, -0.00684740487486124, 0.010846080258488655, 0.013341984711587429, -0.012662471272051334, -0.018490606918931007, -0.02966337464749813, -0.024985186755657196, 0.022685294970870018, -0.01707930862903595, 0.010767675004899502, -0.026514092460274696, -0.016752619296312332, -0.010617397725582123, -0.006027414929121733, -0.01821618713438511, -0.04957834631204605, 0.0024420013651251793, 0.03507334738969803, 0.021901240572333336, -0.028644105419516563, -0.01337465364485979, -0.16433770954608917, 0.0012112000258639455, -0.013629471883177757, -0.012361917644739151, 0.020921174436807632, 5.6711196521064267e-05, 0.024475552141666412, 0.019013307988643646, -0.0014513165224343538, 0.0011532127391546965, 0.018699686974287033, 0.014818619936704636, -0.006533782929182053, -0.0270759966224432, 0.028147537261247635, -0.02458009123802185, -0.02088197134435177, 0.0039921416901052, 0.01463567465543747, -0.01509303878992796, 0.012780079618096352, -0.018372997641563416, 0.022267132997512817, -0.00806922186166048, 0.02299891598522663, 0.03282572701573372, -0.014308985322713852, -0.013433458283543587, 0.027154402807354927, -0.034315429627895355, -0.015341322869062424, 0.0059326752088963985, 0.035648319870233536, 0.004090148024260998, 0.010062025859951973, -0.02391364611685276, 0.0023570621851831675, 0.016726484522223473, 0.0002172482927562669, 0.022789835929870605, 0.012675539590418339, 0.022763701155781746, 0.012453390285372734, 0.01196989044547081, -0.0055504487827420235, 0.020293930545449257, 0.014544201083481312, -0.0002037723606918007, 0.0020728427916765213, -0.0017886231653392315, 0.0388890765607357, -0.015864025801420212, -0.0023962650448083878, -0.008506985381245613, 0.006641590502113104, 0.004505043383687735, -0.015210647135972977, 0.0012234508758410811, -0.006246296688914299, 0.011505992151796818, 0.015406660735607147, -0.02655329555273056, -0.007716397754848003, 0.0014374322490766644, 0.0036262497305870056, -0.017379863187670708, -0.022907443344593048, 0.01579868793487549, -0.007298235781490803, -0.004364567343145609, -0.002012405311688781, -0.03839251026511192, 0.013113303110003471, -0.004701056983321905, 0.03452451154589653, -0.005677857436239719, 0.0065729860216379166, 0.001576275215484202, 0.017628146335482597, -0.014413525350391865, -0.00977453961968422, 0.016648080199956894, -0.0016726484755054116, -0.009454384446144104, 0.0058019994758069515, -0.004158752970397472, -0.006553384475409985, 0.034315429627895355, 0.015707215294241905, -0.003420435357838869, 0.022450078278779984, -0.041398048400878906, 0.007108755875378847, -0.035726726055145264, 0.02882705070078373, -0.0014406992122530937, -0.0005761979846283793, -0.015707215294241905, 0.013257046230137348, -0.013551066629588604, 0.006687326822429895, 0.0036589186638593674, -0.0031443831976503134, 0.012172438204288483, 0.03685053810477257, -0.013407322578132153, -0.04294002428650856, 0.01655660569667816, 0.04152872413396835, 0.020542213693261147, -0.021156389266252518, -0.0046716551296412945, 0.01591629534959793, 0.01966668665409088, -0.017432132735848427, 0.02640955150127411, -0.0016399795422330499, -0.03452451154589653, -0.00597841152921319, -0.029532698914408684, 0.023874443024396896, 0.030865591019392014, -0.014701011590659618, 0.007539985701441765, -0.0074419789016246796, -0.019366133958101273, -0.09983620792627335, 0.008990485221147537, 0.048532940447330475, -0.0025661434046924114, -0.0026706838980317116, 0.028225943446159363, -0.0161123089492321, 0.02077743038535118, -0.014518066309392452, 0.038758400827646255, -0.017040105536580086, -0.047984104603528976, -0.00963732972741127, -0.019614417105913162, 0.027598699554800987, 0.0015615741722285748, -0.014204444363713264, -0.022227929905056953, -0.022240998223423958, 0.020097916945815086, 0.0020728427916765213, -0.016844093799591064, 0.02885318547487259, -0.02663169987499714, 0.012564465403556824, -0.023364808410406113, -0.019823497161269188, 0.021600687876343727, 0.029009997844696045, -0.012577532790601254, 0.012139769271016121, -0.02843502350151539, -0.003083945717662573, -0.01668728142976761, -0.009990154765546322, -0.005981678608804941, -0.009225701913237572, -0.01932693086564541, 0.02569083496928215, -0.009937884286046028, -0.012263910844922066, -0.03679826483130455, 0.012564465403556824, -0.023456281051039696, -0.0027147869113832712, -0.030682645738124847, -0.009473985992372036, -0.011394917964935303, 0.0012626536190509796, -0.02119559235870838, -0.020241660997271538, -0.005586384795606136, -0.02119559235870838, -0.0005835485062561929, 0.04066626727581024, -0.012368451803922653, -0.008108424954116344, 0.03321775421500206, -0.02919294312596321, -0.0033011939376592636, -0.023992052301764488, -0.0012487693456932902, -0.012597134336829185, -0.01059779617935419, -0.009140762500464916, -0.010819944553077221, -0.006814735941588879, -0.008872877806425095, 0.0020516079384833574, -0.015236781910061836, -0.0019830032251775265, 0.013217843137681484, -0.016726484522223473, 0.011323045939207077, -0.01296955905854702, 0.011643201112747192, -0.017588945105671883, 0.016452066600322723, 0.014544201083481312, -0.010421384125947952, -0.0018033240921795368, 0.0026020791847258806, -0.005900006275624037, 0.00877487100660801, 0.019039444625377655, -0.013969228602945805, 0.011087830178439617, -0.0005018762312829494, -0.007585722021758556, -0.040509454905986786, 0.008709533140063286, 0.029898591339588165, 0.007696796674281359, 0.011283843778073788, -0.024763038381934166, 0.005648455582559109, -0.010460587218403816, 0.013472660444676876, -0.002448535291478038, 0.015563471242785454, -0.03590967133641243, -9.092423169931863e-06, -0.04902951046824455, 0.018281525000929832, 0.006135222502052784, -0.0058019994758069515, 0.020202457904815674, 0.002242721151560545, -6.680537808279041e-06, -0.015119174495339394, 0.007971215061843395, 0.002278656931594014, -0.0172230526804924, 0.00510941818356514, -0.011362249031662941, 0.007892809808254242, -0.010656599886715412, 0.0344461053609848, 0.02374376729130745, -0.006403107661753893, 0.03588353842496872, -0.009754938073456287, -0.014531133696436882, -0.0015109373489394784, 0.03353137522935867, 0.030447429046034813, -0.01727532222867012, 0.014570336788892746, -0.011440654285252094, 0.014962363056838512, -0.021822836250066757, -0.006530516315251589, 0.006001279689371586, -0.020842768251895905, -0.00937597919255495, 0.03716415911912918, -0.002306425478309393, 0.015354390256106853, 0.008154161274433136, 0.014426592737436295, 0.009696134366095066, 0.03954245522618294, -0.016046971082687378, 0.0009866012260317802, -0.01744520105421543, -0.01710544340312481, -0.007161026354879141, -0.000588040507864207, -0.020032579079270363, -0.0015248216222971678, -0.005687658209353685, 0.004880736116319895, 0.016765687614679337, -0.004276360850781202, -0.011042093858122826, -0.017784956842660904, 0.007938546128571033, -0.005668056663125753, 0.01310676895081997, 0.00018345637363381684, -0.000630510097835213, -0.02119559235870838, 0.04257412999868393, 0.016621943563222885, -0.005867337342351675, -0.01352493092417717, 0.011832681484520435, 0.02255461923778057, -0.017379863187670708, 0.03713802248239517, 0.034811995923519135, -0.03546537458896637, -0.0003636458714026958, 0.009689600206911564, 0.008709533140063286, -0.010212303139269352, -2.5943712898879312e-05, 0.0042012226767838, 0.008043087087571621, 0.0012283512623980641, -0.020202457904815674, -0.013629471883177757, 0.0037797936238348484, 0.0017706552753224969, -0.016974767670035362, -0.009238769300282001, 0.00783400610089302, -0.0016105775721371174, -0.015850957483053207, 0.0021969845984131098, 0.012518728151917458, 0.0025873780250549316, 0.011473323218524456, 0.011218505911529064, -0.011636667884886265, 0.00032913932227529585, -0.010728471912443638, -0.02371763251721859, -0.01528905238956213, 0.019209321588277817, 0.012218174524605274, 0.01655660569667816, -0.007794803474098444, 0.02060755155980587, -0.01877809315919876, -0.0380527526140213, -0.03507334738969803, 0.03282572701573372, -0.03818342834711075, -0.034341562539339066, -0.036563050001859665, 0.0056615229696035385, -0.007801337167620659, 0.023652294650673866, -0.00469452328979969, 0.0060796854086220264, 0.011786945164203644, 0.0058118002489209175, -0.031754184514284134, -0.024763038381934166, -0.02465849742293358, 0.023874443024396896, 0.007291702087968588, 0.01037564780563116, -0.0011352448491379619, 0.0041326177306473255, -0.00019325705943629146, -0.013864687643945217, 0.02786005102097988, -0.015654943883419037, -0.0013582102255895734, 0.00224925484508276, 0.0021349135786294937, -0.0159685667604208, -0.007644526194781065, -0.016922498121857643, -0.02280290238559246, -0.011741207912564278, -0.004233891610056162, 0.013969228602945805, 0.010558593086898327, 0.07046031951904297, 0.030761050060391426, -0.02174443006515503, 0.029009997844696045, -0.01119237020611763, 0.00036630022805184126, -0.0030708780977874994, -0.019732024520635605, -0.017118511721491814, -0.0227767676115036, -2.2970330974203534e-05, -0.010493256151676178, 0.022868240252137184, -0.012172438204288483, 0.004436438903212547, 0.006517448462545872, 0.0008444914710707963, -0.020947309210896492, -0.016229916363954544, 0.007905877195298672, 0.03575286269187927, -0.004354766570031643, -0.017353728413581848, 0.004962408449500799, 0.0029647040646523237, 0.017641214653849602, 0.03559605032205582, -0.023011984303593636, -0.025403348729014397, -0.02230633608996868, -0.00204834109172225, -0.013230910524725914, -0.05174756422638893, -0.00961119495332241, -0.00961119495332241, -0.011225039139389992, 0.0010151865426450968, -0.012655938044190407, 0.06162664294242859, -0.0135379983112216, -0.004459307063370943, 0.017824159935116768, -0.012662471272051334, 6.901308370288461e-05, -0.003894134657457471, 0.009800674393773079, -0.010826478712260723, -0.019562147557735443, -0.03219848498702049]"
7210,"AddToSet new object or update counter in existings<p>I have document <code>{id:1, data: [{'name': 'Bob', 'counter':1}, {'name':'Jack', 'counter':1}]}</code></p>

<p><strong>What I'm expecting:</strong></p>

<p>query:</p>

<pre><code>db.inventory.update(
   { _id: 1 },
   { $addToSet: { data: { $each: [{'name': 'Bob'}, {'name':'Jack'}, {'name':'John'}] } } }
 )
</code></pre>

<p>result:</p>

<p><code>{id:1, data: [{'name': 'Bob', 'counter':2}, {'name':'Jack', 'counter':2},  {'name':'John', 'counter':1}]}</code></p>
","Forgot to include a snippet here's a link to when the collapsed button is clicked, and a list item is hovered over. http://imgur.com/6Y9jWKA","Embed Field: AddToSet new object or update counter in existings<p>I have document <code>{id:1, data: [{'name': 'Bob', 'counter':1}, {'name':'Jack', 'counter':1}]}</code></p>

<p><strong>What I'm expecting:</strong></p>

<p>query:</p>

<pre><code>db.inventory.update(
   { _id: 1 },
   { $addToSet: { data: { $each: [{'name': 'Bob'}, {'name':'Jack'}, {'name':'John'}] } } }
 )
</code></pre>

<p>result:</p>

<p><code>{id:1, data: [{'name': 'Bob', 'counter':2}, {'name':'Jack', 'counter':2},  {'name':'John', 'counter':1}]}</code></p>; Answer: Forgot to include a snippet here's a link to when the collapsed button is clicked, and a list item is hovered over. http://imgur.com/6Y9jWKA","[-0.03452314808964729, 0.03466157242655754, 0.012478996999561787, -0.004678758792579174, -0.027809545397758484, 0.02372601255774498, -0.002939797006547451, -0.018645823001861572, -0.015517421998083591, -0.0005597553681582212, 0.01881193183362484, 0.011745345778763294, 0.005934963934123516, -0.011143197305500507, 0.011385440826416016, 0.007938663475215435, 0.013697135262191296, 0.00015778266242705286, 0.004180429503321648, -0.028764676302671432, -0.015974223613739014, 0.024265870451927185, 0.010132696479558945, -0.014057040214538574, -0.008173985406756401, -0.00504558440297842, 0.026356084272265434, -0.02134510688483715, 0.008160143159329891, 0.010416467674076557, 0.016763245686888695, 0.02044534496963024, -0.02337995171546936, -0.028307873755693436, -0.02771264873445034, -0.019241049885749817, -0.014631503261625767, -0.03568591549992561, 0.03136706352233887, -0.008291646838188171, 0.024293554946780205, 0.008014796301722527, -0.015434366650879383, -0.0034883052576333284, -0.011620762757956982, 0.009122195653617382, 0.011676132678985596, -0.02076372131705284, -0.011530786752700806, -0.01883961632847786, -0.007384963799268007, 0.039146538823843, -0.055840570479631424, 0.012119092047214508, 0.0032426011748611927, -0.0147145576775074, 0.026148447766900063, 0.024708829820156097, -0.0023272670805454254, 0.0051597850397229195, 0.02171885408461094, 0.007274223957210779, -0.0008175715338438749, -0.0018998805899173021, 0.00011549820192158222, -0.013309545814990997, -0.01020883023738861, -0.016320286318659782, 0.0022165272384881973, 0.0005363961681723595, 0.010264200158417225, 0.014756085351109505, -0.012153699062764645, -0.014202386140823364, 0.03341574966907501, -0.001072792336344719, -0.0039693317376077175, -0.0005692720296792686, 0.013704056851565838, 0.024957993999123573, 0.0138978511095047, -0.011510022915899754, -0.01472839992493391, 0.041998088359832764, 0.015323626808822155, 0.0234353207051754, 0.00886610895395279, 0.06256801635026932, 0.002263245638459921, -0.00750262476503849, -0.0005247165681794286, 0.012029116041958332, 0.027726490050554276, -0.012603579089045525, 0.010631025768816471, 0.031090212985873222, -0.027726490050554276, 0.04277326911687851, -0.013821717351675034, -0.01901957020163536, -0.03399713337421417, 0.002500298200175166, -0.036101192235946655, -0.025054890662431717, -0.007952505722641945, 0.00659248186275363, 0.00911527406424284, -0.006229116581380367, -0.004260023590177298, 0.007904056459665298, -0.01852123998105526, 0.02308925986289978, 0.0050421240739524364, -0.011842242442071438, -0.016264915466308594, -0.010956323705613613, 0.007564916275441647, -0.038426727056503296, -0.0078071593306958675, -0.019877802580595016, 0.0036820999812334776, 0.027920285239815712, 0.035575177520513535, -0.028127921745181084, 0.0040869927033782005, 0.024265870451927185, 0.010845583863556385, -0.009447493590414524, 0.016638662666082382, -0.03225298225879669, 0.044738899916410446, 0.027062050998210907, 0.003962410148233175, 0.0182582326233387, -0.019794749096035957, 0.0375131256878376, -0.0052878279238939285, 0.011212410405278206, -0.029152266681194305, -0.04329928010702133, -0.006294868420809507, 0.024238184094429016, 0.01582195609807968, -0.00475489255040884, 0.0009006264735944569, 0.021123627200722694, -0.009599761106073856, -0.007205011788755655, -0.003240871010348201, -0.0247503574937582, 0.008035560138523579, 0.008762290701270103, -0.0008231950923800468, 0.016680190339684486, 0.010990929789841175, 0.0019241048721596599, -0.0085615748539567, -0.0019863960333168507, 0.01788448542356491, 0.003896658541634679, 0.01817517727613449, 0.00966897327452898, -0.0024916466791182756, -0.009205250069499016, 0.0010278042173013091, 0.03131169453263283, 0.004855250474065542, -0.03737470135092735, -0.013295703567564487, -0.013122672215104103, -0.00282386620528996, 0.026162289083003998, -0.03873126208782196, 0.024902625009417534, -0.02491646632552147, 0.009592839516699314, 0.006630548741668463, 0.0026612170040607452, -0.013268018141388893, -0.014908352866768837, -0.024238184094429016, 0.0023636037949472666, 0.0147145576775074, 0.05586825683712959, -0.026037707924842834, -0.03864820674061775, 0.0005126043688505888, 0.000850447453558445, -0.006301789544522762, 0.006018018815666437, 0.03189307823777199, 0.008277803659439087, -0.0054781618528068066, 0.004325775429606438, -0.5993240475654602, -0.006852028425782919, 0.0002078535035252571, -0.03194844722747803, 0.009322911500930786, 0.012465154752135277, 0.002328997477889061, 0.019213363528251648, -0.036211930215358734, 0.02744964137673378, -0.01904725469648838, 0.01441002357751131, 0.02396133542060852, 0.003396598855033517, -0.014617660082876682, -0.014576133340597153, 0.02800334058701992, -0.0030643793288618326, -0.0036094270180910826, 0.018950356170535088, -0.010838663205504417, 0.029207635670900345, 0.020279236137866974, 0.02026539295911789, 0.004218496382236481, -0.020915988832712173, -0.006274104584008455, 0.015434366650879383, 0.008222433738410473, 0.010250357910990715, -0.029041526839137077, 0.019794749096035957, 0.008907636627554893, 0.004498806316405535, 0.05506538972258568, -0.0024968376383185387, -0.026757515966892242, 0.006467899307608604, 0.007198090199381113, 0.027145106345415115, 0.00618758937343955, -0.012195225805044174, 0.02396133542060852, -0.022867780178785324, -0.018798090517520905, -0.01212601363658905, 0.02319999970495701, 0.020085440948605537, 0.013932457193732262, -0.039700236171483994, 0.0021663482766598463, -0.01445155031979084, -0.015323626808822155, -0.00015853966760914773, 0.012707398273050785, -0.008741526864469051, 0.017510738223791122, -0.005052505526691675, 0.03369259834289551, -0.03175465390086174, 0.008672314696013927, 0.014520763419568539, -0.04318854212760925, -0.006163364741951227, -0.05539761111140251, 0.005730787292122841, 0.008229355327785015, 0.005914200097322464, 0.01417470071464777, -0.014368495903909206, 0.015171359293162823, 0.014126252382993698, -0.022120285779237747, 0.019241049885749817, 0.013205727562308311, -0.006440214347094297, 0.0006549223908223212, -0.008167063817381859, -0.02206491492688656, 0.03252983093261719, 0.013835560530424118, -0.013918614946305752, -0.021871119737625122, -0.010015035048127174, 0.015517421998083591, 0.011911455541849136, -0.03402481973171234, -0.010132696479558945, 0.018922671675682068, -0.004613006953150034, 0.014257756061851978, 0.017289258539676666, -0.015295942313969135, 0.013697135262191296, -0.006035321857780218, 0.0202100221067667, 0.003057457972317934, 0.021442003548145294, 0.027311215177178383, -0.022175654768943787, -0.041222911328077316, -0.015060619451105595, -0.003528102533891797, 0.009364438243210316, 0.030508829280734062, 0.017109306529164314, -0.014396180398762226, 0.003972792066633701, 0.026799043640494347, -0.04352075979113579, -0.01724773272871971, 0.009807398542761803, -0.0323360376060009, 0.0012648567790165544, -0.015572791919112206, -0.028238661587238312, 0.02319999970495701, -0.02565011754631996, 0.009149880148470402, -0.001255340059287846, -0.002678520046174526, 0.02308925986289978, 0.03009355440735817, -0.018299760296940804, 0.007557994686067104, 0.00659248186275363, -0.008610023185610771, -0.018715035170316696, 0.015323626808822155, -0.015891168266534805, 0.008084009401500225, -0.03399713337421417, 0.03632267192006111, -0.021649640053510666, 0.04050309956073761, -0.040115512907505035, 0.01686014235019684, 0.02018233761191368, 0.044157516211271286, -0.011987589299678802, 0.0025297135580331087, -0.007045823149383068, 0.025317898020148277, -0.008229355327785015, 0.016707874834537506, -0.00551622873172164, -0.03538138419389725, 0.009066825732588768, -0.03659952059388161, 0.01468687318265438, 0.011288543231785297, 0.0014136633835732937, -0.0075095463544130325, 0.031007157638669014, -0.011738424189388752, -0.0027442718856036663, -0.0035107992589473724, -0.024431979283690453, -0.00768257724121213, -0.023518376052379608, -0.00694892555475235, 0.022314080968499184, 0.008007875643670559, 0.0029103816486895084, -0.008734606206417084, -0.024445822462439537, 0.008831502869725227, -0.0006964498315937817, 0.002266706433147192, -0.018396656960248947, -0.010810977779328823, -0.010914796963334084, -0.01814749278128147, -0.02401670441031456, 0.0024968376383185387, -0.0026664079632610083, -0.039589498192071915, -0.022078758105635643, 0.009315989911556244, -0.017164677381515503, -0.006530190818011761, 0.02171885408461094, 0.007253460120409727, 0.009004534222185612, 0.01400167029350996, -0.001255340059287846, 0.019490214064717293, -0.0014534605434164405, -0.017441526055336, 0.017441526055336, 0.011157040484249592, 0.017746061086654663, -0.00496599031612277, -0.017192361876368523, -0.012866586446762085, -0.004509188234806061, 0.02736658602952957, 0.008796896785497665, 0.0168047733604908, 0.010278042405843735, 0.002995166927576065, 0.008651550859212875, 0.012963484041392803, -0.020957516506314278, 0.009897374548017979, -0.04376992583274841, -0.005869212094694376, 0.003178579732775688, 0.032695941627025604, 0.010568734258413315, 0.027989497408270836, -0.006076849531382322, 0.004315393511205912, 0.009544391185045242, 0.006983532104641199, 0.04346539080142975, 0.006637469865381718, -0.010672553442418575, 0.007938663475215435, -0.013648686930537224, -0.007904056459665298, -0.007052744273096323, 0.03230835124850273, 0.008160143159329891, -0.003595584537833929, -0.0015520881861448288, 0.0027754176408052444, 0.037291646003723145, 0.0002677655138541013, -0.02715894766151905, 0.015268256887793541, 0.01168997585773468, 0.02200954593718052, 0.026646776124835014, 0.02512410469353199, 0.0014603817835450172, 0.012790452688932419, -0.0019639020320028067, 0.027809545397758484, -0.006049164570868015, 0.005654653534293175, 0.044738899916410446, 0.011683054268360138, -0.03477231413125992, 0.03507684916257858, 0.02029307745397091, 0.02218949794769287, 0.017469212412834167, 0.0017718375893309712, 0.03834367170929909, 0.01347565557807684, -0.008035560138523579, -0.010035798884928226, 0.018479712307453156, -0.0052705248817801476, -0.02454271912574768, 0.008520047180354595, 0.004723746795207262, 0.010693317279219627, 0.03657183423638344, 0.007474939804524183, -0.027961812913417816, -0.005017899442464113, 0.014825297519564629, 0.01158615667372942, 0.009052982553839684, -0.006917780265212059, -0.007315751630812883, -0.014382338151335716, -0.015863483771681786, 0.002367064356803894, -0.05847064033150673, -0.0009646479156799614, -0.023476848378777504, -0.003734009340405464, -0.008540811017155647, 0.012042959220707417, 0.015171359293162823, 0.008658472448587418, 0.013579473830759525, -0.015918852761387825, -0.0063087111338973045, 0.016790930181741714, -0.003301431890577078, -0.0004317123966757208, -0.004976372234523296, 0.00173377082683146, 0.02462577447295189, 0.014977565035223961, 0.024985678493976593, 0.0009715691558085382, 0.02012696862220764, -0.0024362767580896616, -0.011565392836928368, 0.01915799453854561, 0.01240286324173212, 0.03601813688874245, 0.004446897190064192, -0.004664916079491377, -0.00043149609700776637, 0.0016083233058452606, 0.032114557921886444, -0.0433269664645195, -0.026715988293290138, 0.04440668225288391, -0.006903937552124262, 0.0025747015606611967, -0.04044773057103157, -0.018659664317965508, 0.016527922824025154, -0.002834248123690486, -0.02314462885260582, -0.007564916275441647, -0.010015035048127174, 0.01788448542356491, -0.008090930059552193, -0.022964676842093468, -0.008651550859212875, 0.021178996190428734, 0.0038828160613775253, -0.019517898559570312, -0.019517898559570312, -0.02803102508187294, 0.03718090429902077, 0.02596849575638771, 0.03363722935318947, -0.01587732695043087, 0.0006644391105510294, -0.01198066771030426, 0.008263961412012577, -0.03546443581581116, 0.0037859186995774508, 0.006644390989094973, -0.035021476447582245, -0.030924104154109955, 0.0024864557199180126, 0.025663960725069046, -0.01983627676963806, 0.012963484041392803, 0.014562290161848068, -0.012181383557617664, -0.01820286363363266, -0.014091646298766136, -0.04922386258840561, -0.012589736841619015, 0.005408949684351683, 0.02160811424255371, 0.03347111865878105, 0.019670166075229645, -0.0032028041314333677, 0.003907040227204561, 0.008118615485727787, 0.016998566687107086, -0.012091407552361488, -0.016292599961161613, -0.00968281552195549, 0.027781860902905464, 0.008630787022411823, -0.02882004715502262, 0.03291742131114006, 0.01773221790790558, 0.01616801880300045, 0.006000715773552656, 0.008672314696013927, 0.007931741885840893, 0.009066825732588768, 0.0038136036600917578, 0.03369259834289551, 0.005820763297379017, 0.02012696862220764, -0.0040247016586363316, 0.005616586655378342, -0.00255566812120378, -0.006229116581380367, 0.004422673024237156, -0.02636992745101452, -0.01870119199156761, 0.00966897327452898, 0.016320286318659782, -0.005353579763323069, 0.011094748973846436, -0.018313603475689888, -0.02774033322930336, -0.043714556843042374, -0.011302386410534382, 0.002373985480517149, 0.02488878183066845, -0.009059904143214226, -0.008963006548583508, -0.03399713337421417, -0.03363722935318947, -0.005730787292122841, -0.02544248104095459, 0.01596038043498993, -0.016929354518651962, -0.017206205055117607, -0.014825297519564629, 0.011773030273616314, 0.04061384126543999, 0.01363484375178814, 0.021095940843224525, 0.008146299980580807, -0.013821717351675034, 0.0065509541891515255, -0.02544248104095459, -0.02055608481168747, 0.01117780338972807, -0.0253871101886034, 0.005139021202921867, -0.0004572344769258052, 0.004128519911319017, -0.007793317083269358, -0.02058376930654049, 0.03895274177193642, 5.888461964786984e-05, -0.006170285865664482, 0.019670166075229645, -0.006890095304697752, 0.018396656960248947, -0.005329355131834745, -0.011330070905387402, 0.006481742020696402, 0.0065059661865234375, -0.005841527134180069, 0.01414701621979475, 0.016126491129398346, -0.011779951862990856, -0.0009101431351155043, -0.002313424600288272, 0.0032754770945757627, -0.0015590094262734056, 0.03640572726726532, -0.005869212094694376, 0.004896777682006359, -0.0050974939949810505, -0.004997135605663061, 0.004806801676750183, -0.00896992813795805, 0.03626730293035507, 0.009911216795444489, 0.010347254574298859, 0.01764916442334652, -0.016846299171447754, -0.008713842369616032, 0.014070882461965084, -0.000977625255472958, 0.014617660082876682, -0.010243436321616173, -0.0011385440593585372, -0.006246419623494148, -0.002839439082890749, -0.01782911643385887, -0.008388543501496315, 0.018341287970542908, -0.012866586446762085, -0.0027944508474320173, -0.010139618068933487, -0.011350834742188454, -0.0381498783826828, -0.004962529521435499, -0.006710142828524113, -0.004709904082119465, -0.0008569360943511128, -0.0031439736485481262, -0.006942004431039095, -0.028598567470908165, -0.005931503139436245, -0.02890310063958168, -0.024182815104722977, -0.01910262368619442, -0.011973746120929718, 0.02335226535797119, 0.021525058895349503, 0.014673030003905296, 0.0198916457593441, -0.0017960619879886508, -0.007641049567610025, -0.005118257366120815, -0.021511215716600418, -0.04263484105467796, -0.0014967182651162148, 0.021732695400714874, 0.04053078591823578, 0.016472551971673965, 0.04631694406270981, -0.008713842369616032, 0.009046061895787716, 0.0010935560567304492, 0.013531025499105453, 0.007904056459665298, 0.003567899577319622, 0.007378042675554752, -0.0026162290014326572, 0.0025747015606611967, 0.03565823286771774, 0.021068256348371506, 0.04183197766542435, 0.021511215716600418, 0.01536515448242426, 0.024155130609869957, -0.02890310063958168, -0.0009006264735944569, -0.008388543501496315, -0.04346539080142975, -0.011620762757956982, 0.023615272715687752, -0.0095374695956707, -0.008589259348809719, -0.033332694321870804, -0.0013167660217732191, 0.002678520046174526, -0.0007552803726866841, 0.008132457733154297, -0.007654892280697823, 0.02317231334745884, -0.014534605666995049, -0.011219331063330173, -0.012437469325959682, -0.017483053728938103, -0.030841048806905746, -0.018922671675682068, -0.013814796693623066, -0.005813842173665762, 0.010250357910990715, 0.0063087111338973045, 0.015863483771681786, -0.004568018950521946, 0.014769927598536015, -0.019241049885749817, 0.025013364851474762, 0.007848686538636684, -0.00722577515989542, -0.015558948740363121, -0.013794032856822014, -0.00020796165335923433, -0.029650595039129257, -0.02774033322930336, -0.003557517658919096, 0.03953412547707558, 0.038371358066797256, 0.00911527406424284, 0.00592458201572299, -0.012195225805044174, -0.0016039975453168154, 0.012963484041392803, -0.030896417796611786, 0.05664343386888504, 0.023476848378777504, 0.007827923633158207, 0.024168971925973892, 0.016320286318659782, -0.025221001356840134, 0.004464200232177973, 0.02736658602952957, -0.002289200434461236, 0.03252983093261719, 0.04966682195663452, -0.02235560677945614, -0.016901670023798943, 0.004813722800463438, -0.01211217138916254, 0.0015520881861448288, -0.017842957749962807, -0.001133353216573596, 0.004308472387492657, -0.00843007117509842, -0.02140047587454319, -0.001095286337658763, -0.02015465311706066, -0.032557517290115356, -0.00300208805128932, 0.01212601363658905, 0.01566968858242035, -0.010831741616129875, -0.043742239475250244, -0.0035142600536346436, 0.002240751637145877, 0.040087826550006866, 0.016389498487114906, 0.016098806634545326, -0.021262051537632942, 0.0036301908548921347, -0.017455369234085083, 0.027408113703131676, -0.005007517524063587, 0.0358797125518322, -0.022147970274090767, 0.011655369773507118, 0.03164391219615936, -0.003313543973490596, -0.003363722935318947, -0.012264438904821873, -0.0006190184503793716, 0.0342462994158268, -0.008263961412012577, -0.0002150991786038503, -0.004751431755721569, -0.015614318661391735, 0.016957039013504982, 0.007239617872983217, -0.02678520232439041, -0.025567064061760902, -0.035492122173309326, 0.011939140036702156, 0.010257278569042683, 0.0034883052576333284, -0.0053605008870363235, 0.0011904534185305238, -0.003907040227204561, 0.022632457315921783, -0.002939797006547451, -0.020625296980142593, 0.018631979823112488, -0.027560381218791008, -0.013925536535680294, -0.00031534902518615127, 0.007855608128011227, 0.02398901991546154, 0.011593078263103962, -0.006973150186240673, 0.01709546521306038, 0.006952386349439621, -0.007737947162240744, 0.0052220760844647884, -0.01759379357099533, -0.010748687200248241, -0.020832935348153114, 0.007391884922981262, 0.004609546158462763, -0.01933794654905796, 0.012181383557617664, -0.01468687318265438, -0.04698138311505318, -0.0063710021786391735, -0.0009992541745305061, -0.00038996865623630583, -0.010631025768816471, -0.025456324219703674, -0.0006107994704507291, -0.009454415179789066, 0.010423388332128525, -0.04000477120280266, -0.04030930623412132, 0.034273985773324966, -0.020113125443458557, 0.03294510394334793, 0.013399521820247173, -0.02319999970495701, 0.0014378877822309732, -0.014783769845962524, 0.0051528639160096645, 0.004772195592522621, -0.04443436488509178, -0.017026253044605255, 0.0274773258715868, 0.02277088165283203, -0.011973746120929718, 0.0015815035440027714, -0.026452982798218727, -0.003000357886776328, -0.013524103909730911, -0.007218854036182165, -0.003296240931376815, -0.008236275985836983, -0.00550238648429513, 0.022286394611001015, 0.026148447766900063, -0.01730310171842575, -0.025165630504488945, -0.007737947162240744, -0.018742719665169716, -0.048337943851947784, -0.03164391219615936, -0.018341287970542908, -0.03064725361764431, 0.0239336509257555, 0.012568973004817963, -0.029346060007810593, -0.021594271063804626, -0.00895608589053154, -0.03001049906015396, -0.009599761106073856, -0.0003538484452292323, 0.001161903259344399, 0.02681288681924343, 0.017787588760256767, -0.004633770789951086, 0.05130023509263992, 0.005228997208178043, 0.004613006953150034, -0.04271789640188217, 0.021469688042998314, -0.004657994955778122, -0.005329355131834745, 0.008845346048474312, 0.004152744542807341, -0.031505487859249115, -0.007987111806869507, -0.02192649058997631, 0.009925059042870998, 0.023283053189516068, 0.022438662126660347, -0.023850595578551292, -0.02517947368323803, -0.017773745581507683, 0.01445155031979084, -0.006180667784065008, -0.007170405238866806, -0.006391766015440226, -0.026799043640494347, -0.009302147664129734, 0.009835083037614822, 0.02203723043203354, -0.010354176163673401, 0.01973937824368477, -0.0020798328332602978, -0.028183292597532272, 0.009675894863903522, -0.0010009844554588199, -0.0006436753901652992, -0.011461574584245682, -0.012029116041958332, 0.01991933025419712, -0.003588663414120674, 0.0016048627439886332, 0.026245344430208206, 0.007329593878239393, 0.0036371119786053896, -0.021275894716382027, 0.026217659935355186, 0.0007522523519583046, -0.012991168536245823, 0.02515178918838501, -0.00807016622275114, 2.0263554688426666e-05, -0.028543196618556976, 0.0027754176408052444, -0.008097851648926735, 0.002263245638459921, 0.0371532216668129, 0.004173508379608393, -0.03219761326909065, 0.005062887445092201, -0.0021092481911182404, -0.03590739518404007, -0.03009355440735817, -0.007710262201726437, -0.0008379027131013572, -0.023269211873412132, -0.019697850570082664, -0.012368257157504559, -0.019144151359796524, 0.0018202862702310085, 0.01290811412036419, -0.006073388736695051, -0.037845343351364136, 0.004588782787322998, 0.012555130757391453, -0.006301789544522762, -0.0017597255064174533, 0.21693937480449677, 0.001762320869602263, -0.008658472448587418, 0.025304056704044342, 0.008699999190866947, -0.006665154825896025, 0.01698472537100315, -0.0024864557199180126, -0.02882004715502262, 0.0009006264735944569, -0.0029311454854905605, 0.0039589498192071915, -0.022175654768943787, -0.004260023590177298, -0.0007859934121370316, -0.008395465090870857, -0.031616225838661194, -0.021912647411227226, -0.022231025621294975, -0.0198916457593441, 0.02303388901054859, 0.01706777885556221, -0.001962171634659171, -0.012617422267794609, 0.0039762528613209724, -0.020652981474995613, 0.0085615748539567, 0.012029116041958332, 0.004903699271380901, 0.005720405373722315, -0.01289427187293768, -0.009219092316925526, -0.0026127684395760298, -0.011807636357843876, -0.03192076086997986, -0.014534605666995049, 0.015032934956252575, 0.030315034091472626, -0.002228639554232359, 0.03707016631960869, -0.011676132678985596, -0.030979473143815994, -8.911097393138334e-05, 0.010471837595105171, -0.01468687318265438, 0.005284367129206657, -0.0015884247841313481, -0.0031681980472058058, 0.025747016072273254, 0.0179398562759161, -0.017926013097167015, -0.029899759218096733, 0.03142243251204491, 0.016237230971455574, 0.002323806518688798, 0.0012250596191734076, 0.01376634743064642, 0.021331263706088066, 0.006274104584008455, 0.020860619843006134, -0.006855488754808903, 0.031034843996167183, -0.00827088300138712, 0.02451503463089466, -0.022369449958205223, -0.0018323984695598483, -0.010070404969155788, -0.009315989911556244, 0.006903937552124262, -0.02113746851682663, 0.00042868434684351087, -0.022078758105635643, -0.0053051309660077095, 0.014548447914421558, 0.010617183521389961, -0.014949879609048367, 0.008526968769729137, -0.010907875373959541, 0.013122672215104103, 0.02805870957672596, -0.026245344430208206, -0.01759379357099533, -0.021912647411227226, -0.008236275985836983, -0.02012696862220764, -0.0037201668601483107, 0.007800238206982613, -0.008277803659439087, -0.010520285926759243, 0.008090930059552193, -0.009239856153726578, 0.01065871026366949, -0.013005011714994907, -0.006665154825896025, 0.0012267899001017213, 0.0008751043933443725, 0.012658949010074139, 0.012202147394418716, -0.030924104154109955, -0.004799880553036928, -0.034467779099941254, 0.030841048806905746, -0.003381025977432728, -0.00013139542716089636, -0.016417182981967926, -0.00571348425000906, -0.029955130070447922, 0.0007293257513083518, 0.005966109689325094, -0.01709546521306038, 0.008734606206417084, -0.02108209952712059, -0.0011688244994729757, -0.02439045161008835, 0.0052670640870928764, -0.006755130831152201, 0.027255846187472343, 0.003479653736576438, 0.004734128713607788, -0.007025059312582016, 0.004028161987662315, -0.012209068983793259, 0.012049879878759384, 0.018022911623120308, 0.0028930786065757275, -0.012513603083789349, -0.0117176603525877, 0.005813842173665762, 0.004377684555947781, -0.025663960725069046, 0.032723624259233475, -0.0011195107363164425, -0.014936037361621857, -0.02837708778679371, -0.003474462777376175, 0.006727445870637894, 0.0041146776638925076, -0.02073603682219982, 0.0018600834300741553, 0.020708352327346802, -0.007557994686067104, -0.009018376469612122, 0.027380427345633507, -0.0007531174924224615, 0.001656771986745298, -0.02224486693739891, 0.018064437434077263, 0.015600476413965225, 0.003029773011803627, -0.025400953367352486, -0.016043435782194138, 0.012582815252244473, -0.0022044151555746794, -0.02768496237695217, -0.0029934365302324295, -0.03823293372988701, 0.009004534222185612, -0.04266252741217613, 0.021677326411008835, -0.025719329714775085, -0.03529832884669304, 0.009122195653617382, 0.009191407822072506, 0.003351610852405429, -0.02306157350540161, -0.022147970274090767, -0.17618709802627563, 0.03366491571068764, 0.041998088359832764, -0.02216181345283985, -0.011932219378650188, 0.009848925285041332, 0.015918852761387825, 0.0008997612749226391, -0.020722195506095886, -0.0033706442918628454, 0.01854892447590828, -0.01881193183362484, -0.03994940221309662, -0.024985678493976593, 0.0016576371854171157, 0.017136992886662483, 0.014756085351109505, 0.021538900211453438, 0.04797803983092308, 0.02811408042907715, 0.024002863094210625, -0.028044868260622025, -0.0019742839504033327, -0.014963722787797451, -0.023130785673856735, 0.047701191157102585, 0.021262051537632942, 0.023158472031354904, -0.013240333646535873, -0.010506443679332733, 0.006931622512638569, -0.023822911083698273, 0.009731264784932137, -0.00511133624240756, 0.0016091885045170784, -0.0016481204656884074, 0.01962863840162754, 0.013392601162195206, 0.004329236224293709, 0.007523388601839542, 0.025954652577638626, 0.031090212985873222, -0.02535942569375038, 0.03817756474018097, 0.017206205055117607, 0.019808590412139893, 0.04230262339115143, 0.008942242711782455, 0.004595703911036253, -0.02332458086311817, 0.012036037631332874, -0.04836563020944595, 0.01103245746344328, -0.006789736915379763, 0.004062768071889877, 0.01947637088596821, 0.01770453341305256, 0.00994582287967205, -0.02052840031683445, -0.014977565035223961, 0.01130930706858635, -0.009675894863903522, 0.0005740303895436227, -0.012887350283563137, -0.005312052089720964, -0.0147145576775074, -0.026619091629981995, 0.006544033065438271, -0.007447254844009876, 0.0075164674781262875, -0.0095374695956707, 0.007980190217494965, -0.0006968824309296906, 0.018894987180829048, -0.015503578819334507, 0.02198185957968235, -0.006862410344183445, 0.015295942313969135, 0.003055727807804942, 0.02192649058997631, -0.020888304337859154, 0.024293554946780205, -0.00914295855909586, 0.028280189260840416, -0.007391884922981262, 0.005817302968353033, -0.008409307338297367, 0.0032616346143186092, 0.015295942313969135, -0.0022199880331754684, 0.015060619451105595, -0.03277899697422981, -0.008990691974759102, 0.012762768194079399, 0.00665823370218277, 0.01788448542356491, 0.00031967481481842697, 0.00898377038538456, 0.036765631288290024, -0.0038655130192637444, -0.005166706163436174, 0.002972672926262021, -0.0031526251696050167, 0.007973269559442997, 0.0023809068370610476, 0.027906442061066628, 0.0075372313149273396, -0.021871119737625122, 0.0555914044380188, -0.013254175893962383, -0.017635321244597435, 0.01846587099134922, 0.0077171833254396915, 0.020971359685063362, 0.0038897371850907803, 0.01910262368619442, -0.003038424765691161, -0.009897374548017979, -0.003457159735262394, 0.006547493860125542, 0.04720286279916763, -0.016901670023798943, -0.0029761334881186485, 0.0269789956510067, -0.009842004626989365, -0.001445674104616046, -0.07895751297473907, -0.024182815104722977, 3.3146254281746224e-05, 0.03142243251204491, -0.026439139619469643, 0.015060619451105595, -0.015295942313969135, 0.01006348431110382, -0.0034710022155195475, 0.03064725361764431, -0.02811408042907715, -0.02032076194882393, 0.005239379126578569, 0.014036276377737522, 0.013357994146645069, 0.019517898559570312, -0.0008422284736298025, 0.01669403351843357, -0.0063260141760110855, 0.0339694507420063, 0.005312052089720964, -0.01227135956287384, 0.022895464673638344, -0.01915799453854561, 0.0042115747928619385, 0.009938901290297508, -0.01901957020163536, 0.018396656960248947, 0.03629498556256294, -0.025567064061760902, -0.005983412731438875, -0.024127444252371788, 0.004730667918920517, -0.016583293676376343, -0.028017181903123856, 0.0018099044682458043, -0.01144081074744463, 0.012831980362534523, 0.030231978744268417, -0.030204294249415398, 0.011122433468699455, 0.008319331333041191, 0.009046061895787716, -0.026646776124835014, 0.004325775429606438, -0.007973269559442997, -0.021968018263578415, 0.0015953460242599249, -0.00012328459706623107, -0.031007157638669014, -0.013143436051905155, 0.02195417508482933, -0.026992838829755783, 0.005073269363492727, -0.0017078161472454667, 0.032557517290115356, 0.019227206707000732, 0.00895608589053154, -0.002150775631889701, 0.01101861521601677, -0.018673507496714592, -0.009606681764125824, -0.014368495903909206, 0.0015840990236029029, 0.01683245785534382, 0.019379474222660065, -0.016126491129398346, -0.015102147124707699, -0.014936037361621857, 0.01213985588401556, -0.013420285657048225, 0.01730310171842575, -0.015531264245510101, 0.01857661083340645, -0.0358797125518322, 0.015212886966764927, -0.005761933047324419, -0.029733650386333466, 0.02840477228164673, -0.022978520020842552, 0.00978663470596075, 0.0011489259777590632, -0.03302815929055214, 0.0022649760358035564, 0.018009068444371223, 0.0028273267671465874, -0.000289178075036034, 0.0006973150302655995, 0.008374701254069805, -0.052905965596437454, 0.0004146255669184029, 0.000672658090479672, 0.007904056459665298, -0.028307873755693436, -0.022978520020842552, 0.020168496295809746, -0.020666824653744698, -0.004972911439836025, -0.0019154533511027694, -0.0036578758154064417, -0.025345584377646446, 0.0025920046027749777, -0.05390262231230736, 0.023559903725981712, -0.0033481502905488014, -0.01645871065557003, 0.006492123939096928, 0.003834367264062166, -0.014368495903909206, -0.03579665720462799, 0.018216704949736595, 0.01344797108322382, -0.021801907569169998, 0.010790213942527771, -0.016375655308365822, -0.023615272715687752, 0.014936037361621857, -0.0076064434833824635, 0.003218377009034157, 0.011648448184132576, 0.018950356170535088, 0.013067302294075489, -0.008492362685501575, 0.0012466885382309556, 0.00395548902451992, 0.008582338690757751, 0.0014707637019455433, -0.009426729753613472, 0.015309784561395645, 0.010949403047561646, -0.010471837595105171, -0.020943675190210342, 0.0239336509257555, -0.04390835016965866, 0.00031859337468631566, 0.01944868639111519, 0.006903937552124262, -0.014825297519564629, 0.007364199962466955, 0.021497374400496483, 0.015614318661391735, -0.02407207526266575, -0.023366108536720276, -0.020680667832493782, -0.008928400464355946, -0.004931384231895208, -0.029899759218096733, -0.019877802580595016, -0.003469271818175912, 0.00039559215656481683, 0.016126491129398346, 0.007405727636069059, 0.03183770552277565, 0.009489021264016628, -0.007848686538636684, -0.021968018263578415, -0.030370404943823814, -0.02087446115911007, 0.01614033244550228, 0.03280667960643768, -0.0012155428994446993, 0.004685679916292429, 0.02826634794473648, 0.0064263720996677876, 0.010637947358191013, -0.010603340342640877, 0.008118615485727787, -0.025290213525295258, -0.025456324219703674, 0.01643102616071701, 0.02282625250518322, -0.030259665101766586, -0.0029311454854905605, -0.010866347700357437, 0.0027719568461179733, 0.01704009436070919, 0.011503102257847786, -0.02169116772711277, -0.007315751630812883, -0.005509307608008385, 0.00016232472262345254, 0.020348448306322098, 0.036737944930791855, -0.02625918760895729, 0.0054954648949205875, -0.014589975588023663, 0.04119522497057915, 0.012132935225963593, -0.026356084272265434, 0.04662147909402847, 0.0022044151555746794, 0.007841765880584717, -0.020680667832493782, 0.005474701523780823, -0.016583293676376343, 0.024321239441633224, 0.01582195609807968, -0.013787111267447472, -0.016209546476602554, -0.0013366646599024534, 0.01878424733877182, -0.00926061999052763, 0.02248018980026245, 0.004446897190064192, -0.005000596400350332, 0.009087588638067245, 0.0005424522678367794, -0.022784724831581116, -0.03349880501627922, -0.03244677558541298, 0.008084009401500225, 0.01939331740140915, 0.013392601162195206, -0.010755607858300209, -0.009703579358756542, 0.008810739032924175, -0.00652673002332449, 0.002983054844662547, -0.009364438243210316, 0.0017320405459031463, -0.015392838977277279, -0.0036751788575202227, -0.0032443315722048283, -0.009018376469612122, 0.03244677558541298, -0.01401551254093647, 0.04493269324302673, 0.007121956907212734, -0.016126491129398346, -0.005464319605380297, 0.006786276586353779, 0.017579952254891396, 0.0294291153550148, 0.009544391185045242, -0.017842957749962807, -0.02594080939888954, -0.008084009401500225, -0.04210883006453514, 0.004083531908690929, -0.0034052503760904074, -0.007966347970068455, 0.07807159423828125, 0.0016662887064740062, -0.0052255368791520596, 0.027601908892393112, -0.008990691974759102, 0.010374940000474453, 0.022673984989523888, -0.0015564140630885959, -0.030204294249415398, -0.0168047733604908, 0.011897612363100052, 0.010527207516133785, -0.0054400949738919735, -0.0005134695675224066, -0.010444152168929577, -0.014188543893396854, 0.0002679817844182253, 0.011620762757956982, -0.010139618068933487, 0.018313603475689888, -0.00027641706401482224, -0.0063087111338973045, 0.02079140767455101, -0.020334605127573013, -0.00791097804903984, -0.0054781618528068066, 0.013787111267447472, -0.025871597230434418, -0.024819569662213326, -0.038371358066797256, -0.0020746418740600348, -0.008340095169842243, -0.03457851707935333, -0.016652505844831467, -0.01387016661465168, -0.009281383827328682, -0.015614318661391735, 0.00285674212500453, -0.0032875894103199244, -0.020915988832712173, -0.013890930451452732, 0.0022217181976884604, -0.029927445575594902, -0.015462052077054977, -0.011551550589501858, -0.0051147970370948315, 0.005827684886753559, -0.012347493320703506, -0.029346060007810593]","[-0.021219655871391296, 0.03369864076375961, 0.008888588286936283, -0.018731925636529922, -0.02743225358426571, 0.020950712263584137, -0.0007824579952284694, 0.0009001208236441016, 0.008895311504602432, 0.007678341586142778, 0.018328510224819183, 0.01543736644089222, 0.003190344199538231, -0.010347607545554638, 0.021434810012578964, 0.011275462806224823, 0.016055935993790627, 0.004316546022891998, 0.004074496682733297, -0.0261547714471817, -0.0055940281599760056, 0.010240030474960804, -0.0014203587779775262, -0.008949100971221924, -0.011665431782603264, -0.00191286182962358, 0.02610098198056221, -0.011396488174796104, 0.02080279216170311, 0.006891681347042322, 0.02405701018869877, 0.007369056344032288, -0.014684324152767658, -0.02708262763917446, -0.02536138705909252, -0.025522753596305847, -0.02498486638069153, -0.03391379490494728, 0.03353727608919144, -0.016123173758387566, 0.026517845690250397, 0.002560007618740201, -0.009298726916313171, -0.012109188362956047, -0.014536404982209206, 0.00868015643209219, 0.007537146098911762, -0.008794457651674747, -0.014536404982209206, -0.02821219153702259, -0.00045762446825392544, 0.04071807116270065, -0.04932427033782005, 0.019659781828522682, -0.0014564980519935489, -0.016217302531003952, 0.03278423473238945, 0.024675581604242325, -0.01649969443678856, 0.0026356480084359646, 0.02198614552617073, 0.0023314054124057293, -0.014186778105795383, 0.0026608614716678858, -0.0053116376511752605, -0.005029246676713228, -0.014361592009663582, -0.013010149821639061, -0.0001227055472554639, 0.01334632933139801, 0.012082294560968876, 0.026975050568580627, -0.0053553408943116665, -0.012478985823690891, 0.029825853183865547, 0.00021347403526306152, -0.001753176562488079, -0.0032189195044338703, 0.0025869018863886595, 0.02456800453364849, 0.02000940963625908, -0.018731925636529922, -0.015329789370298386, 0.029556909576058388, 0.012216766364872456, 0.03297249227762222, 0.0044678268022835255, 0.05744636803865433, 0.005308275576680899, -0.012364685535430908, 0.012068847194314003, 0.005341893527656794, 0.02238956093788147, -0.008256570436060429, 0.0053755114786326885, 0.0357695072889328, -0.027459148317575455, 0.03802863508462906, -0.02338465116918087, -0.027122968807816505, -0.012660522945225239, -0.0034559261985123158, -0.03186982497572899, -0.018180591985583305, -0.004329992923885584, 0.008552408777177334, -0.0012892486993223429, -0.014939820393919945, 0.007147178053855896, 0.00506958831101656, -0.020426271483302116, 0.02185167372226715, 0.013864045962691307, -0.009917297400534153, -0.013635443523526192, -0.004363610874861479, 0.009292003698647022, -0.024810053408145905, -0.01941773295402527, -0.012210042215883732, -0.004461103118956089, 0.02311570756137371, 0.03671080991625786, -0.01795198954641819, -0.002812142251059413, 0.013225304894149303, 0.005812544841319323, -0.01662071794271469, -0.004602298606187105, -0.027243994176387787, 0.045074958354234695, 0.021878566592931747, -0.0002201976312790066, 0.008296912536025047, -0.012532775290310383, 0.02729778178036213, -0.013037044554948807, 0.01231762021780014, -0.0165534820407629, -0.04179384559392929, -0.008155716583132744, 0.01307738572359085, 0.009688695892691612, 0.010125729255378246, -0.003472735174000263, 0.02571101486682892, -0.002973508322611451, 0.0023919176310300827, -0.006444562692195177, -0.032219450920820236, 0.0022524031810462475, 0.000928696128539741, -0.004182074218988419, 0.016069384291768074, 0.0014497744850814342, -0.004699790384620428, -0.00010432073031552136, -0.0047165993601083755, 0.015007056295871735, -0.0066597177647054195, 0.010206412523984909, 0.004323269240558147, -0.0029180387500673532, -0.009379410184919834, -0.0027701198123395443, 0.029583802446722984, 0.0006488265935331583, -0.018032673746347427, -0.008350701071321964, -0.0034962675999850035, -0.00483762426301837, 0.015652520582079887, -0.025267258286476135, 0.028830761089920998, -0.03186982497572899, 0.01327909342944622, 0.001820412464439869, 0.012868954800069332, -0.0003231526352465153, -0.009083572775125504, -0.006269749253988266, 0.010253476910293102, 0.016808979213237762, 0.04217036813497543, -0.02550930716097355, -0.02915349416434765, -0.009762655012309551, 0.016203856095671654, 0.0035635035019367933, 0.01649969443678856, 0.017239289358258247, 0.015397025272250175, -0.012546221725642681, -0.012021781876683235, -0.6166340112686157, -0.015531497076153755, -0.009547499939799309, -0.042896516621112823, 0.01842264086008072, 0.01387749332934618, 0.018570560961961746, 0.02636992745101452, -0.03824378922581673, 0.030767155811190605, -0.01835540495812893, 0.021770989522337914, 0.025482412427663803, -0.003034020774066448, -0.01325219962745905, -0.017723387107253075, 0.02563033066689968, -0.007167348638176918, -0.00765144731849432, 0.0033130499068647623, -0.0042896512895822525, 0.030256163328886032, 0.0033466678578406572, -0.00335339130833745, 0.005298190284520388, -0.028239084407687187, 0.007483357563614845, 0.018584007397294044, 0.006555501837283373, 0.006837892811745405, -0.017535127699375153, 0.025670673698186874, 0.009782825596630573, 0.002548241289332509, 0.04918979853391647, -0.005254487041383982, -0.03205808624625206, 0.013050490990281105, 0.010804811492562294, 0.02987964078783989, 0.0031298319809138775, -0.0035903980024158955, 0.01530289463698864, -0.01775028184056282, -0.010549315251410007, -0.01030054222792387, 0.03168156370520592, 0.015128081664443016, 0.00693874666467309, -0.03853962570428848, 0.004632554482668638, -0.015275999903678894, -0.0016187046421691775, -0.011967993341386318, 0.02134067937731743, -0.016808979213237762, 0.012640352360904217, -0.0005773884477093816, 0.03340280428528786, -0.032031189650297165, 0.010159347206354141, 0.01056276261806488, -0.04112148657441139, -0.005180527456104755, -0.04975457862019539, 0.014334697276353836, 0.011564577929675579, -3.146430753986351e-05, 0.013621997088193893, -0.016109725460410118, 0.011638537049293518, 0.014805348590016365, -0.01122839841991663, 0.00874066911637783, 0.014724665321409702, -0.0134135652333498, 0.008364148437976837, -0.02185167372226715, -0.011678879149258137, 0.030498212203383446, 0.01516842283308506, -0.012734482996165752, -0.019027763977646828, -0.01695689745247364, 0.011443553492426872, 0.010112281888723373, -0.016351774334907532, -0.02100449986755848, 0.018785715103149414, -0.011154438368976116, 0.0034307127352803946, 0.003782020416110754, -0.005678073037415743, 0.008155716583132744, 0.006283196620643139, 0.018032673746347427, -0.008323806338012218, 0.00920459721237421, 0.0071202837862074375, -0.023935986682772636, -0.038055527955293655, -0.022241640836000443, -0.007819537073373795, 0.000803889415692538, 0.014818795956671238, 0.02147515118122101, -0.024204930290579796, -0.008075033314526081, 0.034478578716516495, -0.03127814829349518, -0.008135545998811722, 0.0010203050915151834, -0.020896922796964645, -0.0010598060907796025, -0.007738853804767132, -0.024164589121937752, 0.026477504521608353, -0.019767358899116516, 0.009372686967253685, -0.006350432522594929, -0.003178577870130539, 0.026598528027534485, 0.03617292270064354, -0.012640352360904217, 0.017992330715060234, 0.002894506324082613, -0.01414643693715334, 0.00013111003499943763, 0.012035229243338108, -0.024258717894554138, 0.007389227394014597, -0.040099501609802246, 0.01887984573841095, -0.016835873946547508, 0.052336435765028, -0.05284743010997772, 0.011833521537482738, 0.025589989498257637, 0.04313856363296509, -0.017319971695542336, -0.013467353768646717, -0.022887106984853745, 0.01920257695019245, 0.012304172851145267, 0.02424527145922184, -0.0012388217728585005, -0.01999596133828163, -0.008693603798747063, -0.04615073278546333, 0.009883679449558258, 0.02213406376540661, 0.009688695892691612, -0.00663954671472311, 0.03079405054450035, -0.010946007445454597, -0.00874066911637783, 0.003215557662770152, -0.013931281864643097, -0.012438644655048847, -0.013467353768646717, -0.017588915303349495, 0.02443353272974491, 0.020049750804901123, -0.011510789394378662, -0.026208560913801193, -0.02987964078783989, 0.015343235805630684, -0.0024389829486608505, -0.006178980693221092, -0.012203318998217583, -0.022860212251544, -0.0089423768222332, -0.013453907333314419, -0.028185296803712845, 0.023357758298516273, 0.005654540378600359, -0.041040804237127304, -0.009036507457494736, 0.015800440683960915, -0.011598195880651474, -0.005035970360040665, 0.02490418404340744, 0.0026440524961799383, 0.0069320229813456535, 0.03455926105380058, -0.006599205080419779, 0.01947152242064476, -0.003109661163762212, -0.032084979116916656, 0.033940691500902176, 0.008021244779229164, 0.02277952805161476, -0.00960801262408495, -0.029987219721078873, 6.534490967169404e-05, -0.015208764001727104, 0.023828409612178802, 0.0016582057578489184, 0.030901627615094185, 0.00159012945368886, 0.01132252812385559, 0.009298726916313171, 0.013655615039169788, -0.013494248501956463, 0.004965372383594513, -0.03722180426120758, 0.009130637161433697, -0.003755125915631652, 0.041229065507650375, 0.0007627074373885989, 0.017319971695542336, -0.01314462162554264, -0.0009522286709398031, 0.015921464189887047, 0.027136415243148804, 0.05225575342774391, 0.0020708662923425436, -0.00693874666467309, 0.01947152242064476, -0.018651243299245834, -0.005688158329576254, -0.0018826057203114033, 0.04927048087120056, 0.015679415315389633, -0.0015817249659448862, -0.00483762426301837, 0.01414643693715334, 0.030686471611261368, 0.004857794847339392, -0.012418474070727825, 0.00551334535703063, 0.002756672678515315, 0.005903313402086496, 0.012774824164807796, 0.02357291243970394, 0.00940630491822958, 0.0051132915541529655, -0.0012900891015306115, 0.012478985823690891, 0.004662810824811459, 0.006212598644196987, 0.04351508617401123, 0.010253476910293102, -0.03808242455124855, 0.03283802047371864, 0.016150066629052162, 0.015921464189887047, 0.01761581003665924, -0.001694345148280263, 0.03671080991625786, 0.014307803474366665, -0.009554224088788033, -0.022819869220256805, 0.01668795384466648, 0.0028407175559550524, -0.023734278976917267, 0.014791901223361492, 0.01367578562349081, 0.006175619084388018, 0.02861560694873333, 0.007496804930269718, -0.023075366392731667, -0.0005160356522537768, 0.014643982984125614, 0.008128822781145573, 0.009903850965201855, 0.004393867217004299, -0.030551999807357788, -0.013662338256835938, -0.011309080757200718, 0.009722313843667507, -0.05397699400782585, 0.0042493101209402084, -0.014119542203843594, 0.0003466852067504078, -0.006585758179426193, 0.01265379972755909, 0.02993343025445938, 0.014469169080257416, -0.003950110170990229, -0.010582933202385902, 0.002190209925174713, 0.008236399851739407, -0.004034155048429966, 0.003124789334833622, -0.009769379161298275, 0.005247763358056545, 0.013823704794049263, 0.010939283296465874, 0.02398977428674698, -0.005516706965863705, 0.021313786506652832, -0.0006509277154691517, 0.002186848083510995, 0.01063672173768282, 0.01609627902507782, 0.04200899973511696, 0.001936394372023642, -0.01649969443678856, 0.002398641314357519, 0.012794994749128819, 0.019525310024619102, -0.04052980989217758, -0.03652254864573479, 0.04332682490348816, -0.009601288475096226, 0.011060308665037155, -0.03318765014410019, -0.004208968486636877, 0.00511665316298604, -0.012768100947141647, -0.02635647915303707, -0.012620181776583195, -0.00887514092028141, 0.024137694388628006, -0.0003578211471904069, -0.009924021549522877, 0.0036912518553435802, 0.029825853183865547, -0.004296374972909689, -0.007705235853791237, -0.014401933178305626, -0.020816240459680557, 0.03603845089673996, -0.000991729786619544, 0.028857655823230743, -0.009749207645654678, -0.00881462823599577, -0.007369056344032288, 0.014590193517506123, -0.030498212203383446, 0.002938209567219019, 0.011625089682638645, -0.030390635132789612, -0.023357758298516273, 0.0058259922079741955, 0.029503120109438896, -0.01530289463698864, 0.006649632006883621, 0.010192965157330036, -0.024594899266958237, -0.03762521967291832, -0.022039933130145073, -0.04671551659703255, -2.0512206901912577e-05, 0.00970214232802391, 0.03028305619955063, 0.04399918392300606, 0.010280371643602848, -0.007133730687201023, 0.010623275302350521, 0.009930744767189026, 0.006498351227492094, -0.002269212156534195, -0.028561817482113838, -0.017992330715060234, 0.02166341245174408, 0.005718414671719074, -0.030982309952378273, 0.02212061733007431, 0.006084850523620844, 0.032757338136434555, 0.011766285635530949, 0.007214413955807686, 0.017965437844395638, 0.011766285635530949, 0.009170979261398315, 0.011127544566988945, 0.006629461422562599, 0.02443353272974491, -0.010535867884755135, 0.006612652447074652, 0.0111006498336792, -0.01933704875409603, -0.004313183948397636, -0.026383373886346817, -0.020749004557728767, 0.006972364615648985, 0.01597525365650654, -0.010683787055313587, 0.012021781876683235, -0.017521679401397705, -0.027970140799880028, -0.04346129670739174, -0.0012211723951622844, -0.009493711404502392, 0.014132989570498466, -0.0016792169772088528, -0.002072547096759081, -0.029099704697728157, -0.04550526663661003, -0.009681971743702888, -0.03412895277142525, 0.010461908765137196, -0.020883476361632347, -0.02252403274178505, -0.008653262630105019, 0.003956833854317665, 0.03988434746861458, 0.013312711380422115, 0.029530014842748642, -0.0049586487002670765, -0.010777917690575123, 0.029180387035012245, -0.03297249227762222, -0.014375039376318455, -0.002524708630517125, -0.007490081246942282, 0.018651243299245834, -0.0006273951730690897, 0.009641630575060844, -0.012176424264907837, -0.008148993365466595, 0.03636118397116661, 0.00483762426301837, -0.014549852348864079, 0.02655818685889244, -0.005022522993385792, 0.016916556283831596, -0.007248031906783581, -0.015410471707582474, -1.860806514741853e-05, -0.009117190726101398, -0.011302357539534569, 0.012378131970763206, 0.026477504521608353, 0.0008396084886044264, -0.001606097910553217, 0.005664626136422157, -0.0022658503148704767, -0.008982718922197819, 0.03754453733563423, -0.01582733541727066, 0.012445367872714996, 0.0027264163363724947, -0.003869426902383566, 0.010932560078799725, -0.00433671660721302, 0.015410471707582474, 0.01688966155052185, 0.010777917690575123, 0.02524036355316639, -0.013305988162755966, -0.008458278141915798, 0.011046861298382282, 0.0053755114786326885, 0.01095945481210947, -0.00335339130833745, 0.0031147038098424673, -0.008222952485084534, -0.004783835262060165, -0.012626904994249344, -0.007685065269470215, 0.02066832035779953, -0.008135545998811722, -0.012472262606024742, -0.010993072763085365, -0.003215557662770152, -0.039722979068756104, 0.002670946763828397, -0.004662810824811459, 0.005274657625705004, 0.004622469190508127, -0.017656151205301285, -0.009500434622168541, -0.0337793231010437, 0.006347070448100567, -0.016055935993790627, -0.020614532753825188, -0.0208700280636549, -0.013198410160839558, 0.005439385771751404, 0.013070662505924702, 0.004629192873835564, 0.02497141994535923, -0.004877965897321701, 0.004410676192492247, 0.005362064577639103, -0.014159884303808212, -0.04986215755343437, 0.002440663753077388, 0.022604715079069138, 0.035473670810461044, 0.01082498300820589, 0.05540239438414574, -0.01908155344426632, 0.006858063396066427, 0.0007790962117724121, 0.012472262606024742, 0.009480264037847519, -0.010455184616148472, 0.01421367283910513, -0.011288910172879696, 0.0003431132936384529, 0.022940894588828087, 0.01847643032670021, 0.03657633811235428, 0.01381025742739439, 0.011443553492426872, 0.02021111734211445, -0.023734278976917267, -0.010488802567124367, -0.014361592009663582, -0.04200899973511696, -0.010549315251410007, 0.013191686943173409, 1.1680926945700776e-05, -0.002697841264307499, -0.01908155344426632, -0.004743494093418121, 0.010885494761168957, 0.005977272987365723, 0.013655615039169788, 0.009123913943767548, 0.027674302458763123, -0.019189130514860153, -0.019041212275624275, -0.008565856143832207, -0.013655615039169788, -0.043757133185863495, -0.012216766364872456, -0.016284538432955742, -0.0028087804093956947, 0.01394472923129797, -0.0002935267984867096, 0.02510589174926281, 0.006498351227492094, 0.004830900579690933, -0.012673970311880112, 0.027674302458763123, 0.008491896092891693, -0.010556038469076157, -0.004229139070957899, -0.014603640884160995, 0.0038458944763988256, -0.024218376725912094, -0.030767155811190605, -0.00320379133336246, 0.045155640691518784, 0.022308876737952232, 0.0034592878073453903, 0.002087675267830491, -0.002788609592244029, -0.004565318580716848, 0.018368853256106377, -0.017319971695542336, 0.050319358706474304, 0.010011428035795689, 0.01562562771141529, 0.01278827153146267, 0.020574189722537994, -0.026343032717704773, -0.009997980669140816, 0.022618161514401436, -0.006192428059875965, 0.02635647915303707, 0.026732999831438065, -0.008236399851739407, -0.011530959978699684, 0.0006593322032131255, -0.012176424264907837, -0.0022171044256538153, -0.015612179413437843, -0.017830966040492058, -0.007960732094943523, -0.0025784973986446857, -0.017064476385712624, 0.0007253074436448514, -0.014939820393919945, -0.028373556211590767, -0.00030403240816667676, 0.011396488174796104, 0.015921464189887047, -0.007147178053855896, -0.04496737942099571, -0.004911583848297596, -0.007086665835231543, 0.04943184554576874, 0.010865324176847935, 0.012969808652997017, -0.013581654988229275, -0.009628183208405972, -0.02701539173722267, 0.021354127675294876, -0.019646335393190384, 0.028642499819397926, -0.01741410233080387, -5.981632966722827e-06, 0.02557654306292534, -0.007328714709728956, -0.006437839008867741, -0.009170979261398315, 0.0009597926982678473, 0.03356416895985603, -0.003711422672495246, -0.004622469190508127, -0.004040878731757402, -0.010710681788623333, 0.012694140896201134, 0.009587842039763927, -0.024890735745429993, -0.022470243275165558, -0.041363537311553955, 0.024151140823960304, 0.006945470348000526, 0.006027699913829565, -0.002810461213812232, 0.005795735865831375, -0.00744973961263895, 0.004340078216046095, -0.012472262606024742, -0.00010195696086157113, 0.037060435861349106, -0.0013405161444097757, -0.014065753668546677, 0.009547499939799309, -0.0019632887560874224, 0.026262348517775536, 0.012727758847177029, -0.0018355405190959573, 0.020627979189157486, -0.0015707991551607847, -0.009097019210457802, 0.009177702479064465, -0.013232028111815453, -0.027593620121479034, -0.027539830654859543, 0.011584748513996601, 0.0042896512895822525, -0.007564040832221508, 0.014603640884160995, -0.003913130145519972, -0.04286962002515793, -0.008552408777177334, 0.0026306051295250654, -0.009829890914261341, -0.007732130587100983, -0.010858600959181786, 0.01245881523936987, -0.012223489582538605, 0.005842801183462143, -0.044295020401477814, -0.03297249227762222, 0.019189130514860153, -0.021367574110627174, 0.01867813803255558, 0.033026281744241714, -0.016714848577976227, 0.01206212304532528, -0.021703753620386124, -0.001446412643417716, 0.019632887095212936, -0.04615073278546333, -0.02146170474588871, 0.022940894588828087, 0.031842928379774094, -0.010354330763220787, 0.004719961434602737, -0.01401196513324976, 0.0047401320189237595, -0.007046324200928211, -0.008586026728153229, 0.00506958831101656, -0.014818795956671238, -0.001556511502712965, 0.018785715103149414, 0.017777176573872566, -0.016540035605430603, -0.016970345750451088, -0.008431384339928627, -0.013783362694084644, -0.04609694331884384, -0.026638871058821678, -0.013716126792132854, -0.013292540796101093, 0.011080479249358177, 0.003664357354864478, -0.02966448664665222, -0.023747725412249565, -0.004178712144494057, -0.016983792185783386, -0.0030104881152510643, -0.002524708630517125, 0.006454647984355688, 0.017777176573872566, 0.011692325584590435, -0.0012816846137866378, 0.038862358778715134, 0.009984533302485943, -0.0035702271852642298, -0.04087943583726883, 0.013971623964607716, -0.014684324152767658, -0.011611643247306347, 0.019498415291309357, -0.001934713451191783, -0.04736097902059555, -0.00947354082018137, -0.012230212800204754, 0.0021011224016547203, 0.022335771471261978, 0.02372083067893982, -0.012875678017735481, -0.025885827839374542, -0.02470247633755207, 0.009036507457494736, -0.009251662530004978, -0.007093389052897692, 0.00010957353515550494, -0.008081757463514805, -0.010455184616148472, 0.01050224993377924, 0.03463994339108467, -0.013164792209863663, 0.013823704794049263, 0.006269749253988266, -0.0192160252481699, -0.0036576339043676853, -0.002190209925174713, -0.0056175608187913895, -0.013460630550980568, -0.016782084479928017, 0.004064411390572786, -0.002316277241334319, 0.016217302531003952, 0.014173331670463085, -0.0012052038218826056, 0.0017649427754804492, -0.01530289463698864, 0.02708262763917446, 0.0005626805941574275, -0.0049250307492911816, 0.03337590768933296, 0.006790827494114637, -0.004723323043435812, -0.019444627687335014, 0.00534861721098423, -0.01321185752749443, 0.0011379679199308157, 0.04133664071559906, 0.006972364615648985, -0.03829757869243622, 0.010441738180816174, -0.0017599001294001937, -0.04722650721669197, -0.03291870653629303, -0.0017666236963123083, 0.007698512636125088, -0.016526589170098305, -0.02920728176832199, -0.017010686919093132, -0.028669394552707672, -0.00791366770863533, -0.0014548171311616898, 0.005325084552168846, -0.04442949220538139, -0.013554761186242104, 0.0026877557393163443, 0.006689973641186953, -0.002502857008948922, 0.21816709637641907, 0.008841522969305515, 0.001377495820634067, 0.021219655871391296, 0.0028726544696837664, 0.003640824928879738, 0.011578025296330452, -0.001180830760858953, -0.016916556283831596, 0.015316342003643513, -0.008216229267418385, 0.00900288950651884, -0.009365962818264961, 0.003946748096495867, -0.009271833114326, -0.016392117366194725, -0.030982309952378273, -0.025011761114001274, -0.026719553396105766, -0.0004819974710699171, 0.02589927427470684, 0.0027146502397954464, 0.0058461627922952175, -0.013568207621574402, -0.005789012648165226, -0.016970345750451088, 0.024756263941526413, 0.013756468892097473, 0.0023095537908375263, 0.0012010015780106187, -0.008754116483032703, 0.00030697399051859975, -0.010125729255378246, -0.022577820345759392, -0.02696160227060318, -0.01867813803255558, 0.023613253608345985, 0.01265379972755909, -0.004968734458088875, 0.020762450993061066, -0.014684324152767658, -0.03345659375190735, -0.015491154976189137, 0.006105021107941866, -0.005940293427556753, 0.01781751774251461, -0.015329789370298386, 0.0076245530508458614, 0.025226915255188942, 0.02345188707113266, -0.030767155811190605, -0.03595776855945587, 0.02583203837275505, -3.931725223083049e-05, 0.0024692390579730272, 0.007200966589152813, 0.018718479201197624, 0.019242919981479645, 0.007510251831263304, 0.018180591985583305, 0.0005320041673257947, 0.018234381452202797, -0.012028505094349384, 0.011383040808141232, -0.017790623009204865, 0.011268739588558674, -0.009715589694678783, -0.0071202837862074375, 0.015491154976189137, -0.016647612676024437, 0.0015926507767289877, -0.027042286470532417, -0.008155716583132744, 0.02372083067893982, 0.0162307508289814, -0.014590193517506123, 0.010596380569040775, 0.0028642499819397926, 0.003815638367086649, 0.0417131632566452, -0.02205338142812252, -0.011140991002321243, -0.005866333842277527, -0.013581654988229275, -0.019108448177576065, 0.004881327506154776, 0.011867139488458633, -0.009231491014361382, -0.0072278608568012714, 0.0032592611387372017, -0.008391042239964008, 0.003630739403888583, -0.01381025742739439, -0.008451554924249649, 0.01198816392570734, 0.0023700660094618797, 0.0005198176950216293, -0.013339606113731861, -0.029530014842748642, -0.0016153429169207811, -0.036065347492694855, 0.035070255398750305, -0.0075909350998699665, 0.0018389023607596755, -0.018772268667817116, -0.01663416624069214, -0.03318765014410019, -0.009722313843667507, -0.003966919146478176, -0.024957971647381783, 0.004407314117997885, -0.02915349416434765, -0.00032924587139859796, -0.022308876737952232, 0.0007601860561408103, -0.004363610874861479, 0.014765007421374321, 0.009298726916313171, -0.0005715052830055356, -0.01374974474310875, 0.01741410233080387, -0.015881123021245003, -0.0053553408943116665, 0.015047398395836353, 0.0022792976815253496, -0.02164996601641178, 0.001739729312248528, 0.012499157339334488, 0.00693874666467309, -0.02915349416434765, 0.030229268595576286, -0.006414306350052357, 0.005204060114920139, -0.025267258286476135, -0.005066226236522198, 0.009769379161298275, 0.005264572333544493, -0.020775897428393364, -0.003086128504946828, 0.0035097149666398764, -0.005005714017897844, 0.0075909350998699665, 0.024016669020056725, -0.01761581003665924, 0.004400590900331736, -0.016351774334907532, 0.010455184616148472, 0.02325017936527729, 0.0028911444824188948, -0.016042489558458328, -0.016916556283831596, 0.006135277450084686, -0.009587842039763927, -0.009298726916313171, -0.003745040623471141, -0.021555835381150246, 0.00045510311610996723, -0.04257378354668617, 0.01394472923129797, -0.025872381404042244, -0.04001881927251816, -0.0037013371475040913, 0.01109392661601305, 0.0015993743436411023, -0.02291399985551834, -0.026975050568580627, -0.16997240483760834, 0.02191890962421894, 0.04451017826795578, -0.02100449986755848, -0.010058493353426456, -0.010421566665172577, 0.025872381404042244, 0.0047401320189237595, -0.016728296875953674, -0.008068310096859932, 0.022013038396835327, -0.0034996294416487217, -0.04208968207240105, -0.03195050731301308, -0.018382299691438675, 0.005301551893353462, 0.017387207597494125, 0.020170774310827255, 0.041901424527168274, 0.028050824999809265, 0.0245007686316967, -0.03544677421450615, -0.012539498507976532, -0.0075909350998699665, -0.0025381557643413544, 0.04523632302880287, 0.01941773295402527, 0.02364014834165573, -0.014563299715518951, -0.03281112760305405, 0.00032672451925463974, -0.026679212227463722, 0.011383040808141232, 0.010771193541586399, -0.0038055528420954943, -0.006333623547106981, 0.007765748538076878, 0.01702413335442543, 0.010327436961233616, 0.004746855702251196, 0.005486450623720884, 0.03345659375190735, -0.02013043314218521, 0.03727559372782707, 0.030229268595576286, 0.026719553396105766, 0.033214543014764786, 0.014670876786112785, -0.0010161028476431966, -0.02762051485478878, 0.010670339688658714, -0.04147111251950264, 0.005012437701225281, -0.008128822781145573, 0.012889125384390354, 0.00963490642607212, 0.030551999807357788, 0.015934912487864494, -0.018261274322867393, -0.018516771495342255, 0.013487525284290314, 0.0007736332481727004, 0.013319435529410839, -0.008491896092891693, 0.009466816671192646, -0.010293819010257721, -0.020749004557728767, 0.0029247624333947897, -0.02564377896487713, 0.013359776698052883, -0.020305246114730835, 0.006464733276516199, -0.0065420544706285, 0.014805348590016365, -0.015612179413437843, 0.025200022384524345, 0.005624284502118826, 0.004972096066921949, 0.013729574158787727, 0.008270017802715302, -0.019054658710956573, 0.022860212251544, -0.015813887119293213, 0.02861560694873333, -0.01049552671611309, -0.0003113863349426538, -0.001739729312248528, -0.003052510553970933, 0.011114097200334072, -0.014254014007747173, 0.026652317494153976, -0.02265850454568863, -0.006683249957859516, 0.011302357539534569, -0.0037013371475040913, 0.012068847194314003, -0.0036139304284006357, 0.018099909648299217, 0.03603845089673996, -0.01602904312312603, -0.0037652114406228065, 0.008054862730205059, -0.006810998544096947, 0.0005093120853416622, -0.0033012835774570704, 0.018180591985583305, 0.012801718898117542, -0.016378669068217278, 0.03902372717857361, -0.010730852372944355, -0.016257645562291145, 0.02271229214966297, 0.007658171001821756, 0.0254958588629961, -0.0012942913454025984, 0.016015594825148582, -0.010744299739599228, 0.002981912810355425, -0.008088480681180954, 0.011739390902221203, 0.05717742443084717, -0.008935653604567051, 0.007577487733215094, 0.02842734567821026, -0.0032189195044338703, 0.0029348477255553007, -0.07067839801311493, -0.009601288475096226, 0.0015665969112887979, 0.03722180426120758, -0.03324143588542938, 0.01847643032670021, -0.018839504569768906, 0.004689705092459917, -0.0024978143628686666, 0.022887106984853745, -0.018987422809004784, -0.017118263989686966, 0.00032588408794254065, 0.013151345774531364, 0.01941773295402527, 0.017602363601326942, -0.0018002416472882032, 0.007752301171422005, -0.012297449633479118, 0.02934175357222557, 0.011625089682638645, -0.009439922869205475, 0.0331069640815258, -0.009850061498582363, -0.0007248872425407171, 0.011315804906189442, -0.01569286361336708, 0.01503395102918148, 0.020896922796964645, -0.02630269154906273, -0.007900220341980457, -0.00921132043004036, 0.00673703895881772, -0.007772471755743027, -0.03638807684183121, 0.0021515493281185627, -0.019861489534378052, 0.022833317518234253, 0.03386000916361809, -0.01847643032670021, 0.014428827911615372, 0.015491154976189137, 0.0006668962305411696, -0.001031230902299285, 0.008915483020246029, -0.018530217930674553, -0.010542592033743858, 0.012304172851145267, -0.010609827935695648, -0.024339402094483376, -0.007416121661663055, 0.022685397416353226, -0.016916556283831596, -0.009715589694678783, -0.0016397159779444337, 0.02292744815349579, 0.014401933178305626, 0.023008130490779877, -0.00039648180245421827, 0.02756672538816929, -0.01992872543632984, -0.009036507457494736, -0.015249106101691723, 0.0073825037106871605, 0.008888588286936283, 0.013198410160839558, -0.011013243347406387, -0.01582733541727066, -0.007221137639135122, -0.0008379276259802282, -0.014321249909698963, 0.00980299711227417, -0.011114097200334072, 0.008720498532056808, -0.03899683058261871, 0.03383311256766319, 0.003617292270064354, -0.027190204709768295, 0.028185296803712845, -0.027862563729286194, -0.0036341012455523014, -0.008713774383068085, -0.03558124601840973, -0.004561956971883774, 0.024016669020056725, -0.005644455086439848, -0.0013640486868098378, 0.009446646086871624, 0.0017817517509683967, -0.04550526663661003, 0.00023742683697491884, 5.370994040276855e-05, 0.0051132915541529655, -0.015383577905595303, -0.011188056319952011, 0.026074089109897614, -0.014401933178305626, -0.0010875409934669733, -0.003052510553970933, -0.008404489606618881, -0.026800235733389854, 0.001619545160792768, -0.05456867069005966, 0.019901830703020096, -0.0056175608187913895, -0.007631276734173298, 0.00907684862613678, 0.004131647292524576, -0.019068105146288872, -0.03749074786901474, 0.02412424609065056, 0.0007832984556443989, -0.02284676395356655, 0.0058159069158136845, -0.016661060974001884, -0.031305041164159775, 0.007200966589152813, -0.013527866452932358, 0.006824445445090532, 0.0208700280636549, 0.014361592009663582, 0.0047300467267632484, 0.0003227324050385505, 0.0032340476755052805, 0.0071404543705284595, 0.017656151205301285, 0.01159147173166275, -0.014132989570498466, 0.02033214084804058, 0.02628924325108528, -0.016903109848499298, -0.02807771973311901, 0.01801922544836998, -0.03550056368112564, 0.002099441597238183, 0.014751560054719448, 0.00881462823599577, -0.015800440683960915, -0.004998990334570408, 0.026813684031367302, 0.008095204830169678, -0.03305317834019661, -0.029556909576058388, -0.022026486694812775, 0.0013346329797059298, 0.002981912810355425, -0.02544207125902176, -0.015719756484031677, 0.0020355673041194677, 0.0033382633700966835, 0.011752838268876076, 0.01834195852279663, 0.020036302506923676, 0.0104282908141613, -0.00027923917514272034, -0.037463851273059845, -0.03727559372782707, -0.024621792137622833, 0.011907480657100677, 0.018167145550251007, -0.01503395102918148, 0.00758421141654253, 0.028830761089920998, -0.0049384781159460545, 0.0010026555974036455, -0.003802191000431776, 0.006400859449058771, -0.0238418560475111, -0.03870099410414696, 0.0019431179389357567, 0.030363740399479866, -0.03014858439564705, -0.004430846776813269, -0.01199488714337349, 0.008370871655642986, 0.008485172875225544, 0.007738853804767132, -0.023169497027993202, 0.003479458624497056, 0.002296106657013297, -0.003018892602995038, 0.020681768655776978, 0.029852747917175293, -0.015343235805630684, 0.01138976402580738, -0.0119276512414217, 0.03681838884949684, 0.006632823031395674, -0.018395746126770973, 0.057984255254268646, 0.010213135741651058, 0.0027280973736196756, -0.00784643180668354, 0.007254755590111017, -0.018839504569768906, 0.014200225472450256, 0.016123173758387566, 0.0038895977195352316, -0.015343235805630684, 0.0007400152971968055, 0.014186778105795383, -0.005873057525604963, 0.03238081932067871, -0.0009824847802519798, -0.006770656909793615, 0.01695689745247364, 0.012075570411980152, -0.021555835381150246, -0.027136415243148804, -0.031493302434682846, -0.01374974474310875, 0.029960324987769127, 0.004282928071916103, 0.0031953868456184864, -0.0029113152995705605, 0.012263830751180649, -0.0027869287878274918, 0.0058461627922952175, -0.0022540842182934284, 0.0011841926025226712, -0.01212263572961092, -0.004760303068906069, 0.0013052172726020217, -0.005620922427624464, 0.020022856071591377, -0.019458074122667313, 0.031708456575870514, 0.02060108445584774, -0.017333419993519783, -0.00596382562071085, 0.004491359461098909, 0.02961069718003273, 0.033806219696998596, 0.0014976800885051489, -0.0245007686316967, -0.029987219721078873, -0.01016607042402029, -0.05900624021887779, -0.0025415176060050726, -0.006720229983329773, 0.0007656490197405219, 0.06680560857057571, 0.0036475483793765306, -0.003929939121007919, 0.026598528027534485, 0.007812813855707645, 0.004777112044394016, 0.02033214084804058, -0.002284340327605605, -0.03472062572836876, -0.029718276113271713, 0.009392857551574707, 0.017333419993519783, -0.004219053778797388, -0.00784643180668354, 0.00622604601085186, 0.0031987486872822046, -0.01186041533946991, 0.013299264013767242, -0.006357155740261078, 0.014428827911615372, -0.004185435827821493, 0.009486988186836243, 0.01913534104824066, -0.017844412475824356, -0.01828816905617714, -0.010192965157330036, 0.012351238168776035, -0.022174404934048653, -0.02464868687093258, -0.037732794880867004, -0.005140185821801424, -0.004188797436654568, -0.03251529112458229, -0.024527661502361298, -0.01807301491498947, -0.014361592009663582, -0.00940630491822958, -0.009197873063385487, -0.005526792258024216, -0.014375039376318455, -0.023559466004371643, 0.003607206977903843, -0.030309950932860374, -0.022900553420186043, -0.006020976230502129, 0.005035970360040665, 0.003872788744047284, -0.00820950511842966, -0.020574189722537994]","[-0.027428658679127693, 0.02387750893831253, 0.01271391287446022, -0.0031254759524017572, 0.007294433191418648, 0.0069697946310043335, -0.01029568538069725, -0.019743334501981735, -0.0023552870843559504, -0.023506494238972664, 0.01537064928561449, -0.003786347573623061, 0.00655902735888958, -0.008785121142864227, 0.009222390130162239, -0.0041971150785684586, 0.005949501413851976, -0.010845583863556385, 0.009633157402276993, -0.028965724632143974, -0.018312273547053337, 0.014376857317984104, -0.004631070885807276, 0.00162899075075984, -0.005966064520180225, -0.031112315133213997, -0.006048880517482758, -0.03794960305094719, -0.004846392199397087, 0.006916792597621679, 0.0061416346579790115, 0.010984714142978191, -0.03482247143983841, -0.03508748486638069, -0.024924304336309433, 0.004306431859731674, 0.005094840191304684, -0.0011925504077225924, -0.00586005998775363, -0.0168414618819952, 0.0021548722870647907, -0.00966628361493349, -0.003783034859225154, 0.0045681307092309, -0.024911053478717804, 0.0061880117282271385, -0.011653867550194263, -0.013283686712384224, 0.000286750408122316, -0.003494835225865245, -0.015436902642250061, 0.008857998996973038, -0.03665104880928993, -0.027852676808834076, 0.023599248379468918, 0.007771453354507685, -0.007307684049010277, 0.0256133321672678, 0.0017672934336587787, 0.000665012514218688, 0.008440607227385044, 0.010865459218621254, -0.012501903809607029, -0.015198392793536186, -0.0037797223776578903, -0.02031310833990574, -0.011839375831186771, -0.012296520173549652, 0.00976566318422556, -0.011620741337537766, 0.03604152426123619, 0.011077468283474445, -0.009891543537378311, -0.0034186444245278835, 0.04849705100059509, 0.012568156234920025, -0.010269183665513992, 0.000458386552054435, 0.02859470807015896, -0.002979719778522849, 0.019120559096336365, -0.003965230192989111, -0.005734180100262165, 0.04025520011782646, 0.030794302001595497, 0.0024314778856933117, 0.016178933903574944, 0.023201730102300644, -0.022512702271342278, -0.0046111950650811195, -0.017371485009789467, 0.03461046144366264, 0.014880378730595112, 0.008539985865354538, 0.007559444755315781, 0.011143720708787441, -0.025547079741954803, 0.02885971963405609, 0.009580154903233051, -0.024884551763534546, -0.018338775262236595, 0.022578954696655273, -0.032225362956523895, -0.012455526739358902, -0.022115183994174004, -0.018020762130618095, 0.015198392793536186, -0.004283243790268898, -0.015860920771956444, 7.437912427121773e-05, -0.0006873728125356138, 0.044548384845256805, 0.01672220602631569, -0.013250560499727726, -0.014549114741384983, -0.01824602112174034, 0.023175230249762535, -0.015635661780834198, 0.009692784398794174, -0.04680097848176956, 0.015410401858389378, 0.05130616948008537, 0.016496947035193443, -0.015635661780834198, -0.007473316043615341, 0.005141217261552811, -0.006184699013829231, -0.012793416157364845, 0.02605060115456581, -0.016735456883907318, 0.050007615238428116, 0.0038526004645973444, -0.006751160603016615, 0.0174774881452322, -0.013621576130390167, 0.03569700941443443, 0.0077515775337815285, 0.0023751629050821066, -0.03153633326292038, -0.02344023995101452, 0.00017556991952005774, 0.038320619612932205, 0.0179545097053051, -0.01902780495584011, 0.01953132636845112, 0.02745516039431095, -0.0019246438750997186, -0.005462543573230505, -0.012137512676417828, -0.0007784704212099314, 0.008043089881539345, -0.0015900671714916825, 0.011322603560984135, 0.0024132581893354654, 0.03090030699968338, 0.022684959694743156, -0.003915540408343077, -0.023135477676987648, -0.0019412070978432894, 0.0046111950650811195, 0.0028670900501310825, 0.015622409991919994, 0.0252953190356493, -0.0009532121475785971, 0.00796358659863472, 0.025944596156477928, 0.012554905377328396, -0.03837362304329872, -0.004770201630890369, 0.001204972853884101, 0.0031768218614161015, 0.02057811990380287, -0.037711095064878464, 0.011819499544799328, 0.005399603396654129, 0.005611611995846033, -0.0016273343935608864, -0.0077184513211250305, -0.015675412490963936, 0.009606655687093735, -0.049848608672618866, 0.005002086516469717, 0.01607292890548706, 0.025971097871661186, -0.0070625487715005875, -0.017079971730709076, 0.023970263078808784, -0.023930512368679047, -0.014217850752174854, -0.026938388124108315, 0.030158275738358498, 0.008374353870749474, 0.002906841691583395, 0.020538367331027985, -0.6432352066040039, -0.006810788065195084, 0.014217850752174854, -0.009513902477920055, 0.0038526004645973444, 0.0340009368956089, 8.027975854929537e-05, 0.007897334173321724, -0.004836454521864653, 0.011607490479946136, -0.011309352703392506, 0.008493608795106411, 0.021982679143548012, -0.011846000328660011, -0.005230658687651157, -0.009785538539290428, 0.008149094879627228, 0.013210808858275414, 0.014019092544913292, 0.026010850444436073, 0.0006848883349448442, 0.00866586621850729, 0.02401001565158367, 0.013469194062054157, -0.00027701951330527663, 0.0022078745532780886, -0.006168135907500982, 0.00507165165618062, -0.0009913075482472777, 0.02997276745736599, -0.02215493656694889, -0.005624862853437662, -0.009275391697883606, 0.0046443212777376175, 0.04802003130316734, -0.01905430480837822, -0.0007320934673771262, 0.004823203664273024, 0.011667118407785892, 0.034133441746234894, -0.02667337842285633, -0.017888255417346954, 0.03137732669711113, 0.00041366592631675303, -0.01038181409239769, -0.02526881732046604, 0.0077979546040296555, 0.015529656782746315, 0.02185017429292202, -0.013402941636741161, -0.0033176089636981487, -0.015728414058685303, -0.026010850444436073, 0.008798372000455856, 0.00819547101855278, 0.005091527942568064, 0.007168552838265896, -0.00647289864718914, -0.011368980631232262, -0.003720094682648778, 0.006350331008434296, 0.014045593328773975, -0.038956645876169205, -0.02448703534901142, -0.020246855914592743, 0.005306849256157875, -0.015874171629548073, 0.002257564105093479, 0.02406301721930504, -0.011673743836581707, 0.018935050815343857, -0.002037273719906807, -0.034239448606967926, 0.017066720873117447, 0.004703948739916086, 0.011958630755543709, 0.002777648624032736, 0.014058844186365604, 0.003042659955099225, 0.020326359197497368, 0.00827497523277998, -0.016828211024403572, -0.01435035653412342, -0.0053598517552018166, 0.043488338589668274, 0.02589159458875656, -0.03344441205263138, 0.01594042405486107, 0.02310897596180439, -0.005621550139039755, 0.005326725076884031, -0.00448200199753046, -0.0287272147834301, 0.012972298078238964, -0.033762428909540176, 0.014323855750262737, 0.009540403261780739, 0.03029078058898449, 0.042216286063194275, -0.027693670243024826, -0.019133808091282845, 1.066903041646583e-05, -0.006824038457125425, -0.016152432188391685, 0.02699139155447483, -0.0002906841691583395, -3.263468170189299e-05, 0.008785121142864227, 0.0034815846011042595, -0.023678751662373543, -0.015105638653039932, -0.0023188479244709015, -0.00011387200356693938, 0.005356539040803909, -0.007380561903119087, -0.030661795288324356, 0.015635661780834198, 0.004134174901992083, 0.014284104108810425, -0.0007068345439620316, 0.020485365763306618, -0.0003441004955675453, 0.019584327936172485, -0.029893264174461365, 0.0014335450250655413, 0.010282434523105621, 0.025043558329343796, -0.028912723064422607, 0.0074004377238452435, -0.002446384634822607, 0.017702748998999596, 0.006578903179615736, 0.029071729630231857, -0.024579789489507675, 0.03564400598406792, 0.00196936447173357, 0.01499963365495205, 0.014734623022377491, 0.014164849184453487, -0.029071729630231857, -0.004286556039005518, 0.005459230858832598, -0.00592962559312582, -0.023188481107354164, -0.025653084740042686, -0.0024960741866379976, -0.019239813089370728, 0.015701914206147194, 0.0003424441674724221, 0.012687411159276962, -0.015489905141294003, -0.02105513960123062, 0.005750743206590414, 0.004601256921887398, 0.012005007825791836, 0.0036902809515595436, -0.013621576130390167, -0.008520110510289669, -0.001005386235192418, -0.022353695705533028, 0.014111846685409546, 0.01022943202406168, -0.010812456719577312, 0.0036704051308333874, -0.008069590665400028, 0.009003755636513233, 0.007029422093182802, 0.016881214454770088, -0.014310604892671108, -0.02557358145713806, 0.005969377234578133, -0.003148664254695177, -0.006181386299431324, 0.010434815660119057, -0.010414940305054188, -0.009646407328546047, -0.010090301744639874, -0.01187250204384327, -0.011455109342932701, -0.011660492978990078, 0.007301058620214462, 0.007884083315730095, 0.0006857165135443211, 0.0013499008491635323, 0.0057606808841228485, -0.0017739187460392714, 0.0022857217118144035, -0.004985523410141468, -0.01014330331236124, -0.01874954253435135, -0.0065391515381634235, 0.013833585195243359, 0.007473316043615341, 0.00464100856333971, -0.02060462161898613, 0.015503155067563057, 0.011130470782518387, 0.011488235555589199, 0.012455526739358902, 0.014588866382837296, -0.00026915199123322964, -0.00820872187614441, 0.014787625521421432, -0.014164849184453487, 0.020392611622810364, -0.028488704934716225, 0.007778078783303499, -0.005734180100262165, -0.00019378944125492126, 0.022419948130846024, 0.020525118336081505, -0.005750743206590414, -0.004091110546141863, -0.01490688044577837, 0.0134890703484416, 0.011256351135671139, -0.005045150872319937, 0.0024314778856933117, -0.005535421427339315, 0.0019494886510074139, 0.010805832222104073, -0.006300641223788261, -0.005310161970555782, 0.003431895049288869, 0.0036008397582918406, -0.009010381065309048, 0.0017507302109152079, -0.0045979442074894905, -0.003001251956447959, -0.028515204787254333, 0.006943293381482363, -0.004299806896597147, 0.01545015349984169, 0.0055022952146828175, 0.018166517838835716, 0.010322186164557934, 0.012839792296290398, -0.01935906894505024, 0.031430330127477646, -0.00820872187614441, -0.006784286815673113, 0.008857998996973038, 0.0002527958422433585, -0.0018385151633992791, 0.025653084740042686, 0.015595909208059311, 0.04147425293922424, 0.015529656782746315, -0.019783087074756622, 0.0013614950003102422, 0.0003505187341943383, 0.0018467968329787254, 0.00046128511894494295, 0.025348320603370667, 0.0076720742508769035, -0.008778495714068413, 0.0006596294697374105, -0.0051213414408266544, 0.03794960305094719, 0.022062182426452637, 0.001387996133416891, -0.029124731197953224, 0.012296520173549652, 0.006734597031027079, 0.03370942547917366, -0.007208304479718208, -0.010832333005964756, 0.035060983151197433, 0.0011354073649272323, -0.01029568538069725, -0.011408732272684574, -0.016311438754200935, -0.0021863423753529787, -0.016510197892785072, -0.007837706245481968, -0.004773514345288277, 0.004650946706533432, -0.018696540966629982, 0.021452656015753746, 0.03092680685222149, -0.015145390294492245, -0.0371810719370842, 0.004972272552549839, 0.018935050815343857, 0.0010285747703164816, -0.0046277581714093685, 0.0025225754361599684, 0.01717272587120533, 0.022419948130846024, 0.02452678605914116, 0.009659658186137676, 0.010501069016754627, -0.004829829093068838, -0.012376023456454277, 0.013899837620556355, 0.0028008371591567993, 0.0174774881452322, -0.012588032521307468, 0.018935050815343857, -0.004515128210186958, 0.024447282776236534, -0.008248473517596722, -0.011521361768245697, 0.0034550835844129324, 0.023837758228182793, 0.006621967535465956, -0.01668245531618595, -0.026183106005191803, -0.03402743861079216, 0.013270435854792595, 0.003915540408343077, -0.01101121585816145, 0.012548280879855156, 0.004700636025518179, 0.003902290016412735, -0.01156111340969801, -0.010169805027544498, -0.027852676808834076, 0.006771036423742771, 0.019107308238744736, -0.010262559168040752, -0.019597578793764114, -0.026024099439382553, 0.005568548105657101, 0.053929779678583145, 0.028992226347327232, 0.003657154506072402, 0.01490688044577837, -0.016284938901662827, -0.023016223683953285, -0.019716832786798477, 0.00975241232663393, 0.00518428161740303, 0.0029979392420500517, -0.014959882013499737, 0.01193212904036045, 0.023188481107354164, -0.012164014391601086, 0.023493243381381035, -0.0014260915340855718, 0.032702382653951645, -0.002467916812747717, 0.0038757887668907642, -0.02514956332743168, -0.004256742540746927, 0.013197558000683784, -0.002110151806846261, -0.0042468043975532055, 0.022115183994174004, 0.013204183429479599, -0.0007730873767286539, 0.0033176089636981487, 0.002456322545185685, -0.014602117240428925, 0.020723875612020493, 0.025507329031825066, 0.014058844186365604, 0.010209556668996811, -0.017676247283816338, 0.005101465620100498, 0.00812259316444397, 0.002289034193381667, 0.003170196432620287, -0.013714329339563847, -0.003115538042038679, -0.0037366580218076706, -0.004028170369565487, 0.012210391461849213, -0.007519692648202181, -0.007294433191418648, 0.005532108712941408, 0.0336829237639904, -0.035034481436014175, 0.012024883180856705, 0.0355910062789917, 0.005654676351696253, 0.002587171969935298, 0.014814126305282116, 0.025083310902118683, 0.027561165392398834, -0.007572695147246122, -0.0005693599814549088, -0.002640174003317952, -0.027852676808834076, -0.02155866101384163, 0.014456361532211304, -0.002896903781220317, -0.021505659446120262, -0.0027991808019578457, -0.03074129857122898, 0.015344148501753807, 0.002961500082165003, -0.0384531244635582, 0.0036836557555943727, -0.0019892402924597263, 0.00866586621850729, -0.02028660662472248, 0.016284938901662827, 0.02387750893831253, 0.001126297633163631, -0.015026135370135307, 0.0065093375742435455, -0.00185507838614285, 0.009149511344730854, 0.016894463449716568, -0.021797170862555504, 0.0038857266772538424, -0.036598045378923416, 0.0025689522735774517, -0.007903958670794964, 0.01294579729437828, 0.001320915180258453, -0.034451454877853394, 0.019902341067790985, 0.01107084285467863, -0.009447649121284485, 0.017225727438926697, -0.023652249947190285, 0.01560916006565094, 0.004544942174106836, -0.005263784900307655, 0.026911888271570206, 0.0057441177777945995, 0.008228598162531853, 0.03596201911568642, 0.0026368615217506886, -0.021664666011929512, -0.007519692648202181, -0.017132975161075592, -0.00554204685613513, 0.013217433355748653, 0.02573258802294731, -0.01413834746927023, 0.015092387795448303, -0.007910584099590778, -0.013303562067449093, -0.009600031189620495, -0.014694871380925179, -0.002954874886199832, 0.005031900014728308, 0.002492761705070734, 0.024301527068018913, -0.008831498213112354, -0.032066356390714645, -0.007453440222889185, -0.008374353870749474, 0.008149094879627228, 0.019306065514683723, -0.016192184761166573, 0.011978506110608578, -0.0023122227285057306, -0.019889090210199356, -0.0020869632717221975, -0.014641868881881237, -0.0002467916929163039, 0.025056809186935425, -0.02825019508600235, -0.025083310902118683, -0.015357399359345436, 0.0024977305438369513, -0.011991756968200207, -0.008268349803984165, -0.014072095043957233, -0.010872084647417068, -0.028329698368906975, 0.0032082919497042894, -0.01808701455593109, -0.016748707741498947, -0.022380195558071136, -0.02215493656694889, -0.016033178195357323, 0.028515204787254333, -0.004465438891202211, 0.044866397976875305, 0.023678751662373543, -0.00224100099876523, -0.02545432560145855, -0.02875371463596821, -0.01429735403507948, -0.015158641152083874, -0.011580989696085453, -0.006837288849055767, 0.03246387094259262, 0.028912723064422607, 0.013542072847485542, 0.026898637413978577, 0.03887714445590973, 0.007393812760710716, 0.0021051827352494, 0.0018037324771285057, 0.024593040347099304, 0.006118446122854948, -0.0025275442749261856, 0.00023995936498977244, 0.02326798439025879, 0.01046794280409813, 0.02092263475060463, 0.019637329503893852, 0.011918879114091396, -0.0010650138137862086, -0.011223223991692066, 0.0010617010993883014, -0.009858416393399239, -0.03834712132811546, 0.007837706245481968, 0.0014062157133594155, -0.007241431158035994, 0.02216818742454052, -0.022247690707445145, -0.02703114226460457, 0.01935906894505024, -0.010255933739244938, 0.031483329832553864, -0.0016819930169731379, 0.014257602393627167, -0.002183029893785715, 0.009142886847257614, -0.0007254681549966335, -0.00015559056191705167, -0.006370206829160452, -0.01429735403507948, -0.01996859349310398, -0.007201679516583681, -0.0008062137640081346, 0.037843599915504456, 0.015251394361257553, -0.006247639190405607, 0.010481192730367184, -0.012356147170066833, 0.00037909025559201837, 0.003918853122740984, -0.007181803695857525, -0.0035478374920785427, 0.011176847852766514, -0.01554290670901537, -0.04165976122021675, -0.01639094203710556, -0.0073209344409406185, 0.011441858485341072, 0.02061787247657776, -0.013886586762964725, 0.010971464216709137, 0.0006434803362935781, -0.03373592719435692, -0.014920130372047424, -0.007983462885022163, 0.03188084810972214, 0.0296812541782856, 0.0029830322600901127, 0.01841827854514122, 0.002525887917727232, -0.030078770592808723, 0.0062509519048035145, -0.010348687879741192, 0.009494026191532612, 0.03105931356549263, 0.06381469964981079, -0.021412905305624008, -0.017901506274938583, 0.015993425622582436, 0.0033540481235831976, 0.0011859250953420997, -0.022843966260552406, 0.01326381042599678, 0.012614533305168152, 0.016152432188391685, -0.01069982722401619, -0.018391776829957962, -0.02063112147152424, -0.011494860984385014, 0.0032182298600673676, -0.008493608795106411, 0.0006509337690658867, 0.0016786803025752306, -0.02562658302485943, 0.002269158372655511, -0.005141217261552811, 0.016337940469384193, -0.019465072080492973, 0.0039420416578650475, -0.027905680239200592, 0.00636026868596673, -0.01294579729437828, 0.011885751970112324, 0.01921331137418747, 0.021929677575826645, -0.012117637321352959, 0.01450936309993267, 0.02371850237250328, 0.009308518841862679, -0.0038161613047122955, -0.0026683316100388765, 0.004018232226371765, 0.02777317352592945, 0.002252595266327262, -0.0028836531564593315, -0.013621576130390167, 0.004180551506578922, 0.011938754469156265, -0.005667927209287882, -0.02546757645905018, -0.014403359033167362, -0.028674211353063583, -0.006764410994946957, 0.02764066867530346, -0.0037598463241010904, -0.005224033258855343, 0.004250117111951113, -0.004654259420931339, 0.011137096211314201, -0.021320151165127754, -0.02575908973813057, -0.010302310809493065, -0.029124731197953224, -0.017835253849625587, -0.014443110674619675, 0.00789070874452591, -0.0012480370933189988, 0.04046721011400223, -0.027084145694971085, 0.0030260966159403324, 0.028647711500525475, -0.011296102777123451, 0.026103602722287178, -0.006466273218393326, 0.002502699615433812, -0.001966051757335663, 0.00448200199753046, 0.0015055949334055185, -0.047675516456365585, 0.001792138209566474, -0.03553800284862518, -0.044548384845256805, -0.002749491250142455, -0.006734597031027079, 0.006052193231880665, 0.0030575667042285204, 0.012270018458366394, -0.01350232120603323, -0.0038360371254384518, 0.01429735403507948, -0.015463403426110744, -0.024858050048351288, 0.028992226347327232, -0.010057175531983376, 0.016947466880083084, 0.010805832222104073, 0.012197140604257584, -0.0016430694377049804, 0.00048074687947519124, 0.00368696846999228, -0.007473316043615341, -0.028621209785342216, -0.01241577509790659, 0.005876623559743166, -0.010335437022149563, 0.0029316863510757685, -0.009725911542773247, -0.030370283871889114, -0.018325524404644966, -0.03961917385458946, 0.0057772439904510975, -0.0038426623214036226, 0.0021697792690247297, -0.02105513960123062, 0.016192184761166573, 0.003148664254695177, -0.006741222459822893, -0.01980958692729473, -0.020233605057001114, -0.022353695705533028, 0.0023188479244709015, -0.05241921544075012, -0.02418227307498455, -0.023917261511087418, 0.03468996658921242, 0.042375292629003525, -0.020856382325291634, -0.034133441746234894, -0.007864207029342651, -0.025348320603370667, -0.003105600131675601, 0.011031091213226318, 0.007638948038220406, 0.011614115908741951, 0.010746204294264317, 0.009096509777009487, 0.03108581341803074, 0.0025424512568861246, 0.008493608795106411, -0.007837706245481968, 0.00409442326053977, 0.023798005655407906, 0.015291146002709866, 0.0022393446415662766, 0.007440189365297556, 0.005065026693046093, -0.01967708207666874, -0.0004674963129218668, 0.02562658302485943, -0.005982628092169762, 0.013581824488937855, -0.018524283543229103, 0.0010650138137862086, -0.014376857317984104, 0.025189314037561417, -0.0031983540393412113, 0.013243935070931911, -0.004216990899294615, -0.030078770592808723, -0.015860920771956444, 0.007811204995959997, 0.01014330331236124, -0.010587197728455067, 0.009805414825677872, -0.020419113337993622, -0.005638113245368004, 0.006612029392272234, -0.017689498141407967, -0.0063138920813798904, -0.01334993913769722, -0.008096092380583286, 0.037419579923152924, -0.023214980959892273, -0.028515204787254333, 0.04947759211063385, -0.018670039251446724, 0.00982529018074274, -0.014615368098020554, 0.022380195558071136, -0.00472713727504015, -0.010991339571774006, 0.01917356066405773, -0.02809118665754795, 0.01609943062067032, -0.026130104437470436, -0.004114299081265926, -0.02248620055615902, -0.004687385633587837, -0.02432802878320217, -0.008394230157136917, -0.034557461738586426, 0.0019445196958258748, 0.008924252353608608, -0.01701371930539608, -0.0023486618883907795, -0.023294484242796898, 0.002043898915871978, -0.031907349824905396, -0.007440189365297556, -0.002047211630269885, -0.011408732272684574, 0.004829829093068838, 0.019557826220989227, -0.021267149597406387, -0.014641868881881237, 0.023519745096564293, 0.0069697946310043335, -0.025361571460962296, 0.01965058036148548, 0.2317257970571518, -0.010448066517710686, 0.005233971402049065, 0.01825927197933197, -0.005462543573230505, -0.004697323776781559, 0.01537064928561449, -0.0033606733195483685, -0.014416608959436417, 0.003435207763686776, -0.009659658186137676, 0.009474150836467743, -0.006691532675176859, -0.010348687879741192, 0.02885971963405609, -0.01359507441520691, -0.022565703839063644, -0.019133808091282845, -0.042057279497385025, -0.025957847014069557, -0.0005349913844838738, 0.026156606152653694, -0.009467525407671928, -0.026024099439382553, 0.013740831054747105, -0.0019395507406443357, -0.041898272931575775, 0.01812676712870598, 0.021161144599318504, 0.03230486437678337, -0.005442667752504349, -0.016165683045983315, 0.006784286815673113, 0.026567373424768448, 0.002032304648309946, -0.01592717319726944, 0.0028455578722059727, 0.0008310585399158299, 0.01731848157942295, 0.02620960772037506, 0.006154885049909353, -0.011455109342932701, -0.001980958739295602, -0.0037995981983840466, -0.0026799258776009083, 0.002812431426718831, 0.012124262750148773, -0.013687828555703163, 0.02949574775993824, 0.014019092544913292, -0.01172011997550726, -0.014588866382837296, 0.024911053478717804, 0.02528206817805767, 0.00753294350579381, 0.01108409371227026, 0.012203766033053398, 0.005737492348998785, 0.009500651620328426, 0.03670405223965645, -0.006038942839950323, 0.036942560225725174, -0.04102373495697975, 0.015079137869179249, 0.005740805063396692, 0.007506442256271839, 0.00789070874452591, -0.012886169366538525, 0.0049490840174257755, -0.026448117569088936, -0.003306014696136117, -0.010428191162645817, -0.004462126176804304, 0.013542072847485542, -0.0019925530068576336, -0.0168414618819952, -0.0004385107313282788, 0.010918461717665195, 0.036439038813114166, 0.023665500804781914, -0.00012308527948334813, 0.00041366592631675303, -0.011282851919531822, 0.013243935070931911, -0.001739136059768498, -0.046774476766586304, 0.011938754469156265, -0.016589701175689697, -0.014337105676531792, -0.0036803430411964655, -0.014111846685409546, -0.016881214454770088, -0.009162762202322483, -0.008990504778921604, 0.0034285823348909616, 0.020101100206375122, -0.023373987525701523, 0.0587264820933342, -0.01226339302957058, 0.007778078783303499, -0.010010798461735249, -0.0015726758865639567, 0.029548749327659607, -0.008361103013157845, -0.01654995046555996, -0.020405862480401993, -0.006333767902106047, 0.0021283712703734636, 0.0002103526348946616, 0.003640591399744153, 0.01287291944026947, -0.013701079413294792, 0.007433564402163029, 0.0009556966251693666, -0.0016902745701372623, 0.005061713978648186, -0.008109343238174915, -0.010673326440155506, 0.004634383600205183, 0.0012339584063738585, -0.0145226139575243, -0.009924669750034809, 0.03076780028641224, 0.011024465784430504, -0.0009043507161550224, -0.005979315377771854, -0.028223693370819092, 0.011508111841976643, 0.0003022784076165408, -0.043461836874485016, 0.026275860145688057, 0.0006766067235730588, -0.008533360436558723, -0.009699409827589989, -0.016112681478261948, -0.03900964930653572, -0.00920913927257061, -0.013098178431391716, 0.003180134342983365, 0.01062694936990738, -0.01824602112174034, 0.010030673816800117, 0.025401324033737183, -0.0045979442074894905, -0.001586754573509097, -0.023652249947190285, 0.017742499709129333, 9.899100405164063e-06, 0.0077979546040296555, -0.019094057381153107, -0.008718868717551231, 0.01466836966574192, 0.0077979546040296555, -0.03339141234755516, 0.020419113337993622, -0.03180134296417236, 0.013310187496244907, -0.03283488750457764, 0.010752829723060131, 0.0009540403261780739, -0.019094057381153107, 0.011216599494218826, 0.02544107474386692, 0.01654995046555996, -0.015662161633372307, 0.0009333363268524408, -0.16865313053131104, 0.028038185089826584, 0.0378170982003212, -0.02984026074409485, 0.0028737152460962534, 0.01396609004586935, 0.008361103013157845, 0.0014915161300450563, -0.003498147940263152, -0.0192265622317791, 0.005005399230867624, -0.027508161962032318, -0.033762428909540176, 0.016351191326975822, 0.013701079413294792, 0.01792800799012184, -0.009792163968086243, -0.00032898655626922846, 0.046906981617212296, 0.003975167870521545, 0.019133808091282845, -0.005002086516469717, 0.02028660662472248, -0.0032082919497042894, -0.015728414058685303, 0.021108143031597137, -0.0138070834800601, 0.013210808858275414, -0.011137096211314201, 0.016629453748464584, 2.4754219339229167e-05, -0.01146836020052433, 0.016894463449716568, -0.012607907876372337, 0.005707678850740194, 0.023506494238972664, 0.010421565733850002, -0.008043089881539345, 0.0015362368430942297, 0.034424956887960434, 0.046270955353975296, 0.019465072080492973, 0.009712660685181618, 0.009686159901320934, -0.019783087074756622, 0.011050967499613762, 0.05824946239590645, 0.007990087382495403, 0.015953674912452698, -0.008109343238174915, 0.012482027523219585, -0.018193019554018974, 0.015238144434988499, -0.010878710076212883, 0.001503110397607088, 0.02997276745736599, 0.027534663677215576, -0.0012107699876651168, 0.01359507441520691, 0.021200895309448242, 0.007460065186023712, -0.04338233545422554, -0.008301476016640663, -0.000355073600076139, -0.011050967499613762, -0.02745516039431095, -0.028515204787254333, 0.016006676480174065, 0.007519692648202181, -0.014005841687321663, 0.0050120241940021515, 0.002777648624032736, -0.005704366136342287, 0.006519275717437267, 0.012939171865582466, 0.004521753638982773, -0.012124262750148773, 0.02636861428618431, -0.006870415527373552, 0.00409442326053977, 0.003378892783075571, 0.029071729630231857, 0.0019312691874802113, 0.021903175860643387, -0.021903175860643387, 0.018299022689461708, -0.03246387094259262, -0.0020207103807479143, -0.009990922175347805, -0.002000834560021758, 0.009328394196927547, -0.03585601598024368, -0.018166517838835716, -0.010772705078125, 0.010342062450945377, 0.02390401065349579, -0.0022774399258196354, -0.017530491575598717, 0.007042672485113144, 0.005939563736319542, -0.011077468283474445, -0.013542072847485542, -0.005396290682256222, 0.014416608959436417, 0.020644372329115868, 0.003865850856527686, -0.0016886182129383087, -0.001230645808391273, 0.047357503324747086, 0.004028170369565487, -0.0012016601394861937, 0.018537534400820732, 0.01382033433765173, 0.015264645218849182, 0.018153266981244087, 0.008838123641908169, 0.006843914277851582, -0.023373987525701523, 0.020869631320238113, -0.011044342070817947, 0.03757859021425247, -0.0037167822010815144, -0.025971097871661186, -0.001823608297854662, -0.021982679143548012, -0.027985183522105217, -0.1011812761425972, -0.052816733717918396, 0.013687828555703163, 0.015648910775780678, -0.025070060044527054, 0.0336829237639904, -0.003773096948862076, -0.0042103654704988, -0.016629453748464584, 0.021505659446120262, -0.018458031117916107, -0.022870466113090515, 0.011196723207831383, 0.0003051769745070487, 0.024725545197725296, 0.005737492348998785, -0.005525483749806881, 0.013846835121512413, 0.016457196325063705, 0.022366944700479507, -0.0017904819687828422, -0.025374822318553925, -0.012660910375416279, -0.025321820750832558, -0.030396785587072372, -0.0030260966159403324, -0.021505659446120262, 0.026898637413978577, 0.017861755564808846, 0.00789070874452591, 0.010971464216709137, -0.025494078174233437, 0.0005109747289679945, -0.014244352467358112, -0.03773759678006172, -0.0006070412928238511, 0.007917209528386593, -0.0054095410741865635, 0.016894463449716568, -0.034106940031051636, -0.010713078081607819, -0.009699409827589989, 0.01537064928561449, -0.05398278310894966, -0.008301476016640663, 0.017106473445892334, -0.0004184278368484229, 0.016152432188391685, 0.007493191864341497, -0.028064686805009842, -0.00787745788693428, 0.0138070834800601, -0.019889090210199356, -0.00819547101855278, 0.03596201911568642, -0.0007238118560053408, 0.008327976800501347, 0.012641034089028835, -0.013025300577282906, -0.013078303076326847, 0.01980958692729473, -0.028912723064422607, -0.0076256971806287766, 0.000783025287091732, 0.009580154903233051, -0.0004443078360054642, -0.02481829933822155, 0.006476211361587048, -0.003284482518211007, -0.004935833625495434, -0.011580989696085453, 0.03569700941443443, -0.02029985748231411, 0.033020395785570145, -0.019160309806466103, -0.026169857010245323, -0.01062694936990738, -0.012548280879855156, 0.009321768768131733, -0.009818664751946926, 0.002628579968586564, -0.02607710286974907, -0.011501486413180828, 0.002136652823537588, -0.004922583233565092, 0.00384597503580153, 0.008361103013157845, 0.0037631590384989977, 0.01343606784939766, -0.03728707507252693, 0.03264937922358513, 0.03946016728878021, 0.008718868717551231, -0.04491939768195152, -0.024924304336309433, 0.00570105342194438, 0.00032670912332832813, -0.0030625357758253813, 6.733975897077471e-05, -0.00737393693998456, -0.031112315133213997, -0.005243909079581499, -0.05339975655078888, 0.014178099110722542, -0.019412070512771606, -0.008168970234692097, -0.0005238112062215805, 0.0012132544070482254, -0.007075799163430929, -0.004697323776781559, -0.013230684213340282, 0.024778546765446663, -0.012455526739358902, 0.01062694936990738, -0.019239813089370728, -0.006009128876030445, 0.014761123806238174, -0.001319258939474821, 0.012342896312475204, -0.012660910375416279, 0.012064634822309017, 0.008791746571660042, -0.01641744375228882, -0.0008571455837227404, 0.01810026541352272, -0.02075037732720375, -0.009831915609538555, 0.029124731197953224, -0.007778078783303499, -0.012250143103301525, 0.008818247355520725, -0.004843079950660467, 0.013469194062054157, -0.03885064274072647, 0.003148664254695177, 0.015807917341589928, -0.015317647717893124, -0.02870071306824684, 0.0051213414408266544, 0.025043558329343796, 0.03596201911568642, -0.02263195626437664, 0.006227763369679451, -0.020869631320238113, -0.023479992523789406, -0.01068657636642456, -0.00515778036788106, -0.009235640056431293, -0.007248056586831808, -0.0014260915340855718, 0.008559862151741982, -0.005399603396654129, 0.03264937922358513, 0.016735456883907318, -0.0070161717012524605, -0.016430694609880447, -0.015476654283702374, -0.016483696177601814, 0.01359507441520691, 0.0014923443086445332, 0.01734498329460621, -0.02105513960123062, 0.01841827854514122, 0.0054227919317781925, 0.02719014883041382, -0.01435035653412342, 0.02047211490571499, -0.01140210684388876, 0.0036107776686549187, 0.012588032521307468, -0.0022559077478945255, -0.018961550667881966, -0.009076633490622044, -0.0004188419261481613, -0.00780458003282547, 0.023599248379468918, 0.030820803716778755, -0.002509324811398983, -0.018299022689461708, -0.017556991428136826, -0.020260106772184372, 0.018709789961576462, 0.023996764793992043, -0.008937503211200237, -0.013608325272798538, 0.01780875213444233, 0.023334236815571785, 0.005979315377771854, -0.018312273547053337, 0.004419061820954084, 0.0030575667042285204, 0.008758620359003544, -0.04322332888841629, -0.023453490808606148, 0.01466836966574192, 0.012111011892557144, 0.03529949113726616, 0.001775575103238225, 0.007930460385978222, 0.0062840781174600124, -0.0021499034482985735, -0.004495252389460802, 0.011196723207831383, -0.01397934090346098, -0.02216818742454052, -0.01490688044577837, -0.003915540408343077, -0.007910584099590778, -0.02370525151491165, -0.025242317467927933, 0.02510981075465679, -0.002025679452344775, 0.010057175531983376, -0.0235462449491024, -0.017411235719919205, 0.011958630755543709, -0.02089613303542137, -0.0012405837187543511, -0.011547863483428955, -0.012793416157364845, -0.030317282304167747, 0.020829880610108376, -0.001802076119929552, 0.021611664444208145, 0.019001303240656853, -0.02187667414546013, 0.052339714020490646, -0.015171891078352928, 0.011567738838493824, -0.03105931356549263, 0.023360736668109894, -0.013257184997200966, -0.0042136781848967075, 0.01154123805463314, -0.02577233873307705, -0.01794125884771347, -0.020975636318325996, -0.007552819326519966, -0.00021190544066485018, 0.00896400399506092, -0.029469246044754982, 0.07823130488395691, -0.004717199597507715, -0.01654995046555996, 0.0012132544070482254, -0.019902341067790985, 0.02124064788222313, 0.008142469450831413, 0.0019213311607018113, -0.024765297770500183, 0.0034617087803781033, 0.020710624754428864, 0.0023271297104656696, -0.01641744375228882, -0.0038989773020148277, -0.03588251769542694, -0.013356564566493034, -0.010395064018666744, 0.0027113959658890963, 0.012899420224130154, -0.014482862316071987, 0.010779330506920815, -0.011488235555589199, 0.015688663348555565, -0.009513902477920055, -0.036306533962488174, -0.004862955771386623, 0.006684907712042332, -0.012660910375416279, -0.007122176233679056, -0.034106940031051636, 0.005750743206590414, 0.006019067019224167, -0.0374990850687027, 0.0008372697629965842, -0.010620323941111565, 5.595256152446382e-05, -0.011952005326747894, 0.002916779601946473, -0.01413834746927023, 0.020034847781062126, -0.01578141748905182, 0.024089518934488297, -0.0142046008259058, -0.004697323776781559, 0.002209530910477042, -0.012588032521307468, -0.002792555605992675, 0.007407063152641058, -0.03871813789010048]"
7211,"MongoDB Aggregate pipeline with $group and $count on a Pointer reference returns wrong data<p>I have a set of data in MongoDB with <em>parse-server</em> in the following format-</p>

<pre><code> Rating =&gt; objectId, user&lt;_User&gt;, rating...
 _User =&gt; objectId, gender&lt;m|f|nb|na&gt;
</code></pre>

<p>I have been trying to group the data based on the user's gender to find out how many male, female, non-binary or N/A users have rated. <strong>user</strong> field in a pointer reference to <strong>_User</strong>. I am using the following aggregate pipeline.</p>

<pre><code>const pipeline = [
      {
        lookup: {
          from: '_User',
          localField: 'user',
          foreignField: 'objectId',
          as: 'user'
        }
      },
      {
        unwind: { path: '$user' }
      },
      {
        group: {
          objectId: '$user.gender',
          count: {
            $sum: 1
          }
        }
      }
    ]
const data = await new Query('Rating').aggregate(pipeline)
</code></pre>

<p>Result =></p>

<pre><code>[
        {
            ""count"": 54,
            ""objectId"": ""na""
        },
        {
            ""count"": 405,
            ""objectId"": null
        },
        {
            ""count"": 27,
            ""objectId"": ""f""
        },
        {
            ""count"": 540,
            ""objectId"": ""m""
        }
    ],
</code></pre>

<p>However, returned data count doesn't match with actual data. <strong><em>The actual database has only 27 ratings with 1 f, 2 na, 24 m.</em></strong></p>

<p>For MongoDB developers, <em>objectId</em> is equavalent to <em>_id</em>.</p>

<p>I am a novice to aggregation framework. What am I doing wrong?</p>

<p><em>Server Environment-</em>
parse-server: 3.2.3
mongodb: 4.0.2</p>
",What are you doing to call `showLog()`? Is that a button with an xml reference to the function?,"Embed Field: MongoDB Aggregate pipeline with $group and $count on a Pointer reference returns wrong data<p>I have a set of data in MongoDB with <em>parse-server</em> in the following format-</p>

<pre><code> Rating =&gt; objectId, user&lt;_User&gt;, rating...
 _User =&gt; objectId, gender&lt;m|f|nb|na&gt;
</code></pre>

<p>I have been trying to group the data based on the user's gender to find out how many male, female, non-binary or N/A users have rated. <strong>user</strong> field in a pointer reference to <strong>_User</strong>. I am using the following aggregate pipeline.</p>

<pre><code>const pipeline = [
      {
        lookup: {
          from: '_User',
          localField: 'user',
          foreignField: 'objectId',
          as: 'user'
        }
      },
      {
        unwind: { path: '$user' }
      },
      {
        group: {
          objectId: '$user.gender',
          count: {
            $sum: 1
          }
        }
      }
    ]
const data = await new Query('Rating').aggregate(pipeline)
</code></pre>

<p>Result =></p>

<pre><code>[
        {
            ""count"": 54,
            ""objectId"": ""na""
        },
        {
            ""count"": 405,
            ""objectId"": null
        },
        {
            ""count"": 27,
            ""objectId"": ""f""
        },
        {
            ""count"": 540,
            ""objectId"": ""m""
        }
    ],
</code></pre>

<p>However, returned data count doesn't match with actual data. <strong><em>The actual database has only 27 ratings with 1 f, 2 na, 24 m.</em></strong></p>

<p>For MongoDB developers, <em>objectId</em> is equavalent to <em>_id</em>.</p>

<p>I am a novice to aggregation framework. What am I doing wrong?</p>

<p><em>Server Environment-</em>
parse-server: 3.2.3
mongodb: 4.0.2</p>; Answer: What are you doing to call `showLog()`? Is that a button with an xml reference to the function?","[-0.02019568905234337, 0.01947246491909027, 0.021082662045955658, -0.023948265239596367, -0.01038440503180027, 0.015747178345918655, 0.012083298526704311, -0.016524985432624817, -0.026377206668257713, -0.02846500463783741, 0.023893682286143303, 0.00949743203818798, 0.007798537611961365, -0.013045323081314564, -0.016661442816257477, 0.018735595047473907, 0.0071367197670042515, -0.01712539792060852, -0.004100543446838856, -0.013836775906383991, -0.0022003748454153538, 0.02475336380302906, -0.005011396482586861, -0.009149465709924698, -0.02543565072119236, -0.005826728884130716, 0.013045323081314564, -0.029338331893086433, 0.012656419537961483, 0.01244491059333086, 0.013754901476204395, -0.005410533864051104, 0.007416457403451204, -0.016948003321886063, -0.025217318907380104, -0.008303429931402206, -0.00936097465455532, -0.02584502287209034, 0.03051186352968216, -0.002167966216802597, 0.021055370569229126, -0.01319542620331049, 0.006304329726845026, -0.020482249557971954, -0.010241124778985977, 0.03408704698085785, 0.0004827178781852126, -0.013768547214567661, -0.004445098340511322, -0.011544291861355305, 0.008419418707489967, 0.024234825745224953, -0.028082923963665962, 0.01919955015182495, 0.0010711902286857367, -0.0018370571779087186, 0.03427808731794357, -0.004526972770690918, -0.015419680625200272, 0.004810121841728687, 0.02614522911608219, 0.023688996210694313, 0.003227216424420476, -0.00790088064968586, -0.026172520592808723, -0.002606335561722517, -0.009238163009285927, 0.021833175793290138, -0.004161949269473553, -0.01305896881967783, 0.017548415809869766, 0.0104526337236166, -0.0018097657011821866, -0.01967715099453926, 0.025817731395363808, -0.023279624059796333, -0.03064832091331482, 3.81387653760612e-05, 0.010643674060702324, -0.0008289784309454262, 0.014682811684906483, -0.017725810408592224, -0.013140843249857426, 0.013829953037202358, -0.013522923924028873, 0.029065417125821114, 0.02580408565700054, 0.02632262371480465, 0.017411958426237106, -0.005441236775368452, 0.017985079437494278, -0.009279100224375725, 0.020113814622163773, 0.00869915634393692, 0.026036063209176064, 0.012997562997043133, -0.022924834862351418, 0.027155013754963875, -0.011660280637443066, -0.006730759050697088, -0.031821854412555695, 0.013325060717761517, -0.002495463937520981, -0.01780768483877182, -0.017507478594779968, -0.0032528021838515997, 0.00828978419303894, -0.018135182559490204, 0.005502642598003149, -0.012683711014688015, -0.011278199963271618, -0.004073251970112324, 0.002277132123708725, -0.004189240746200085, -0.003964086063206196, -0.006137169431895018, 0.021191827952861786, -0.01593821868300438, -0.035833701491355896, -0.010091021656990051, 0.016838837414979935, 0.019322361797094345, 0.025544816628098488, -0.0116466348990798, 0.012315276078879833, 0.012076475657522678, 0.006955913733690977, -0.008985716849565506, 0.009579306468367577, -0.01360479835420847, 0.0303754061460495, 0.013666204176843166, 0.011012108065187931, 0.03728014975786209, -0.01808059960603714, 0.007471040356904268, -0.010322999209165573, 0.0005547844339162111, -0.015201348811388016, -0.010282061994075775, 0.015487909317016602, 0.001620431081391871, 0.0012460262514650822, -0.01576082408428192, -0.01872194930911064, 0.0377168133854866, 0.0022242548875510693, 0.014560000039637089, 0.0055128769017755985, -0.01899486407637596, -0.01492843497544527, -0.004015257582068443, 0.015174057334661484, 0.003991377539932728, -0.004878350533545017, -0.026636475697159767, -0.011257731355726719, 0.011073513887822628, -0.011209971271455288, -0.016743317246437073, 0.0012562605552375317, 0.03466016799211502, -0.016948003321886063, -0.0012818463146686554, 0.0052092596888542175, 0.03329559415578842, -1.6750673239585012e-05, -0.006481724325567484, -0.020727872848510742, -0.0239346195012331, -0.0008127741166390479, 0.03659786283969879, -0.016497693955898285, 0.012219755910336971, -0.010370759293437004, -0.026336269453167915, 0.0036092970985919237, 0.015515200793743134, -0.027059493586421013, -0.02288389764726162, -0.008487647399306297, -0.005301368422806263, -0.024016493931412697, 0.018203411251306534, -0.023375144228339195, -0.020441312342882156, -0.0033278537448495626, -0.003199924947693944, -0.014191565103828907, 0.023347852751612663, 0.016252070665359497, 0.012724648229777813, -0.002884367248043418, -0.016948003321886063, -0.598665714263916, -0.0015820524422451854, 0.004363223910331726, -0.0063896155916154385, 0.008385304361581802, 8.763120422372594e-05, -0.012792876921594143, 0.019799962639808655, -0.017562061548233032, 0.037061817944049835, -0.004769184626638889, 0.03187643736600876, -0.0006938003352843225, -0.004837413318455219, -0.020454958081245422, -0.022447234019637108, 0.00876738503575325, -0.02291118912398815, -0.00655336445197463, -0.009599775075912476, -0.03146706521511078, 0.03160352259874344, 0.00033666586386971176, -0.013625266961753368, -0.014491771347820759, -0.010875650681555271, 0.0056015742011368275, -0.007498331367969513, -0.007477862760424614, 0.014328022487461567, -0.03509683161973953, -0.0022873664274811745, 0.009661180898547173, 0.005373008083552122, 0.05338211730122566, -0.0031078162137418985, -0.003413139609619975, 0.00581308314576745, -0.009558837860822678, 0.04538571462035179, -0.012738293968141079, -0.00858316756784916, 0.030457280576229095, -0.015501555055379868, -0.011544291861355305, 0.019090384244918823, 0.02053683251142502, -0.007505154237151146, 0.013093083165585995, -0.02083703875541687, -0.02172400988638401, 0.00938144326210022, 0.008644573390483856, 0.012758762575685978, 0.018776532262563705, -0.03094852715730667, 0.00958612933754921, -0.008869728073477745, 0.017889559268951416, -0.021942341700196266, -0.007000262383371592, -0.009552014991641045, -0.018257994204759598, 0.007819006219506264, -0.03081206977367401, -0.00035159089020453393, 0.011278199963271618, 0.007552914321422577, 0.005134208127856255, -0.022010570392012596, 0.01967715099453926, 0.007941817864775658, -0.0005863402038812637, 0.019049447029829025, 0.003981143236160278, 0.005980243440717459, 0.01896757259964943, -0.02748251147568226, -0.014259793795645237, -0.0012059418950229883, 0.020714227110147476, -0.007791714742779732, -0.005373008083552122, 0.004233589395880699, -0.01719362661242485, -0.006740993354469538, -0.01787591353058815, -0.008064629510045052, 0.024944404140114784, 0.001934282947331667, -0.0004886878887191415, 0.020796101540327072, -0.0008285520016215742, -0.007887234911322594, -0.0026250984519720078, 0.029774995520710945, -0.015310514718294144, 0.002952595939859748, -0.0014089221367612481, -0.05174462869763374, -0.036788903176784515, -0.00024775537895038724, 0.018735595047473907, 0.019295070320367813, 0.0384809747338295, 0.022119736298918724, -0.022310776636004448, -0.011612520553171635, 0.015556138008832932, -0.044048432260751724, -0.014205210842192173, -0.00942920334637165, -0.012479024939239025, -0.003919737413525581, -0.0035274226684123278, -0.03493308275938034, 0.05649334564805031, -0.010097844526171684, -0.0009952858090400696, 0.007211771328002214, -0.006000712048262358, 0.014464479871094227, 0.024166597053408623, -0.02377087064087391, 0.0021031489595770836, 0.009306391701102257, 0.0027240298222750425, 0.004810121841728687, 0.0017193626845255494, 0.010554976761341095, -0.007743954658508301, -0.010104667395353317, 0.010616382583975792, -0.013475163839757442, 0.04020033776760101, 0.0014814151218160987, 0.010350290685892105, -0.005130796693265438, 0.01169439498335123, -0.006219043862074614, -0.010623205453157425, 0.01651133969426155, 0.026158874854445457, -0.028983542695641518, 0.02083703875541687, -0.02914729155600071, -0.04342072829604149, -0.0011470946483314037, 0.00616446090862155, 0.018681012094020844, -0.02270650304853916, -0.010220656171441078, -0.005004573613405228, 0.03433267027139664, -0.01668873429298401, -0.00017025186389219016, 0.006945679429918528, -0.02564033679664135, 0.0033739081118255854, -0.04328427091240883, -0.01479197759181261, 0.02607700042426586, -0.012485847808420658, -0.0019718087278306484, -0.00749150849878788, -0.028710627928376198, -0.011469240300357342, 0.0055811055935919285, 0.009476963430643082, -0.022583691403269768, -0.0011001874227076769, -0.004864704795181751, -0.021355576813220978, -0.03466016799211502, -0.02686845324933529, 0.02969312109053135, -0.02288389764726162, -0.013986879028379917, -0.014191565103828907, -0.0019359886646270752, -0.0014780036872252822, 0.022965772077441216, -0.0016400468302890658, 0.003331265179440379, 0.033459343016147614, 0.008740093559026718, 0.0136730270460248, 0.003967497497797012, -0.005495819728821516, 0.0472688265144825, -0.001401246408931911, 0.013338706456124783, -0.03373225778341293, 0.0005210965173318982, -0.02033214643597603, 0.01539238914847374, 0.018026016652584076, 0.002925304463133216, 0.006133757997304201, 0.029938742518424988, 0.008535407483577728, 0.036925360560417175, 0.021396512165665627, -0.0030856418889015913, 0.011810383759438992, -0.028928959742188454, -0.00808509811758995, -0.009142642840743065, 0.010166073217988014, -0.0035990627948194742, 0.015583429485559464, -0.022365359589457512, -0.00143621361348778, -0.017111752182245255, -0.011407834477722645, 0.02680022455751896, 0.0033397937659174204, 0.022488171234726906, 0.006693233270198107, 0.014805623330175877, -0.0030805247370153666, 0.0009722586255520582, 0.01947246491909027, 0.0202229805290699, -0.012601836584508419, 0.004874939098954201, 0.0006161902565509081, 0.021300993859767914, 0.015788115561008453, -0.005117150954902172, 0.019527047872543335, 0.018735595047473907, 0.021123599261045456, 0.00529454555362463, 0.0030122960451990366, 0.0022481349296867847, 0.02860146202147007, -0.006853570695966482, 0.00025393860414624214, -0.03561536967754364, -0.016320299357175827, 0.01746654137969017, 0.026609184220433235, -0.03296809643507004, 0.01794414222240448, -0.01219246443361044, 0.03359580039978027, 0.01657956838607788, 0.006819456350058317, 0.0246578436344862, 0.009524723514914513, -0.001737272716127336, -0.029938742518424988, -0.014437188394367695, 0.015788115561008453, -0.006870627868920565, 0.0022140205837786198, 0.028082923963665962, -0.004625904373824596, 0.01627936214208603, 0.008603636175394058, -0.025108153000473976, 0.0364341139793396, -0.003957263194024563, 0.010479925200343132, 0.0036297657061368227, -0.03768952190876007, -0.005386653821915388, -0.018435388803482056, -0.006529484409838915, 0.008740093559026718, -0.035069540143013, -0.006682998966425657, -0.016156550496816635, 0.02076881006360054, -0.014082399196922779, 0.024330345913767815, 0.01525593176484108, 0.009524723514914513, 0.01985454559326172, -0.03119415044784546, 0.0017005997942760587, 0.018039662390947342, 0.02322504110634327, 0.005396888125687838, -0.006062117870897055, -0.00048698217142373323, 0.019663505256175995, -0.003943617455661297, -0.02156026102602482, 0.003721874440088868, 0.0032186878379434347, 0.0030651732813566923, -0.009401911869645119, 0.0023692408576607704, 0.020918913185596466, 0.047896530479192734, 0.0023504779674112797, -0.006696644704788923, -0.00015745899872854352, -0.0072049484588205814, 0.018203411251306534, -0.010363936424255371, -0.0070070852525532246, 0.01719362661242485, -0.014873852021992207, -0.0034626054111868143, -0.03657057136297226, 0.012704179622232914, 0.006345266941934824, -0.007607497274875641, -0.0023146579042077065, -0.016975294798612595, 0.009545192122459412, -0.018530908972024918, 0.006686410401016474, -0.022802023217082024, -0.008985716849565506, 0.02942020632326603, 0.004874939098954201, -0.022488171234726906, -0.026513664051890373, -0.02386639080941677, 0.017248209565877914, 0.029229165986180305, 0.028710627928376198, -0.011428303085267544, -0.0064169070683419704, -0.010152427479624748, 0.022256193682551384, -0.01926777884364128, -0.005929071921855211, 0.01239715050905943, 5.682169648935087e-05, -0.04369364306330681, 0.03122144192457199, 0.021069016307592392, 0.0030105903279036283, 0.002920187311246991, 0.0044553326442837715, 0.0052911341190338135, -0.035697244107723236, -0.011673926375806332, -0.02488982118666172, -0.0044416869059205055, -0.013959587551653385, 0.035533495247364044, 0.03214935213327408, 0.008317075669765472, 0.010670965537428856, 0.021737655624747276, 0.009047122672200203, 0.0007206653826870024, -0.03796243667602539, -0.007218594197183847, 0.0035171883646398783, 0.03796243667602539, 0.004284760914742947, -0.015706241130828857, 0.06364370882511139, 0.03946346789598465, -0.006324798334389925, 0.009893158450722694, 0.016402173787355423, -0.020004648715257645, 0.04331156238913536, -0.014832914806902409, 0.0012417619582265615, 0.020236626267433167, 0.009538369253277779, -0.011885435320436954, 0.001990571618080139, 0.022092444822192192, 0.033759549260139465, -0.00601776922121644, -0.021355576813220978, -0.021464740857481956, -7.07872532075271e-05, 0.011817206628620625, -0.016265716403722763, 0.010398050770163536, -0.015146765857934952, -0.007280000019818544, -0.028683336451649666, -0.007259531412273645, -0.012342567555606365, 0.031412482261657715, -0.01641581952571869, -0.01651133969426155, -0.021000787615776062, -0.02584502287209034, 0.0018489971989765763, -0.008828790858387947, 0.020877975970506668, -0.02162848971784115, -0.05682084336876869, -0.023607121780514717, 0.0027172069530934095, 0.023170458152890205, 0.00883561372756958, 0.010786953382194042, 0.0007867619278840721, 0.008433064445853233, 0.0022276663221418858, -0.016183841973543167, -0.038562849164009094, -0.03397788107395172, -0.005802848841995001, 0.007641611620783806, 0.009804461151361465, -0.008023692294955254, 0.009572483599185944, -0.021505678072571754, 0.026991264894604683, -0.007703017443418503, -0.017930496484041214, -0.004844236187636852, -7.195993384812027e-05, 0.00970211811363697, -0.0023419493809342384, 0.003926560282707214, 0.014437188394367695, 0.005383242387324572, 0.004342755302786827, -0.0003505248168949038, -0.021137244999408722, -0.03179456293582916, -0.009251808747649193, 0.0031504591461271048, 0.00534571660682559, -0.004161949269473553, 0.03163081407546997, -0.02750980295240879, -0.015583429485559464, 0.0008464620332233608, -0.02890166826546192, -0.012294807471334934, 0.020168397575616837, 0.023893682286143303, -0.008132858201861382, 0.013325060717761517, 0.032913513481616974, 0.008726447820663452, -0.02151932381093502, 0.0005172586534172297, 0.0029082472901791334, 0.049015481024980545, -0.009763523936271667, 0.003309090854600072, -8.283388160634786e-05, -0.02479430101811886, -0.02445315755903721, 0.00027248827973380685, -0.012881574220955372, -0.004772596061229706, 7.14268971933052e-05, 0.013563861139118671, -0.001524058054201305, -0.02407107688486576, 0.006297506857663393, 0.0063623241148889065, -0.008985716849565506, 0.0006204545497894287, 0.0020673288963735104, -0.01387771312147379, -0.021505678072571754, -0.010664142668247223, -0.02322504110634327, 0.0070684910751879215, -0.025149090215563774, -0.022174319252371788, 0.015160411596298218, 0.00656359875574708, 0.025258256122469902, -0.002660918515175581, 0.010084198787808418, 0.008555876091122627, -0.010582268238067627, -0.025121798738837242, -0.021300993859767914, -0.023334207013249397, 0.0016733083175495267, 0.04055512696504593, -0.002347066532820463, 0.04312052205204964, -0.008794676512479782, 0.01737102121114731, -0.001530880923382938, -0.002072446048259735, 0.02033214643597603, 0.010084198787808418, -0.005025042220950127, -0.006607947405427694, 0.001913814339786768, -0.00488517340272665, 0.005233139730989933, 0.011141742579638958, 0.003786691464483738, 0.006846747826784849, 0.02985686995089054, -0.02151932381093502, -0.0008358013001270592, -0.010418519377708435, -0.03689806908369064, -0.01696164906024933, 0.021710364148020744, -0.021069016307592392, -0.01668873429298401, -0.02372993342578411, -0.010670965537428856, -0.003848097287118435, 0.021328285336494446, 0.013270477764308453, -0.033786840736866, 0.018530908972024918, -0.006723936181515455, -0.012601836584508419, -0.02454867772758007, 0.009135819971561432, -0.002556869760155678, -0.009818106889724731, -0.015815407037734985, 0.0038242172449827194, -0.019622568041086197, -0.020182043313980103, 0.02454867772758007, 0.0027462041471153498, 0.015269577503204346, -0.00963388942182064, 0.042165324091911316, -0.005396888125687838, -0.022802023217082024, 0.008965248242020607, -0.02035943791270256, 0.0036161199677735567, -0.02035943791270256, -0.01546061784029007, -0.01458729151636362, 0.017016232013702393, 0.006079175043851137, 0.008010046556591988, 0.0032596250530332327, -0.01844903454184532, -0.01657956838607788, -0.0071776569820940495, -0.013686672784388065, 0.04636820778250694, 0.009968210011720657, 0.026036063209176064, 0.029665829613804817, 0.008535407483577728, -0.028683336451649666, -0.0036911715287715197, 0.03889034688472748, -0.005877900402992964, 0.03673432022333145, 0.029638538137078285, -0.018094245344400406, -0.038590140640735626, -0.018039662390947342, -0.008282961323857307, 0.009708940982818604, -0.02791917510330677, 0.012765585444867611, -0.007648434489965439, -0.03064832091331482, -0.020686935633420944, 0.025599399581551552, -0.032777056097984314, 0.009101705625653267, -0.016320299357175827, -0.01498301699757576, 0.003779868595302105, -0.00729364575818181, -0.027946466580033302, 0.02655460126698017, 0.003481368301436305, 0.032367683947086334, -0.016156550496816635, 0.008726447820663452, -0.006546541582792997, 0.001956457272171974, -0.00801686942577362, 0.040500544011592865, 0.0058233174495399, 0.028574170544743538, -0.02060506120324135, 0.012711002491414547, 0.013256832025945187, -0.012622305192053318, 0.005598162766546011, -0.006502192933112383, -0.011325960047543049, 0.033759549260139465, -0.012458556331694126, 0.0037252858746796846, 0.007409634534269571, -0.004990927875041962, 0.02291118912398815, 0.004772596061229706, -0.021028079092502594, -0.02509450726211071, -0.019527047872543335, 0.003735520178452134, 0.025899605825543404, -0.004370046779513359, -0.0009552014525979757, 0.00034753981162793934, -0.006850159261375666, 0.014123336412012577, -0.03326830267906189, -0.006918387953191996, 0.002120206132531166, -0.03255872428417206, -0.013256832025945187, -0.005693682935088873, 0.03384142369031906, 0.03329559415578842, -0.001346663455478847, -0.01999100297689438, 0.028492296114563942, 0.005734620150178671, -0.01123726274818182, -0.01743924990296364, 8.262066694442183e-05, -0.001997394487261772, -0.04934297874569893, 0.008330721408128738, 0.004141480661928654, -0.01219246443361044, 0.0038651544600725174, -0.03681619465351105, -0.04868798330426216, 0.00157267099712044, 0.011639812029898167, 0.012403973378241062, -0.005843786057084799, -0.03577911853790283, -0.011687572114169598, 0.003854920156300068, 0.01705716922879219, -0.013734432868659496, 0.004134657792747021, 0.02985686995089054, -0.008862905204296112, -0.006468078587204218, -0.01644311100244522, -0.019554339349269867, 0.015910927206277847, -0.03474204242229462, 0.02445315755903721, -0.00324256788007915, -0.03395058959722519, -0.0053320713341236115, 0.019008509814739227, 0.015610720962285995, -0.02914729155600071, -0.013898181729018688, -0.04047325253486633, -0.014546354301273823, -0.03367767482995987, 0.027155013754963875, 0.004830590449273586, 0.009920449927449226, 0.016606859862804413, 0.028028341010212898, 0.0033261480275541544, 0.007716663181781769, -0.032940804958343506, -0.03834451735019684, -0.012492670677602291, -0.014682811684906483, -0.018367160111665726, -3.4327553294133395e-05, -0.011223617009818554, 0.04533113166689873, 0.024166597053408623, -0.019567985087633133, -0.011162211187183857, -0.00815332680940628, -0.038426391780376434, -0.03616119921207428, 0.008139681071043015, 0.015706241130828857, 0.031112276017665863, 0.018394451588392258, -0.028028341010212898, 0.03460558503866196, 0.01038440503180027, 0.0123289218172431, -0.04443051293492317, -0.008282961323857307, 0.008296607062220573, 0.0006984910578466952, 0.009661180898547173, -0.001820000004954636, -0.020250272005796432, -0.008119212463498116, -0.0031197562348097563, 0.002324892207980156, 0.029120000079274178, 0.018107891082763672, -0.00244770385324955, -0.006352089811116457, -0.017821330577135086, 0.01596551015973091, 0.004864704795181751, -0.0007799390587024391, 0.031548939645290375, -0.03487849980592728, -0.00495340209454298, 0.006502192933112383, 0.025176381692290306, -0.001463505090214312, 0.01089611928910017, 0.007737131789326668, -0.013427403755486012, 0.014205210842192173, -0.01657956838607788, -0.009756701067090034, -0.0027803184930235147, -0.03081206977367401, 0.01498301699757576, -0.002705266932025552, -0.003288622247055173, 0.03689806908369064, 0.010855182074010372, 0.011476063169538975, 0.008856082335114479, 0.023375144228339195, -0.006034826394170523, 0.0031965135131031275, 0.0035171883646398783, 0.001196560449898243, 0.002954301657155156, -0.03133060783147812, 0.015556138008832932, 0.009674826636910439, 0.007934994995594025, 0.005362773779779673, -0.00568686006590724, -0.02928374893963337, 0.001913814339786768, -0.016361236572265625, -0.003329559462144971, 0.00608599791303277, 0.004301818087697029, -0.011701217852532864, -0.01458729151636362, -0.007928172126412392, -0.02356618456542492, -0.030211657285690308, -0.005666391458362341, 0.015910927206277847, -0.01532416045665741, -0.041182830929756165, 0.019690796732902527, 0.021573906764388084, -0.018462680280208588, 0.017616644501686096, 0.19628025591373444, 0.016183841973543167, 0.008330721408128738, 0.01657956838607788, -0.011312314309179783, 0.008180618286132812, 0.020755164325237274, 0.003708228701725602, -0.02903812564909458, 0.009388266131281853, 0.005912014748901129, 0.007730308920145035, 0.007382343057543039, -0.0030856418889015913, 0.020864330232143402, -0.00876738503575325, -0.043939266353845596, -0.018530908972024918, -0.024767009541392326, 4.6987170208012685e-05, 0.03684348613023758, 0.008132858201861382, 0.016497693955898285, -0.016634151339530945, 0.014682811684906483, -0.023989202454686165, 0.028765210881829262, -0.00023688143119215965, -0.001469475100748241, 0.014314376749098301, -0.004666841588914394, -0.028110215440392494, 0.0055811055935919285, -0.012253870256245136, -0.032804347574710846, -0.014696457423269749, 0.018953926861286163, 0.007962286472320557, -0.0084262415766716, 0.00808509811758995, 0.008235201239585876, -0.028301255777478218, 0.03493308275938034, -0.0008383598760701716, -0.006580655928701162, -0.007552914321422577, -0.0012707591522485018, 0.003014001762494445, 0.006242923904210329, 0.050380054861307144, -0.007280000019818544, 0.004694133065640926, 0.03766223043203354, -0.00030468369368463755, -0.011960486881434917, -0.01212423574179411, 0.02682751603424549, -0.0005786644760519266, -0.0030395875219255686, 0.012390327639877796, -0.003861743025481701, 0.019090384244918823, 0.011953664012253284, 0.03476933389902115, -0.025080861523747444, 0.02652730979025364, -0.004844236187636852, 0.006959325168281794, -0.0008758856565691531, -0.013495632447302341, 0.0005803701933473349, -0.012738293968141079, 0.016770608723163605, 0.010029615834355354, -0.026158874854445457, -0.019731733947992325, 0.029774995520710945, 0.02162848971784115, 0.021055370569229126, 0.026677412912249565, -0.02008652314543724, -0.035533495247364044, -0.016156550496816635, -0.009463317692279816, -0.029611246660351753, 0.008255669847130775, -0.009306391701102257, 0.01358432974666357, 0.008460355922579765, -0.020004648715257645, -0.00039956418913789093, 0.001066925935447216, -0.015283223241567612, -0.014669165946543217, -0.018162474036216736, 0.0063213868997991085, -0.006345266941934824, 0.006901330780237913, -0.02338878996670246, -0.00970211811363697, -0.032258518040180206, 0.033077262341976166, 0.027810009196400642, -0.0028007871005684137, -0.030429989099502563, -0.0034779568668454885, -0.01546061784029007, 0.019431527704000473, -0.017562061548233032, -0.0182170569896698, -0.0032050420995801687, -0.04374822601675987, -0.012676888145506382, -0.021273702383041382, 0.026090646162629128, 0.013870890252292156, 0.020823393017053604, -0.00036672913120128214, 0.005717562977224588, -0.020113814622163773, 0.0005202436586841941, -0.0390813872218132, -0.0001279287680517882, -5.3969950386090204e-05, -0.006457844283431768, -0.03441454470157623, -0.001292933477088809, 0.007716663181781769, 0.004271115176379681, 0.002691621193662286, 0.029774995520710945, -0.03520599752664566, 0.010616382583975792, -0.02805563248693943, -0.016948003321886063, 0.010957525111734867, -0.009783992543816566, -0.018708303570747375, -0.004666841588914394, 0.006277038250118494, 0.014887497760355473, -0.020182043313980103, 0.03717098385095596, -0.0005722680361941457, 0.0031129333656281233, -0.020659644156694412, 0.008624104782938957, 0.020727872848510742, -0.0027973756659775972, -0.015351451933383942, -0.008760562166571617, -0.0005773851880803704, 0.0036979943979531527, -0.015406034886837006, 0.0044348640367388725, -0.01600644737482071, -0.0002364550018683076, -0.02029120922088623, 0.019213195890188217, -0.010561799630522728, -0.035806410014629364, 0.0044007496908307076, 0.033896006643772125, 0.028983542695641518, -0.004226766526699066, 0.0017551827477291226, -0.17204542458057404, 0.03891763836145401, 0.025967834517359734, -0.024221180006861687, -0.0030788190197199583, 0.011285022832453251, 0.01730279251933098, -0.010015970095992088, -0.007273177150636911, -0.01610196754336357, 0.011346428655087948, 0.013959587551653385, -0.04413030669093132, -0.01733008399605751, -8.235414861701429e-05, 0.003022530348971486, 0.0070343767292797565, 0.017780393362045288, 0.031166858971118927, 0.02240629680454731, 0.048169445246458054, 0.0003409301571082324, 0.011025753803551197, 0.011933195404708385, -0.006219043862074614, 0.04099179059267044, -0.007314114365726709, 0.006249746773391962, -0.01031617633998394, 0.0011940018739551306, -0.006908153649419546, 0.0007513682940043509, 0.016293007880449295, -0.011776269413530827, -0.009954564273357391, 0.008535407483577728, -0.01258136797696352, -0.02832854725420475, -0.005854020360857248, 0.01569259539246559, 0.023825453594326973, 0.0021167946979403496, -0.010275239124894142, 0.01960892230272293, 0.023347852751612663, 0.035560786724090576, 0.02778271771967411, 0.010889296419918537, 0.02917458303272724, -0.026240749284625053, 0.025831377133727074, -0.03667973726987839, 0.00790088064968586, -0.0007377225556410849, -0.004264292307198048, 0.02179223857820034, 0.034578293561935425, 0.034851208329200745, -0.0273460540920496, -0.044621553272008896, 0.002932127332314849, -0.026991264894604683, -0.010677788406610489, -0.021573906764388084, -0.038017019629478455, 0.013229540549218655, -0.01828528568148613, 0.016265716403722763, -0.03509683161973953, -0.006106466520577669, -0.004714601673185825, 0.006655707489699125, 0.007648434489965439, 0.007600674405694008, -0.00048101216088980436, 0.008392127230763435, -0.010473102331161499, 0.002435763832181692, 0.014437188394367695, 0.03990013152360916, -0.02302035503089428, 0.025053570047020912, -0.015583429485559464, 0.0552925206720829, -0.008801499381661415, -0.012390327639877796, 0.008146503940224648, 0.008098743855953217, -0.0024920525029301643, -0.0155288465321064, 0.03561536967754364, -0.005127385258674622, -0.0008515791851095855, 0.01351610105484724, 0.007894057780504227, -0.0014959137188270688, -0.014341668225824833, 0.0027564384508877993, 0.009954564273357391, -0.006720524746924639, -0.0052911341190338135, -0.012881574220955372, -0.038289934396743774, 0.0051956139504909515, 0.04574050381779671, -0.0031623991671949625, -0.008753739297389984, -0.011871789582073689, 0.04314781352877617, 0.002481818199157715, -0.0377986878156662, 0.013256832025945187, -0.005662980023771524, 0.032804347574710846, -0.01137372013181448, 0.019458819180727005, -0.006611358840018511, 0.012151527218520641, 0.02104172483086586, 0.00337902526371181, 0.05338211730122566, -0.014805623330175877, 0.0032255107071250677, 0.012083298526704311, 0.008815145120024681, 1.4511920198856387e-05, -0.07750777900218964, -0.013099906034767628, 0.006454432848840952, 0.009026654064655304, -0.03023894876241684, -0.016565922647714615, -0.004206297919154167, 0.041619494557380676, -0.011619343422353268, 0.031985603272914886, -0.018708303570747375, -0.01664779707789421, -0.003916325978934765, 0.018708303570747375, 0.009088059887290001, 0.006116700824350119, -0.012806522659957409, -2.450635474815499e-05, 0.01828528568148613, 0.030293531715869904, -0.007675725966691971, -0.026909390464425087, 0.03130331635475159, 0.01607467606663704, -0.005830140318721533, 0.01011149026453495, -0.020509541034698486, 0.009831752628087997, 0.035533495247364044, 0.0071094282902777195, -0.0022003748454153538, -0.03979096561670303, 0.037198275327682495, -0.02693668194115162, -0.03324101120233536, -0.029256457462906837, -0.018803823739290237, 0.0022549577988684177, 0.039818257093429565, -0.013591152615845203, 0.0006758903036825359, 0.023238686844706535, 0.007784891873598099, -0.010309353470802307, -0.009122174233198166, 0.0003643837699200958, -0.03550620377063751, 0.03602474182844162, 0.012574545107781887, -0.02832854725420475, -0.02723688818514347, -0.02659553848206997, -0.0004027624090667814, -0.030593737959861755, 0.015092182904481888, 0.02584502287209034, 0.012028715573251247, -0.0020605060271918774, 0.003431902499869466, 0.00876738503575325, -0.018066953867673874, 0.0017347141401842237, 0.002113383263349533, 0.02311587519943714, 0.04025492072105408, 0.02370264194905758, -0.014914789237082005, -0.010473102331161499, -0.012595013715326786, 0.0006750374450348318, -0.03411433845758438, -0.0029014244209975004, -0.03479662537574768, -0.023811807855963707, -0.03700723499059677, 0.022433588281273842, -0.020236626267433167, -0.014287085272371769, 0.007730308920145035, -0.00949743203818798, 0.0037764571607112885, 0.0037969257682561874, 0.00788041204214096, 0.0012630834244191647, 0.030621029436588287, 0.01078013051301241, 0.010541331022977829, -0.0012417619582265615, -0.0021833176724612713, -0.032231226563453674, -0.03184914588928223, 0.006659118924289942, 0.004445098340511322, -0.03561536967754364, -0.022010570392012596, 0.022583691403269768, -0.007641611620783806, -0.003007178893312812, -0.012008246965706348, -0.0129702715203166, -0.013093083165585995, 0.004677075892686844, -0.05578376725316048, 0.02737334556877613, -0.005205848254263401, -0.005877900402992964, -0.00043474460835568607, 0.00951790064573288, 0.010077375918626785, -0.022078799083828926, 0.016811545938253403, 0.011653457768261433, -0.019554339349269867, -0.002809315687045455, -0.027741780504584312, -0.0071298968978226185, 0.0038037486374378204, -0.004138069227337837, 0.012745116837322712, 0.030184365808963776, 0.009504254907369614, 0.006283861119300127, 0.008965248242020607, 0.0007462511421181262, -0.011407834477722645, 0.016606859862804413, -0.04426676407456398, -0.02149203233420849, -0.007450571749359369, 0.010889296419918537, -0.02008652314543724, -0.009552014991641045, 0.017289146780967712, -0.013973233290016651, 0.010411696508526802, 0.01392547320574522, 0.03414162993431091, -0.03405975550413132, 0.021915050223469734, 0.028137506917119026, 0.02029120922088623, -0.002952595939859748, -0.010937056504189968, -0.03274976462125778, -0.010554976761341095, -0.006819456350058317, -0.009545192122459412, -0.011230439879000187, -0.01505124568939209, -0.006242923904210329, 0.010909765027463436, 0.008180618286132812, 0.07177656888961792, 0.015283223241567612, -0.016115613281726837, -0.012724648229777813, -0.035424329340457916, -0.020673289895057678, 0.0006464667385444045, 0.023061292245984077, 0.0029764759819954634, 0.01546061784029007, 0.06085997819900513, -0.003923148848116398, 0.002326597925275564, -0.022310776636004448, 0.022570045664906502, -0.00032259372528642416, -0.027973758056759834, 0.023334207013249397, 0.023265978321433067, -0.0310576930642128, -0.021028079092502594, -0.003926560282707214, 0.016047384589910507, 0.028137506917119026, 0.033350177109241486, -0.016948003321886063, -0.027045847848057747, 0.007894057780504227, -0.001245173392817378, 0.0018319400260224938, -0.004206297919154167, -0.003964086063206196, -0.013550215400755405, -0.008187441155314445, 0.00608599791303277, 0.03343205153942108, -0.03108498454093933, 0.031112276017665863, -0.009538369253277779, 0.0033397937659174204, -0.03534245491027832, 0.006150815170258284, -0.013086260296404362, 0.032231226563453674, 0.014464479871094227, -0.01614290475845337, -0.0310576930642128, -0.005833551753312349, 0.04123741388320923, 0.018940281122922897, 0.012253870256245136, 0.00858316756784916, -0.027127722278237343, -0.012547253631055355, -0.0070480224676430225, -0.012676888145506382, -0.039518050849437714, -0.03793514519929886, -0.00018101920431945473, 0.007934994995594025, -0.00015905810869298875, -0.02607700042426586, -0.04170136898756027, 0.01089611928910017, 0.0097908154129982, -0.022733794525265694, 0.002734264126047492, -0.01664779707789421, -0.016061030328273773, -0.0013995406916365027, 0.021478386595845222, 0.010009147226810455, 0.010752839036285877, -0.005598162766546011, 0.04770549014210701, 0.007580205798149109, 0.0045644985511898994, -0.007648434489965439, 0.023375144228339195, -0.006051883567124605, 0.00575508875772357, -0.011858143843710423, -0.018749240785837173, -0.004977282136678696, 0.01814882829785347, -0.011414657346904278, 0.0004528678546193987, -0.009156288579106331, -0.009511077776551247, 0.08007317781448364, 0.0071640112437307835, 0.008671864867210388, 0.009558837860822678, -0.010950702242553234, 0.021410157904028893, 0.011946841143071651, 0.006601124536246061, -0.008112389594316483, -0.01835351437330246, 0.03957263380289078, -0.011946841143071651, 0.003912914544343948, -0.0013790720840916038, -0.01559707522392273, -0.0004818650195375085, 0.017521124333143234, 0.024930758401751518, -0.010514039546251297, 0.0024255295284092426, 0.01472374889999628, -0.03427808731794357, 0.02641814388334751, 0.000950084300711751, -0.005932483356446028, 0.008774207904934883, 0.0056152199395000935, 0.01196730975061655, 0.0016630740137770772, -0.02611793763935566, 0.009920449927449226, -0.00529454555362463, -0.0071640112437307835, -0.007245885673910379, 0.0008775913738645613, -0.025899605825543404, -0.016811545938253403, -0.006311152596026659, 0.053245659917593, 0.024289408698678017, 0.008398950099945068, 0.034578293561935425, -0.024535031989216805, 0.00462249293923378, 0.0038856230676174164, -0.008665041998028755, -0.0009586128871887922, -0.022242547944188118, -0.03427808731794357]","[-0.020870357751846313, 0.019803503528237343, 0.017949841916561127, -0.025764556601643562, -0.009088274091482162, 0.013082314282655716, 0.01369575597345829, -0.01359573844820261, -0.021550478413701057, -0.03235238790512085, 0.023097418248653412, 0.012455536052584648, 0.006307782139629126, -0.018603291362524033, -0.006197762675583363, 0.019603466615080833, 0.0017436416819691658, -0.017349734902381897, -0.0016602936666458845, -0.019150054082274437, 0.005691006779670715, 0.0187899898737669, -0.014722604304552078, -0.009408330544829369, -0.030378706753253937, -0.01805652678012848, 0.01556275226175785, -0.025431165471673012, 0.025831235572695732, 0.006627839058637619, 0.017869828268885612, -0.012295507825911045, 0.007441316265612841, -0.017816483974456787, -0.023404140025377274, -0.010181800462305546, -0.009221631102263927, -0.020977044478058815, 0.026444677263498306, -0.006191094871610403, 0.014762611128389835, -0.018536612391471863, 0.007294623646885157, -0.020576972514390945, -0.0068278745748102665, 0.0384601354598999, 5.3499046771321446e-05, -0.01249554380774498, -0.002597125945612788, -0.01542939618229866, 0.005801026243716478, 0.02679140493273735, -0.024337638169527054, 0.0174564216285944, 0.001274392125196755, -0.0012727250577881932, 0.03264577314257622, -0.007207941729575396, -0.021043721586465836, 0.00755466939881444, 0.026444677263498306, 0.020870357751846313, -0.005234259180724621, -0.004344101529568434, -0.023244110867381096, -0.005684338975697756, -0.01242886483669281, 0.017309729009866714, -0.0013719092821702361, -0.005267598200589418, 0.018603291362524033, 0.0064244698733091354, -0.00293718627654016, -0.018069863319396973, 0.036299753934144974, -0.018936682492494583, -0.03384598717093468, 0.0007363802287727594, 0.005474301520735025, -0.002268734620884061, 0.01718970760703087, -0.01516268216073513, -0.0032822471112012863, 0.007221277337521315, -0.008241457864642143, 0.027338169515132904, 0.023417474702000618, 0.021950548514723778, 0.015322710387408733, -0.011455359868705273, 0.01732306368649006, -0.011615388095378876, 0.01842992566525936, 0.004960877355188131, 0.0261246208101511, 0.019670145586133003, -0.025217793881893158, 0.025111109018325806, -0.013115652836859226, -0.007668022997677326, -0.024564344435930252, 0.017616448923945427, -0.006801202893257141, -0.013622409664094448, -0.010548532009124756, 0.0030705430544912815, 0.0038173417560756207, -0.01943010278046131, 0.005210921633988619, -0.016802972182631493, -0.013342360034584999, -0.013949133455753326, -0.0012110475217923522, -0.004847524221986532, -0.0013027304084971547, -0.00772136589512229, 0.017883162945508957, -0.01186209823936224, -0.024417651817202568, -0.014335868880152702, 0.015256031416356564, 0.015189353376626968, 0.025977928191423416, -0.010621878318488598, 0.00992842298001051, 0.013168996199965477, 0.0033155863638967276, -0.01976349577307701, 0.0038773524574935436, -0.005344278644770384, 0.029205165803432465, 0.016616271808743477, 0.012342182919383049, 0.036459781229496, -0.01612285152077675, -0.0004192408232484013, -0.0062577733770012856, -0.007988079451024532, -0.013375699520111084, -0.010875256732106209, 0.009435001760721207, 0.010548532009124756, -0.003480615559965372, -0.017549769952893257, -0.01789649948477745, 0.04011376202106476, 0.005330943036824465, 0.011322002857923508, 0.009821737185120583, -0.018843332305550575, -0.020817015320062637, -0.009841741062700748, 0.0165629293769598, 0.002205390017479658, -0.004000707529485226, -0.03301917389035225, 0.00018117787840310484, 0.00939499493688345, -0.01544273179024458, -0.02012355998158455, -0.007194605655968189, 0.029498551040887833, -0.01306231040507555, -0.0038440132047981024, -0.002560452790930867, 0.027498196810483932, 0.001298562972806394, -0.005457631777971983, -0.01722971349954605, -0.02285737544298172, -0.0006559493485838175, 0.03880686312913895, -0.018736647441983223, 0.012368854135274887, -0.006604501511901617, -0.021417122334241867, 0.010835249908268452, 0.01618953049182892, -0.022950725629925728, -0.02792493999004364, -0.002527113538235426, -0.0004738338175229728, -0.017883162945508957, 0.013789105229079723, -0.020136894658207893, -0.018069863319396973, -0.0038440132047981024, -0.0003959033638238907, -0.00708792032673955, 0.018336577340960503, 0.01592281647026539, 0.011868765577673912, -0.001311898697167635, -0.022910719737410545, -0.6102412939071655, -0.002242063172161579, 0.0006526154465973377, -0.00033130860538221896, 0.01069522462785244, 0.004550804849714041, -0.006151088047772646, 0.028218325227499008, -0.013155660592019558, 0.04499462619423866, -0.004080721642822027, 0.030245348811149597, -0.0007051246939226985, -0.002462102100253105, -0.030165335163474083, -0.027578210458159447, 0.012735585682094097, -0.018603291362524033, -0.0007259617559611797, -0.010721896775066853, -0.034166041761636734, 0.028698408976197243, -0.014015812426805496, -0.01249554380774498, -0.016202865168452263, -0.01652292162179947, 0.01326234545558691, -0.010341829620301723, -0.00598105788230896, 0.013802441768348217, -0.028031624853610992, 0.004300760570913553, 0.008974920958280563, 0.007114591542631388, 0.05675670504570007, -0.004054050426930189, -0.00708792032673955, 0.007474655285477638, -0.0025321145076304674, 0.0342460572719574, -0.01776314154267311, -0.00782805122435093, 0.03221903368830681, -0.012288840487599373, -0.012088804505765438, 0.018416590988636017, 0.020870357751846313, -0.009348319843411446, 0.007367969956248999, -0.01996353082358837, -0.020576972514390945, 0.006164423655718565, 0.01076190359890461, 0.006361125037074089, 0.020270252600312233, -0.031072162091732025, 0.010435178875923157, -0.007367969956248999, 0.013349027372896671, -0.022737355902791023, -0.006934559904038906, -0.01756310649216175, -0.013589070178568363, 0.007507994771003723, -0.032512418925762177, 0.006774531677365303, 0.019710153341293335, 0.004110726993530989, 0.0022470641415566206, -0.018443262204527855, 0.010515193454921246, 0.004490794148296118, 0.004284091293811798, 0.012288840487599373, 0.005991059821099043, 0.0062944465316832066, 0.019243404269218445, -0.021283764392137527, -0.010108454152941704, -0.0029238504357635975, 0.017976513132452965, -0.010321825742721558, -0.005520976614207029, 0.002792160492390394, -0.017936505377292633, -0.006017731036990881, -0.017616448923945427, -0.0031822295859456062, 0.030378706753253937, 0.0018603290664032102, -0.005287602078169584, 0.02025691606104374, -0.005364282056689262, -0.0060877432115375996, 0.0030071984510868788, 0.0297919362783432, -0.02083035185933113, -0.003987371921539307, -0.004027379211038351, -0.0582503043115139, -0.03675316646695137, -0.0063777947798371315, 0.017283057793974876, 0.013042306527495384, 0.041474003344774246, 0.01612285152077675, -0.026431342586874962, -0.014229183085262775, 0.016642943024635315, -0.04022044688463211, -0.008048090152442455, -0.011041953228414059, -0.011408684775233269, -0.005887708161026239, -0.005084232427179813, -0.033739302307367325, 0.056596677750349045, -0.007788044400513172, -0.004307428374886513, -0.00024108431534841657, -0.009975098073482513, 0.014122498221695423, 0.02505776472389698, -0.026698054745793343, 0.0007622181437909603, 0.0035239565186202526, 0.001912004896439612, 0.007561337202787399, 0.0060844095423817635, 0.008134772069752216, -0.008588185533881187, -0.008601521141827106, 0.004844190087169409, -0.011615388095378876, 0.051129043102264404, -0.0018186550587415695, 0.00257378863170743, 0.000294218712951988, 0.008574849925935268, -0.00267047225497663, -0.002277069492265582, 0.008248125202953815, 0.018749983981251717, -0.020403608679771423, 0.023150760680437088, -0.02565787173807621, -0.03597969561815262, -0.0033755970653146505, 0.008868235163390636, 0.017976513132452965, -0.021003715693950653, -0.003210567869246006, -0.013555730693042278, 0.03408602997660637, -0.01882999762892723, 0.0033772641327232122, 0.009621702134609222, -0.02039027400314808, -0.001605283934623003, -0.04182073101401329, -0.01517601776868105, 0.022083906456828117, -0.006324451882392168, -0.004177405498921871, -0.011875433847308159, -0.022884048521518707, -0.009641705080866814, 0.008948249742388725, 0.009428334422409534, -0.0244576595723629, -0.011588716879487038, -0.003063875250518322, -0.0174564216285944, -0.03475281223654747, -0.027111461386084557, 0.029765265062451363, -0.02592458575963974, -0.0174564216285944, -0.011715405620634556, -0.0095616914331913, 0.00034631125163286924, 0.02565787173807621, -0.003125552786514163, 0.002977193333208561, 0.038566820323467255, 0.012555554509162903, 0.01932341791689396, -0.004704165272414684, -0.008501503616571426, 0.04664825275540352, -0.010121790692210197, 0.011255323886871338, -0.027271490544080734, -0.003984037786722183, -0.013649080879986286, 0.013602405786514282, 0.021243756636977196, 0.00023129090550355613, 0.007341298274695873, 0.02319076843559742, 0.009935090318322182, 0.03664648160338402, 0.024897737428545952, 0.005610992666333914, 0.01184876263141632, -0.03365928679704666, -0.005827697459608316, -0.0060877432115375996, 0.007487990893423557, -0.005360948387533426, 0.01464258972555399, -0.022510647773742676, -0.00338226486928761, -0.014295862056314945, -0.0022737355902791023, 0.026738062500953674, -0.002490440383553505, 0.01612285152077675, 0.009681712836027145, 0.01598949544131756, -0.0018653299193829298, 0.0005742682260461152, 0.027631554752588272, 0.029098480939865112, -0.0026638044510036707, 0.006187761202454567, 0.006787867285311222, 0.01882999762892723, 0.016642943024635315, 0.0008318137843161821, 0.020283587276935577, 0.025017758831381798, 0.019843509420752525, -0.001631955266930163, 0.002770490013062954, 0.002363751409575343, 0.03032536432147026, -0.007834719493985176, -0.00671452097594738, -0.03832677751779556, -0.01409582607448101, 0.011982119642198086, 0.023977573961019516, -0.03886020556092262, 0.01762978546321392, -0.0128956139087677, 0.0349128432571888, 0.015536081045866013, 0.007514662574976683, 0.02741818316280842, 0.006794535089284182, 0.003957366570830345, -0.03235238790512085, -0.013322356157004833, 0.02003020979464054, -0.013749098405241966, 0.013055642135441303, 0.02765822596848011, -0.0030822118278592825, 0.022243933752179146, 0.004710833076387644, -0.02405758760869503, 0.03261910378932953, -0.005851035006344318, 0.01221549417823553, 0.005971055943518877, -0.026484685018658638, -0.012088804505765438, -0.018443262204527855, -0.004044048488140106, 0.011868765577673912, -0.040940575301647186, -0.009435001760721207, -0.021177079528570175, 0.026431342586874962, -0.01672295853495598, 0.02196388505399227, 0.01785649172961712, 0.023670854046940804, 0.01876331865787506, -0.03565964102745056, 0.007041245233267546, 0.014322533272206783, 0.023310789838433266, 0.006701185368001461, -0.0039006900042295456, -0.0005475968355312943, 0.012288840487599373, -0.004687495995312929, -0.025644535198807716, 0.011535373516380787, 0.00593104911968112, -0.0025787893682718277, -0.005180916283279657, -0.009895083494484425, 0.021550478413701057, 0.04288758710026741, -0.0011051954934373498, -0.0065744961611926556, 0.003994039725512266, 0.0006930392701178789, 0.016416236758232117, -0.021283764392137527, -0.010261815041303635, 0.015976158902049065, -0.009468341246247292, -0.007494659163057804, -0.03621973842382431, 0.016402902081608772, 0.00565766729414463, -0.0055609834380447865, -0.005064229015260935, -0.014215847477316856, 0.017403077334165573, -0.011808754876255989, 0.011121966876089573, -0.025217793881893158, -0.008861567825078964, 0.033739302307367325, 9.204752859659493e-05, -0.014655925333499908, -0.02452433854341507, -0.030298693105578423, 0.015576088801026344, 0.025537850335240364, 0.030778776854276657, -0.01776314154267311, -0.012188822962343693, -0.005774354562163353, 0.033765971660614014, -0.015816131606698036, -0.004290759097784758, 0.010035107843577862, 0.0011318668257445097, -0.03435274213552475, 0.03277913108468056, 0.02009688876569271, 0.003540626261383295, 0.0015994495479390025, 0.006927892100065947, 0.00145775789860636, -0.033579271286726, -0.013349027372896671, -0.01919006183743477, 0.015456067398190498, -0.014109162613749504, 0.04006041958928108, 0.037206582725048065, 0.00677119754254818, 0.013309020549058914, 0.023710859939455986, 0.008514839224517345, 0.0003265160776209086, -0.03088546358048916, -0.01772313565015793, -0.0018186550587415695, 0.036006368696689606, 0.011121966876089573, -0.016976336017251015, 0.05889041721820831, 0.04374106973409653, -0.00399070605635643, 0.004567474592477083, 0.01516268216073513, -0.014602582901716232, 0.032699115574359894, -0.014015812426805496, -0.006167757790535688, 0.02303074114024639, 0.010988609865307808, -0.0029588567558676004, 0.004987549036741257, 0.020616980269551277, 0.025777893140912056, -0.011868765577673912, -0.020403608679771423, -0.025631200522184372, 0.008414821699261665, 0.016349557787179947, -0.01436254009604454, 0.009455005638301373, -0.019310081377625465, -0.006677847821265459, -0.03205900266766548, -0.004834188148379326, -0.01916338875889778, 0.024617686867713928, -0.018043192103505135, -0.008001415058970451, -0.015616095624864101, -0.028298338875174522, -0.0028905111830681562, -0.019216733053326607, 0.014669260941445827, -0.021177079528570175, -0.056329961866140366, -0.017216378822922707, 0.007874726317822933, 0.023444145917892456, 0.013028970919549465, 0.008254793472588062, -0.006677847821265459, 0.009688380174338818, 0.011041953228414059, -0.024364309385418892, -0.035606298595666885, -0.03075210563838482, -0.0037073222920298576, 0.013815777376294136, 0.0010643549030646682, -0.008688203059136868, 0.005861036479473114, -0.020576972514390945, 0.02848503738641739, -0.003784002736210823, -0.022097241133451462, 0.005057561211287975, -0.0023820879869163036, 0.006961231119930744, -0.0062811109237372875, 0.006114414893090725, 0.022417297586798668, 0.0003575632581487298, 0.005217589437961578, 0.00044132806942798197, -0.015349381603300571, -0.030165335163474083, -0.008228122256696224, -0.003272245405241847, 0.0004173654888290912, -0.0063777947798371315, 0.03304584324359894, -0.024497665464878082, -0.010988609865307808, 0.007474655285477638, -0.03808673843741417, -0.00735463434830308, 0.024470994248986244, 0.016909657046198845, -0.010435178875923157, 0.015402724035084248, 0.03974036127328873, 0.004807516932487488, -0.025604529306292534, -0.0010485188104212284, 0.010241811163723469, 0.04494128376245499, -0.010348496958613396, 0.0004942541127093136, -0.005250928923487663, -0.021377114579081535, -0.022884048521518707, -0.003337256843224168, -0.005270932335406542, -0.0024054255336523056, 0.0014869297156110406, 0.008254793472588062, -0.00682120630517602, -0.020110223442316055, 0.0059043774381279945, 0.002977193333208561, -0.006697851233184338, 0.001716970349662006, -0.0035706316120922565, -0.019803503528237343, -0.027178140357136726, -0.00834814365953207, -0.01872331090271473, 0.009628369472920895, -0.02425762452185154, -0.02685808390378952, 0.006697851233184338, 0.0008463996928185225, 0.0205636378377676, 0.0020386939868330956, 0.017309729009866714, 0.01132867019623518, -0.007661355193704367, -0.02399091050028801, -0.01509600318968296, -0.012102140113711357, 0.00593104911968112, 0.034272730350494385, 0.0004771677195094526, 0.03835345059633255, -0.00871487520635128, 0.018683305010199547, 0.003247241023927927, -0.002607127884402871, 0.01616285927593708, 0.012348851189017296, 0.001336903078481555, -0.010881925001740456, 0.010361832566559315, -0.0014785948442295194, -0.0014194176765158772, 0.010521860793232918, -0.0031422225292772055, 0.0017919836100190878, 0.032699115574359894, -0.017336400225758553, -0.001544439815916121, -0.02005688101053238, -0.034699469804763794, -0.02032359503209591, 0.0056343297474086285, -0.018176548182964325, -0.009501680731773376, -0.025551186874508858, -0.011915440671145916, 0.0006021898589096963, 0.018883340060710907, 0.01602950133383274, -0.026644712314009666, 0.021643828600645065, -0.005747683346271515, -0.021337106823921204, -0.01965681090950966, 0.020950371399521828, -0.0007509661372750998, -0.015309374779462814, -0.018216555938124657, 0.0023320792242884636, -0.020216908305883408, -0.023377468809485435, 0.025404494255781174, 0.00745465187355876, 0.011281995102763176, -0.012295507825911045, 0.04584810882806778, -0.007954739965498447, -0.022137248888611794, 0.012195490300655365, -0.02036360092461109, 0.0023487487342208624, -0.01598949544131756, -0.018176548182964325, -0.016749629750847816, 0.005184250418096781, 0.00682120630517602, 0.006161089520901442, 0.005077564623206854, -0.019870180636644363, -0.022003892809152603, -0.002905513858422637, -0.009208295494318008, 0.04440785571932793, 0.009808401577174664, 0.029631907120347023, 0.022844040766358376, 0.0030172003898769617, -0.026418006047606468, 0.0001267932530026883, 0.033472586423158646, -0.003857349045574665, 0.03365928679704666, 0.024564344435930252, -0.012622232548892498, -0.031072162091732025, -0.020710330456495285, -0.0028371685184538364, -0.00451413169503212, -0.02872508019208908, 0.005751017015427351, -0.013495719991624355, -0.02512444369494915, -0.02049695886671543, 0.02089702896773815, -0.036939866840839386, 0.008681535720825195, -0.014975981786847115, -0.0171230286359787, 0.004400778561830521, -0.002325411420315504, -0.023777538910508156, 0.019336752593517303, 0.00183865858707577, 0.026151292026042938, -0.017016343772411346, 0.010075115598738194, -0.004427449777722359, -0.004890865180641413, -0.018336577340960503, 0.036406438797712326, 0.005114237777888775, 0.034166041761636734, -0.01658960059285164, 0.0013327357592061162, 0.008314804174005985, -0.010048444382846355, -0.002008688636124134, -0.004794181324541569, -0.015682773664593697, 0.033579271286726, -0.010275150649249554, -0.006811204832047224, 0.0058910418301820755, -0.004577476531267166, 0.023644182831048965, 0.01049518957734108, -0.022910719737410545, -0.025951256975531578, -0.016269544139504433, 0.004424115642905235, 0.019176725298166275, 0.0008959918050095439, 0.00041965756099671125, -0.003027202095836401, -0.012775593437254429, 0.01516268216073513, -0.039340291172266006, -0.003960700705647469, 0.010708561167120934, -0.028645066544413567, -0.0034506104420870543, -0.0018586621154099703, 0.032139018177986145, 0.025164451450109482, -0.0036106386687606573, -0.018683305010199547, 0.029445208609104156, 0.008688203059136868, -0.004544137045741081, -0.012028793804347515, 0.0017303060740232468, -0.0056343297474086285, -0.04792847856879234, 0.010135126300156116, 0.00259545911103487, -0.005534312222152948, 0.006344455294311047, -0.0404604896903038, -0.04707499220967293, -0.002083701780065894, 0.019110046327114105, 0.013582402840256691, -0.0036939866840839386, -0.021203750744462013, -0.013615741394460201, 0.0005996894324198365, 0.01636289432644844, -0.016949664801359177, 0.004560806788504124, 0.02808496728539467, -0.013882455416023731, -0.010301821865141392, -0.016882985830307007, -0.016336223110556602, 0.022150585427880287, -0.030378706753253937, 0.028378352522850037, -0.001778647885657847, -0.027738239616155624, -0.014415883459150791, 0.01945677399635315, 0.023670854046940804, -0.029845278710126877, -0.010728564113378525, -0.029978636652231216, -0.013375699520111084, -0.028671737760305405, 0.024551009759306908, 0.008254793472588062, 0.010488522239029408, 0.015589424408972263, 0.023404140025377274, -0.0013860785402357578, 0.005407623015344143, -0.029045136645436287, -0.03808673843741417, -0.013749098405241966, -0.0010801911121234298, -0.018776655197143555, -0.0019936859607696533, -0.0026304651983082294, 0.03749996796250343, 0.019950196146965027, -0.016002830117940903, -0.0007793044787831604, -0.005217589437961578, -0.028111638501286507, -0.028298338875174522, 0.001703634625300765, 0.024097595363855362, 0.02699143998324871, 0.013829112984240055, -0.02781825326383114, 0.02968525141477585, 0.012995632365345955, 0.007768040522933006, -0.04814184829592705, -0.005334276705980301, 0.011755412444472313, -0.003613972570747137, 0.00866153184324503, -0.005494304932653904, -0.028565052896738052, -0.008434825576841831, 0.003894022200256586, 0.005387619603425264, 0.02995196357369423, 0.014149169437587261, -0.00446412293240428, -0.0070612491108477116, -0.013168996199965477, 0.016482915729284286, 0.004554138984531164, 0.0006013563834130764, 0.034139372408390045, -0.032165687531232834, -0.012148815207183361, 0.010141793638467789, 0.025417828932404518, -0.005894375964999199, 0.008088096976280212, 0.007668022997677326, -0.012968960218131542, 0.014575911685824394, -0.024617686867713928, -0.008568182587623596, -0.004647488705813885, -0.024377645924687386, 0.006044402252882719, 0.003907357808202505, 0.0018836664967238903, 0.036139726638793945, 0.007948072627186775, 0.005437628366053104, 0.01317566353827715, 0.030111992731690407, -0.008681535720825195, -5.5686934501864016e-05, 0.007294623646885157, 0.009148284792900085, 0.005717677995562553, -0.02499108761548996, 0.015149346552789211, 0.007381305564194918, 0.009528351947665215, 0.0022503980435431004, -0.008821560069918633, -0.034806154668331146, 0.003038870869204402, -0.016149522736668587, -0.004810851067304611, 0.013922462239861488, 0.005430960562080145, -0.008921577595174313, -0.013495719991624355, -0.010421843267977238, -0.025711214169859886, -0.03880686312913895, -0.00949501246213913, 0.014575911685824394, -0.012822267599403858, -0.050835657864809036, 0.018669968470931053, 0.022403962910175323, -0.015709444880485535, 0.01882999762892723, 0.19939526915550232, 0.021043721586465836, 0.007174602244049311, 0.0241242665797472, -0.012562221847474575, 0.01184876263141632, 0.01517601776868105, 0.007301291450858116, -0.023750867694616318, 0.010835249908268452, 1.8649132471182384e-05, 0.012515546754002571, 0.01537605281919241, -0.0025154449976980686, 0.01963013783097267, 0.004537469241768122, -0.04142066091299057, -0.025537850335240364, -0.02143045701086521, -0.011308667249977589, 0.02808496728539467, 0.010321825742721558, 0.017603114247322083, -0.018349912017583847, 0.00781471561640501, -0.021510470658540726, 0.019883517175912857, -0.007594676688313484, -0.00338559877127409, 0.007441316265612841, -0.007768040522933006, -0.021803855895996094, 0.0028738416731357574, -0.010241811163723469, -0.027218148112297058, -0.014935974963009357, 0.02508443593978882, 0.00708792032673955, -0.004394110757857561, 0.001091859769076109, -0.0007430480909533799, -0.02952522225677967, 0.04038047417998314, 0.0010960272047668695, -0.00487419543787837, -0.0009968429803848267, -0.003258909797295928, 0.003117217915132642, 0.010801910422742367, 0.04611482471227646, -0.020350266247987747, -0.0001414833532180637, 0.028565052896738052, -0.011722072958946228, -0.019736824557185173, -0.006787867285311222, 0.027311498299241066, -0.001410249387845397, -0.005260930396616459, 0.010428511537611485, -0.0058176955208182335, 0.00991508737206459, 0.007968075573444366, 0.03235238790512085, -0.023417474702000618, 0.022483976557850838, -0.001592781743966043, -0.003348925616592169, -0.0015544416382908821, -0.016469579190015793, 0.012022126466035843, -0.013382366858422756, 0.026978105306625366, 0.020003538578748703, -0.025631200522184372, -0.015416059643030167, 0.02901846542954445, 0.0211237370967865, 0.022977396845817566, 0.026564698666334152, -0.013682420365512371, -0.03632642701268196, -0.004354103468358517, -0.017709799110889435, -0.031072162091732025, 0.006941227708011866, -0.0030188672244548798, 0.008581518195569515, 0.009821737185120583, -0.01939009688794613, -0.003430606797337532, -0.007954739965498447, -0.015482738614082336, -0.011068624444305897, -0.012282172217965126, 0.012722250074148178, -0.013055642135441303, 0.003202232997864485, -0.016402902081608772, -0.017069686204195023, -0.03152557462453842, 0.03248574584722519, 0.0283516813069582, -0.004810851067304611, -0.029045136645436287, -0.00799474772065878, -0.013669084757566452, 0.017643120139837265, -0.020616980269551277, -0.017003007233142853, -0.0064144679345190525, -0.03886020556092262, -0.01249554380774498, -0.023577503859996796, 0.02592458575963974, 0.016136188060045242, 0.01556275226175785, -0.0003669399011414498, 0.004380774684250355, -0.01672295853495598, 0.008488168008625507, -0.03661981225013733, -0.0003042204771190882, -0.002708812477067113, -0.0032989168539643288, -0.038300108164548874, 0.0038640168495476246, 0.0059510525315999985, 0.004477458540350199, -0.002828833647072315, 0.034272730350494385, -0.0444611981511116, 0.008888239040970802, -0.026951434090733528, -0.019283410161733627, 0.007908065803349018, -0.0067545282654464245, -0.011982119642198086, -0.013142324984073639, 0.00030963809695094824, 0.012288840487599373, -0.008428157307207584, 0.038166750222444534, -0.003787336638197303, -0.00377400079742074, -0.022377291694283485, 0.013762434013187885, 0.01596282422542572, -0.00074763223528862, -0.015136010944843292, -0.008854899555444717, -0.005824363324791193, 0.004157402087002993, -0.0061477539129555225, 0.006934559904038906, -0.01344237755984068, 0.0020136896055191755, -0.012728918343782425, 0.022563990205526352, -0.013422373682260513, -0.03152557462453842, -0.0010718562407419086, 0.039073579013347626, 0.030565407127141953, -0.003272245405241847, 0.007608012296259403, -0.16706955432891846, 0.036006368696689606, 0.023804210126399994, -0.01809653453528881, -0.007307959254831076, 0.012095472775399685, 0.0141758406534791, -0.004987549036741257, -0.001506933243945241, -0.01749642752110958, 0.01280893199145794, 0.012448868714272976, -0.029711922630667686, -0.016976336017251015, -0.002448766492307186, -0.0003023451426997781, 0.00404071481898427, 0.012262169271707535, 0.036273080855607986, 0.0174564216285944, 0.0509156733751297, -0.004207410849630833, 0.002462102100253105, 0.006407800130546093, -0.003038870869204402, 0.030272021889686584, -0.00919495988637209, 0.006954563315957785, -0.016149522736668587, 0.00045758092892356217, -0.005684338975697756, -0.0022003892809152603, 0.022977396845817566, 0.002497108420357108, -0.005144243128597736, 0.01769646257162094, -0.016242872923612595, -0.02659136988222599, -0.001691132434643805, 0.01818988472223282, 0.022083906456828117, -0.0066078356467187405, -0.0037239920347929, 0.017816483974456787, 0.024831058457493782, 0.03571298345923424, 0.024937743321061134, 0.012968960218131542, 0.02805829606950283, -0.025284472852945328, 0.0198968518525362, -0.03435274213552475, 0.010448514483869076, -0.0008384816464968026, -0.010108454152941704, 0.021083729341626167, 0.03939363360404968, 0.03798004984855652, -0.019510118290781975, -0.04504796862602234, 0.0027738239150494337, -0.025017758831381798, -0.00340726925060153, -0.014082490466535091, -0.03189897537231445, 0.0066078356467187405, -0.023044075816869736, 0.01352905947715044, -0.03405935689806938, -0.009401663206517696, -0.010541864670813084, 0.007161266636103392, 0.0030005306471139193, 0.006854545790702105, 0.004580810200423002, 0.011175310239195824, -0.014415883459150791, -0.000674285925924778, 0.01696299947798252, 0.039366964250802994, -0.015322710387408733, 0.018069863319396973, -0.01585613749921322, 0.050728973001241684, -0.010335161350667477, -0.011568713001906872, 0.02539115771651268, 0.01074856799095869, 0.0016227869782596827, -0.02741818316280842, 0.02981860749423504, -0.011635391041636467, -0.007748037111014128, 0.008888239040970802, 0.007001238409429789, -0.004320764448493719, -0.014295862056314945, 0.0014144168235361576, 0.016549594700336456, -0.017509764060378075, -0.010341829620301723, -0.005427626892924309, -0.04171404615044594, 0.007748037111014128, 0.047501735389232635, -0.0014369208365678787, -0.01216215081512928, -0.01469593308866024, 0.03765999525785446, 0.005267598200589418, -0.03611305356025696, 0.01252888236194849, -0.0007880560588091612, 0.0261246208101511, -0.015749452635645866, 0.0211237370967865, -0.00257378863170743, 0.014055819250643253, 0.02299073338508606, 0.007621347904205322, 0.04264754429459572, -0.006494482047855854, -0.0025571188889443874, 0.01749642752110958, 0.017336400225758553, 0.005967722274363041, -0.08502837270498276, -0.013842448592185974, 0.0009218297200277448, 0.01409582607448101, -0.04142066091299057, -0.014735939912497997, -0.008654864504933357, 0.04331432655453682, -0.01749642752110958, 0.02901846542954445, -0.01364241261035204, -0.017509764060378075, -0.002747152466326952, 0.0187899898737669, 0.006954563315957785, 0.01048185396939516, -0.0034872833639383316, -0.007074584718793631, 0.020550301298499107, 0.018309906125068665, -0.00546430004760623, -0.0227906983345747, 0.034299399703741074, 0.020510293543338776, -0.009908419102430344, 0.004117394797503948, -0.01752309873700142, 0.009988433681428432, 0.02492440864443779, 0.0035839672200381756, -0.004517465829849243, -0.03341924399137497, 0.040833890438079834, -0.027764910832047462, -0.032005660235881805, -0.022017227485775948, -0.02439098060131073, 0.005410957150161266, 0.046701595187187195, -0.012315511703491211, 0.003814007854089141, 0.024951079860329628, 0.007241280749440193, -0.0029971967451274395, -0.008641528896987438, -0.003563963808119297, -0.026431342586874962, 0.03541959822177887, 0.004017377272248268, -0.02719147689640522, -0.01642957329750061, -0.020803678780794144, -0.002330412156879902, -0.03229904547333717, 0.021377114579081535, 0.0297919362783432, 0.017816483974456787, 0.011055288836359978, 0.0024070923682302237, 0.010468518361449242, -0.01176208071410656, 0.0032172356732189655, -0.001066021854057908, 0.026404669508337975, 0.026538027450442314, 0.021483799442648888, -0.016069509088993073, -0.013422373682260513, -0.010855253785848618, -0.0061944290064275265, -0.019816838204860687, -0.008041421882808208, -0.038566820323467255, -0.023564167320728302, -0.03571298345923424, 0.033205874264240265, -0.010461850091814995, -0.018336577340960503, 0.012582225725054741, -0.011735409498214722, -0.0036439779214560986, 0.005284267943352461, 0.004530801437795162, 0.007748037111014128, 0.029738593846559525, 0.0030071984510868788, 0.016616271808743477, 0.0031838964205235243, -0.001042684423737228, -0.019483445212244987, -0.028778422623872757, 1.622682793822605e-05, 8.642153261462227e-05, -0.035072870552539825, -0.012455536052584648, 0.022777361795306206, -0.014789282344281673, -0.0010026773670688272, -0.01598949544131756, -0.014229183085262775, -0.01923006772994995, 0.005454298108816147, -0.05782356113195419, 0.02172384224832058, -0.000182219737325795, -0.006761196069419384, 0.002710479311645031, 0.014522568322718143, 0.011875433847308159, -0.018976690247654915, 0.008308135904371738, 0.009635037742555141, -0.019403431564569473, -0.0070612491108477116, -0.029338521882891655, -0.011575380340218544, -0.004424115642905235, -0.0012760590761899948, 0.011375345289707184, 0.020176902413368225, 0.009021596051752567, 0.001825322862714529, 0.016642943024635315, 0.006154421716928482, -0.014949310570955276, 0.014935974963009357, -0.039100248366594315, -0.02229727804660797, -0.009528351947665215, 0.027764910832047462, -0.00908160675317049, -0.011422020383179188, 0.00991508737206459, -0.016736293211579323, 0.012608896940946579, 0.003312252461910248, 0.030912134796380997, -0.03515288606286049, 0.023337461054325104, 0.02681807614862919, 0.016749629750847816, -0.013375699520111084, -0.015816131606698036, -0.03301917389035225, -0.009801733307540417, -0.004857525695115328, -0.0207903441041708, -0.01769646257162094, -0.013655749149620533, -0.00791473314166069, 0.011988786980509758, 0.011041953228414059, 0.06673180311918259, 0.020203573629260063, -0.011955447494983673, -0.025671206414699554, -0.03974036127328873, -0.02032359503209591, 0.0009751725010573864, 0.02625797688961029, 0.005320941098034382, 0.01344237755984068, 0.06587831676006317, -0.0005780188948847353, 0.0006697017815895379, -0.01409582607448101, 0.020416945219039917, 0.004544137045741081, -0.03595302626490593, 0.024777716025710106, 0.020283587276935577, -0.0384601354598999, -0.017083020880818367, -0.012348851189017296, 0.01876331865787506, 0.03384598717093468, 0.03072543442249298, -0.02259066328406334, -0.01812320575118065, 0.007681358605623245, -0.009274973534047604, 0.004450787324458361, -0.005647665821015835, 0.0036439779214560986, -0.016909657046198845, -0.004340767860412598, 0.011415352113544941, 0.031605590134859085, -0.024804387241601944, 0.03411269932985306, -0.005530978087335825, 0.000600939616560936, -0.0351262129843235, -0.0017619782593101263, -0.010088451206684113, 0.028911780565977097, 0.017003007233142853, -0.0062444377690553665, -0.03419271484017372, 0.0014385877875611186, 0.03798004984855652, 0.022977396845817566, 0.014535903930664062, 0.005367616191506386, -0.032139018177986145, -0.010601875372231007, -0.002612128620967269, -0.01019513700157404, -0.044701240956783295, -0.03768666461110115, -0.008441492915153503, 0.013142324984073639, 0.009515016339719296, -0.02125709317624569, -0.039607007056474686, 0.01317566353827715, 0.011935444548726082, -0.02032359503209591, 0.009455005638301373, -0.02249731309711933, -0.011835427023470402, -0.013522392138838768, 0.018803326413035393, 0.01221549417823553, 0.010821914300322533, -0.005224257241934538, 0.04798182100057602, 0.01578945852816105, 0.01031515747308731, -0.008161443285644054, 0.02239062637090683, -0.0031388886272907257, 0.006527821067720652, -0.01068188901990652, -0.012768925167620182, -0.010588539764285088, 0.015802795067429543, -0.011442024260759354, -0.0006396964890882373, -0.004280757158994675, -0.012855607084929943, 0.08273463696241379, 0.002462102100253105, 0.006974566727876663, 0.0064644766971468925, -0.003517288714647293, 0.01618953049182892, 0.014482561498880386, 0.002888844348490238, -0.012642236426472664, -0.022884048521518707, 0.03867350518703461, -0.010875256732106209, 0.006324451882392168, -0.0013810775708407164, 0.0038773524574935436, 0.009721719659864902, 0.007334630470722914, 0.023737531155347824, -0.015736116096377373, 0.001678630243986845, 0.021350443363189697, -0.029711922630667686, 0.021270429715514183, -0.0033789309673011303, -0.0012218827614560723, 0.009188291616737843, 0.0015077666612342, 0.01629621535539627, 0.006471144501119852, -0.03085879236459732, 0.012348851189017296, -0.00259879301302135, -0.009501680731773376, -0.006667845882475376, 0.0009701715898700058, -0.02655136212706566, -0.01254221796989441, -0.006431137677282095, 0.04771510511636734, 0.02332412637770176, 0.007334630470722914, 0.036939866840839386, -0.024497665464878082, 0.0008551512728445232, 0.001740307779982686, -0.013602405786514282, -0.004334100056439638, -0.019843509420752525, -0.02955189347267151]","[-0.014723125845193863, 0.005026588216423988, 0.012051698751747608, 0.00505350437015295, -0.004592565353959799, 0.016015099361538887, -0.01780502311885357, -0.017522403970360756, 0.00447144266217947, 0.007556704804301262, 0.02993074059486389, 0.014373215846717358, -0.016163138672709465, 0.0022273100912570953, -0.0336182527244091, 0.0012793574715033174, 0.02120991423726082, 0.00826325360685587, 0.007327917497605085, 0.004673313815146685, -0.033079929649829865, 0.009373543784022331, 0.02648547664284706, -0.006897259503602982, 0.0021179632749408484, 0.020617758855223656, 0.010382899083197117, -0.03391432762145996, -0.005181355867534876, 0.009037092328071594, 0.013128344900906086, 0.020469719544053078, -0.004054242745041847, -0.0034856393467634916, -0.017831938341259956, -0.007112588733434677, 0.007166420575231314, -0.003164327936246991, 0.013330215588212013, -0.013579189777374268, 0.029446251690387726, -0.001978335902094841, -0.013821435160934925, 0.0027370343450456858, -0.03310684487223625, 0.01617659628391266, -0.01924503594636917, -0.021667487919330597, -0.009010176174342632, 0.019877566024661064, 0.024830134585499763, 0.010255047120153904, -0.04215066507458687, -0.0038927458226680756, -0.004286394454538822, -0.005248646251857281, 0.03194945305585861, 0.009649434126913548, 0.000552621902897954, -0.005083784926682711, 0.006422862410545349, 0.021075332537293434, 0.0035394716542214155, -0.018881667405366898, 0.009750369936227798, -0.008707369677722454, 0.01479041576385498, 0.01792614534497261, -0.0005240234895609319, -0.014602002687752247, 0.011964221484959126, 0.03224552795290947, -0.0065137045457959175, -0.022407682612538338, 0.019837191328406334, -0.000754072330892086, -0.017791565507650375, 0.0030213361606001854, 0.040239620953798294, 0.014211718924343586, 0.02314787544310093, -0.0038355491124093533, -0.018262596800923347, 0.022623011842370033, 0.013834892772138119, 0.0013483300572261214, 0.037494175136089325, 0.030711309984326363, -0.02106187492609024, -0.0043301330879330635, 0.022151978686451912, 0.015880519524216652, 0.01602855883538723, 0.04123551771044731, 0.007179878652095795, -0.023134417831897736, -0.018047267571091652, 0.01982373371720314, 0.0023013295140117407, -0.01668800413608551, -0.01141916960477829, 0.0020775890443474054, -0.031922534108161926, -0.013498441316187382, -0.024560973048210144, -0.02950008399784565, 0.021223371848464012, 9.715041960589588e-05, 0.013034137897193432, -0.017858855426311493, -0.025651076808571815, 0.041639260947704315, 0.006109962705522776, -0.0008381852530874312, -0.00944756343960762, -0.0013592648319900036, 0.0192854106426239, -0.0033376007340848446, -0.04492302983999252, -0.00378844584338367, 0.003482274943962693, 0.022663384675979614, 0.02234039083123207, 0.012374692596495152, 0.01165468618273735, -0.014211718924343586, -0.006547349505126476, -0.01664762943983078, -0.008774659596383572, -0.035825375467538834, 0.06266076117753983, 0.010416544042527676, 0.0013020680053159595, 0.0018319793744012713, -0.012226654216647148, 0.03865157067775726, -0.016822583973407745, 0.030792057514190674, -0.043146561831235886, -0.0019598309881985188, 0.0218693595379591, 0.0159881841391325, 0.02473592758178711, 0.0035562943667173386, -0.004434433300048113, 0.0019110455177724361, 0.004518546164035797, 0.007805678993463516, -0.0017781471833586693, -0.021667487919330597, -0.010564582422375679, 0.0057802400551736355, -0.00808829814195633, -0.0050501395016908646, 0.0008470171014778316, 0.03620219975709915, -0.03089972212910652, 0.00452863983809948, 0.014898080378770828, -0.02242114022374153, 0.005221730098128319, 0.025772199034690857, 0.017441654577851295, -0.00030869440524838865, 0.016593797132372856, 0.05097915977239609, 0.017979977652430534, -0.013296570628881454, -0.006799688562750816, -0.007132775615900755, -0.005887904204428196, 0.0038422781508415937, -0.007852782495319843, 0.0008015961502678692, -0.02172132022678852, -0.006624733563512564, -0.008505498059093952, -0.032110948115587234, 0.010133924894034863, 0.037574924528598785, -0.04422320798039436, 0.010463647544384003, 0.009434104897081852, 0.008364188484847546, -0.0095417695119977, 0.01885475218296051, -0.0021751602180302143, -0.018747087568044662, -0.013693583197891712, 0.004545462317764759, 0.004979484714567661, 0.028638767078518867, -0.02221926860511303, 0.011513376608490944, -0.6050747036933899, -0.003751436248421669, 0.010880847461521626, -0.024264894425868988, 0.017603151500225067, 0.023820778355002403, -0.0053563108667731285, 0.011298047378659248, -0.042527493089437485, 0.022044314071536064, -0.0068366979248821735, 0.007987363263964653, 0.022824881598353386, -0.00973691139370203, -0.016082391142845154, -0.02861184999346733, -0.007536517456173897, -0.012690957635641098, -0.01440013200044632, 0.010524208657443523, -0.01178926695138216, 0.0202140174806118, 0.00701838219538331, -0.007509601302444935, 0.017791565507650375, 0.0031861974857747555, 0.006170523818582296, -0.008431479334831238, 0.020335139706730843, 0.015301822684705257, -0.008862136863172054, -0.02966158092021942, 0.01453471276909113, -0.0019985230173915625, 0.04823371395468712, -0.02772361785173416, -0.00808829814195633, 0.016365010291337967, -0.0181549321860075, 0.020187100395560265, -0.01943344809114933, -0.005618743132799864, 0.02871951460838318, 0.0020674956031143665, -0.018800919875502586, -0.009965699166059494, 0.015611357986927032, -0.003875923343002796, 0.027885114774107933, 0.009474479593336582, 0.01683604158461094, 0.0005244440399110317, -0.022313475608825684, 0.027938947081565857, 0.009043821133673191, -0.0039196619763970375, 0.01244871225208044, -0.00693090446293354, 0.0019127278355881572, -0.0053563108667731285, 0.0053832270205020905, 0.0015173971187323332, -0.01788577064871788, 0.01057131215929985, 0.01271787378937006, -0.0005357993068173528, -0.015261447988450527, -0.011311505921185017, 0.005786968860775232, -0.0035630231723189354, 0.02407648228108883, 0.022286558523774147, -0.01306778285652399, 0.03832857683300972, 0.004293123260140419, 0.005810520611703396, 0.03119579888880253, -0.018397178500890732, -0.009225505404174328, 0.009373543784022331, 0.01287264097481966, -0.016862958669662476, -0.01773773320019245, -0.0111903827637434, 0.03738651052117348, 0.007946988567709923, -0.002292918274179101, -0.015813229605555534, 0.0036740524228662252, -0.019339242950081825, 0.035367801785469055, 0.0006144448998384178, 0.01172870583832264, -0.0013626293512061238, -0.0041854591108858585, 0.023390119895339012, -0.0035260135773569345, 0.03232627734541893, -0.004057607147842646, -0.007482685148715973, -0.020415887236595154, 0.010954867117106915, 0.0055750044994056225, 0.0169167909771204, 0.006291646510362625, 0.012556376866996288, -0.0187740046530962, -0.0003822932194452733, 0.028315773233771324, -0.03649827837944031, -0.013074512593448162, -0.01575939729809761, -0.0015535656129941344, 0.01889512687921524, 0.015772854909300804, -0.029365502297878265, 0.0251665860414505, -0.006372394971549511, 0.018518300727009773, -0.0014862753450870514, 0.02013326808810234, -0.02473592758178711, 0.02326899766921997, 0.003139094216749072, -0.0022172166500240564, 0.006157065741717815, -0.004155178088694811, -0.024709010496735573, -0.013054325245320797, 0.00687034334987402, 0.0043032169342041016, -0.018477926030755043, 0.010678976774215698, 0.0009244009852409363, -0.002535163424909115, -0.006355572026222944, 0.015126867219805717, 0.0008571106591261923, 0.01563827320933342, -0.01300722174346447, -0.029446251690387726, 0.011250943876802921, -0.011028885841369629, -0.021707862615585327, -0.005463975481688976, -0.017253242433071136, -0.025032004341483116, -0.0012457123957574368, -0.011547021567821503, 0.011318234726786613, -0.01584014482796192, -0.019056623801589012, -0.007072214502841234, 0.016270803287625313, 0.004333497490733862, -0.00934662763029337, -0.0065002464689314365, -0.009265879169106483, 0.02818119339644909, -0.03698276728391647, -0.012724602594971657, 0.019608404487371445, -0.00894288532435894, -0.005450517404824495, -0.00781913660466671, -0.0007401937036775053, 0.001690669683739543, 0.01951419748365879, -0.03251469135284424, -0.02559724450111389, 0.01819530688226223, 0.007368291728198528, -0.0019177745562046766, 0.02304021082818508, 0.015369112603366375, 0.028746431693434715, -0.00521836569532752, -0.012092073448002338, 0.00045378919458016753, 0.002849745796993375, -0.0009328122832812369, 0.023941902443766594, -0.0055144429206848145, -0.020160185173153877, 0.0251665860414505, -0.023161333054304123, 0.003774987766519189, 0.026337437331676483, -0.01532873883843422, 0.017172493040561676, -0.009380272589623928, -0.007502872496843338, -0.0009866445325314999, 0.020738881081342697, -0.02752174809575081, 0.024641720578074455, -0.010752995498478413, 0.029957657679915428, -0.015786312520503998, 0.02083308808505535, 0.034048911184072495, 0.02388807013630867, -0.0033376007340848446, -0.01807418465614319, 0.0036505006719380617, -0.009306253865361214, 0.0027488102205097675, -0.01889512687921524, 0.008646808564662933, -0.003231618320569396, 0.004134991206228733, -0.005914820358157158, -0.00027757263160310686, 0.005315936636179686, 0.014736583456397057, 0.017401281744241714, -0.0038792879786342382, 0.02376694604754448, 0.005416871979832649, 0.004592565353959799, 0.031249631196260452, 0.005615378729999065, 0.003986952360719442, -0.03886689618229866, -0.0443577878177166, -0.026781553402543068, 0.006146972067654133, 0.03003840520977974, -0.001418143860064447, -0.006762678734958172, -0.027306418865919113, -0.03614836931228638, -0.001057299436070025, 0.0005248646484687924, 0.006587723735719919, 0.004841539543122053, 0.010578040964901447, -0.009037092328071594, 0.015557525679469109, 0.0011313187424093485, 0.0016948753036558628, 0.013807976618409157, 0.016432300209999084, 0.004865091294050217, 0.025772199034690857, 0.01225357037037611, 0.03843624144792557, -0.011567208915948868, 0.010032989084720612, 0.021505990996956825, -0.005231823772192001, -0.0001282722078030929, -0.03348367288708687, 0.030334483832120895, 0.022286558523774147, 0.0008036989602260292, -0.00905727967619896, -0.003886016784235835, 0.032110948115587234, 0.0022676843218505383, -0.0012187962420284748, -0.009831118397414684, 0.030980471521615982, 0.006708846427500248, 0.005080420523881912, -0.02717183716595173, -0.01347152516245842, 0.004794436506927013, 0.002494789194315672, -0.0172263253480196, 0.007973904721438885, 0.022797966375947, 0.035798460245132446, 0.003990316763520241, 0.029715413227677345, 0.0034032086841762066, 0.0505485013127327, 0.0101070087403059, -0.006594453006982803, 0.012159363366663456, -0.00967635028064251, -0.03544854745268822, 0.014009848237037659, -0.004431068431586027, -0.003670687787234783, -0.03081897459924221, -0.022286558523774147, 0.03402199223637581, -0.003519284538924694, 0.0264047272503376, -0.027306418865919113, 0.006813146639615297, 0.0115537503734231, -0.008121943101286888, 0.018491383641958237, 0.006140243262052536, 0.02698342502117157, 0.017818480730056763, 0.00023467504070140421, 0.014413589611649513, -0.005359675269573927, 0.003559658769518137, 0.007973904721438885, 0.010234859772026539, 0.017024455592036247, 0.014951912686228752, 0.015436403453350067, -0.005568275228142738, 0.010598228313028812, -0.04139701649546623, 0.007967175915837288, -0.002454414963722229, -0.012865912169218063, -0.055339571088552475, -0.004592565353959799, -0.002252544043585658, -0.011049073189496994, 0.0031189071014523506, 0.004326768685132265, 0.018181849271059036, -0.022730674594640732, -0.03399507701396942, 0.009784014895558357, 0.030845889821648598, 0.024480223655700684, 0.03146496042609215, 0.017670441418886185, 0.0036168554797768593, -0.028019696474075317, -0.026189398020505905, -0.039270639419555664, -0.010160841047763824, 0.024453308433294296, -0.010867388918995857, -0.03340292349457741, 0.001692352001555264, 0.014521254226565361, -0.010719350539147854, -0.0014063679846003652, -0.006355572026222944, 0.043308060616254807, -0.003028065199032426, 0.014009848237037659, -0.0385708212852478, -0.04451928660273552, 0.021398326382040977, 0.008915969170629978, 0.0005749118281528354, 0.0005210795206949115, 0.02799277938902378, 0.00246787304058671, -0.005154439713805914, 0.012838996015489101, -0.031249631196260452, 0.031491875648498535, 0.036875102669000626, 0.024224521592259407, 0.0010808510705828667, 0.008310356177389622, 0.04812604933977127, -0.01714557781815529, 0.021357953548431396, -0.010625144466757774, 0.002715165028348565, -0.018451010808348656, 0.024372559040784836, -0.008969801478087902, -0.008081569336354733, -0.008741014637053013, 0.009770556353032589, 0.002718529663980007, 0.004865091294050217, 0.011701789684593678, 0.011903660371899605, 0.019231578335165977, -0.01924503594636917, 0.005315936636179686, -0.025099296122789383, 0.004720416851341724, 0.024493683129549026, -0.02032168209552765, 0.010450189001858234, -0.000476920249639079, -0.01440013200044632, -0.021075332537293434, 0.0027084359899163246, 0.006375759374350309, -0.018060727044939995, -0.021855901926755905, -0.030684392899274826, -0.0034015264827758074, 0.0037076976150274277, -0.0005639771115966141, -0.00211459887214005, 0.0172263253480196, -0.013087970204651356, -0.05706220492720604, 0.0029002134688198566, 0.01648613251745701, 0.014548170380294323, 0.010187757201492786, 0.003312366781756282, -0.013794519007205963, 0.01544986106455326, 0.004992942791432142, -0.043765634298324585, -0.011210570111870766, -0.007509601302444935, 0.0033796571660786867, 0.01943344809114933, 0.001446742215193808, 0.004437797702848911, -0.005154439713805914, 0.01347152516245842, 0.007489414419978857, 0.029338587075471878, 0.032272446900606155, -0.042877402156591415, 0.010403085500001907, -0.01006663404405117, -0.0075297886505723, 0.0004365460481494665, -0.0104703763499856, -0.01060495711863041, 0.004572378471493721, -0.014090596698224545, -0.006046036724001169, -0.0030886263120919466, -0.0231075007468462, 0.02492433972656727, 0.008296898566186428, 0.021613655611872673, -0.03612145408987999, -0.02706417255103588, -0.0011843099491670728, 0.003943213727325201, -0.017899230122566223, -0.0055884625762701035, 0.023605449125170708, 0.04769539088010788, -0.01152010541409254, 0.032272446900606155, 0.0010480469791218638, -0.02164057269692421, 0.00602921424433589, -0.046511080116033554, 0.018639422953128815, 0.01683604158461094, -0.006187346298247576, 0.002849745796993375, -0.008633350022137165, -0.039432138204574585, -0.0022054407745599747, -0.014184802770614624, 0.0029002134688198566, 0.024641720578074455, -0.01357246097177267, -0.01788577064871788, -0.017468571662902832, 0.007940259762108326, 0.022851798683404922, -0.007866240106523037, -0.001166646252386272, -0.0015838462859392166, -0.010504021309316158, 0.008021008223295212, -0.0040205977857112885, 0.014951912686228752, -0.007893156260251999, -0.03116888366639614, 0.012105531059205532, 0.01174889225512743, 0.025718366727232933, 0.027467915788292885, 0.011681602336466312, 0.00027273615705780685, -0.025301165878772736, -0.04131626710295677, -0.01033579558134079, -0.011870015412569046, -0.049929428845644, -0.011742163449525833, 0.03924372419714928, 0.004299852531403303, 0.03534088283777237, -0.004710323642939329, 0.03348367288708687, -0.008357459679245949, -0.013915641233325005, 0.016230428591370583, 0.023174792528152466, 0.005386591423302889, 0.008330543525516987, -0.0037413425743579865, -0.006069588474929333, 0.007058756425976753, 0.022596094757318497, 0.007327917497605085, 0.0022575908806174994, -0.023605449125170708, -0.006476694718003273, -0.012892828322947025, 0.0008524844306521118, -0.02807352878153324, -0.017132120206952095, 0.031303465366363525, -0.0007704743184149265, -0.011405711993575096, -0.006133513990789652, -0.00865353737026453, -0.008438208140432835, 0.016593797132372856, 0.00874774344265461, -0.00018546899082139134, 0.000395330716855824, -0.026875760406255722, 0.04142393171787262, 0.00020218643476255238, 0.016472674906253815, -0.013982932083308697, -0.0009387001628056169, -0.011567208915948868, 0.022232726216316223, 0.02807352878153324, -0.006715575698763132, 0.013956015929579735, 0.000130480169900693, 0.023484326899051666, 0.0032534876372665167, 0.00946774985641241, 0.0015552479308098555, -0.01699753850698471, 0.007173149846494198, 0.020577384158968925, -0.016311177983880043, -0.03488330915570259, -0.0006215944886207581, 0.012509273365139961, 0.025691449642181396, 0.028934843838214874, -0.014427048154175282, 0.002414040733128786, 0.01776464842259884, -0.03216478228569031, -0.03057672828435898, -0.006729033775627613, 0.013330215588212013, 0.02133103646337986, 0.006325291469693184, 0.035825375467538834, -0.007583620958030224, -0.02566453441977501, -0.027387166395783424, 0.011822911910712719, -0.0024931069929152727, 0.012919744476675987, 0.023161333054304123, -0.025960611179471016, -0.043334975838661194, 0.027548663318157196, 0.006587723735719919, 0.01869325526058674, -0.0007851941045373678, 0.015274906530976295, 0.004787707235664129, -0.017212867736816406, -0.015005744993686676, 0.013027409091591835, -0.01567864790558815, 0.013020680285990238, -0.009575414471328259, -0.0005421077948994935, 0.0028127359692007303, 0.005682668648660183, -0.024291811510920525, 0.007025111000984907, -0.02555686980485916, 0.04551518335938454, 0.00973691139370203, -0.009683079086244106, 0.00934662763029337, 0.012300673872232437, 0.010961595922708511, -0.000849961070343852, -0.014521254226565361, -0.00452863983809948, -0.011385524645447731, 0.017993435263633728, 0.029284754768013954, -0.0008015961502678692, 0.009245691820979118, -0.03937830403447151, 0.003421713598072529, 0.025691449642181396, -0.019594945013523102, 0.014440505765378475, 0.011069260537624359, -0.002333292504772544, 0.01614968106150627, -0.0034419007133692503, -0.011298047378659248, 0.008936156518757343, -0.028934843838214874, -0.0034755459055304527, 0.0354754664003849, 0.005410143174231052, -0.006722304504364729, 0.01773773320019245, 0.004824717063456774, -0.012785163708031178, -0.012838996015489101, -0.0011716929730027914, -0.03251469135284424, -0.018868209794163704, -0.032030198723077774, -0.013969473540782928, 0.017468571662902832, 0.03517938777804375, 0.018262596800923347, -0.0057196784764528275, 0.017683900892734528, 0.03372591733932495, -0.04085869342088699, 0.008485311642289162, -0.025637617334723473, -0.007940259762108326, -0.024103397503495216, 0.008377647027373314, 0.013229279778897762, -0.05097915977239609, 0.03133038058876991, -0.013175447471439838, -0.028369605541229248, -0.006025849375873804, 0.002742081182077527, 0.00907746609300375, 0.017010996118187904, -0.019729526713490486, -0.005221730098128319, 0.016203513368964195, 0.01112982165068388, -0.01904316432774067, 0.0038355491124093533, 0.021882817149162292, -0.004552191123366356, 0.002207122975960374, 0.0026276875287294388, -0.006180617492645979, 0.001561976969242096, -0.018141474574804306, -0.008640078827738762, -0.0017058099620044231, -0.05105990543961525, 0.010705891996622086, 0.005107336677610874, -0.0017066511791199446, -0.012354505248367786, -0.017858855426311493, -0.036094535142183304, 0.004346955567598343, -0.02741408348083496, 0.024224521592259407, -0.006062859203666449, 0.010739537887275219, -0.02048317901790142, 0.014507796615362167, 0.008949615061283112, 0.01866634003818035, -0.009514853358268738, -0.005659117363393307, -0.0187740046530962, -0.02102150022983551, -0.03945905342698097, -0.010275234468281269, -0.02671426348388195, 0.03835549205541611, 0.01112982165068388, -0.023282457143068314, -0.0336182527244091, -0.008047924377024174, -0.01966223679482937, -0.019406532868742943, 0.010295421816408634, -0.005248646251857281, 0.032918430864810944, -0.002415723167359829, -0.015597899444401264, 0.011695059947669506, -0.009568685665726662, 0.0054740686900913715, 0.011082718148827553, -0.008155588991940022, -0.007946988567709923, -0.016822583973407745, -0.009037092328071594, -0.010120466351509094, -0.018410636112093925, 0.002390489215031266, 0.0032652635127305984, -0.014494338072836399, 0.008209421299397945, 0.019689152017235756, -0.010820286348462105, -0.0004319198487792164, -0.047749221324920654, -0.008182505145668983, -0.015611357986927032, -0.008465124294161797, 0.019446907564997673, -0.016741836443543434, 0.005006400868296623, 0.008855408057570457, 0.02106187492609024, -0.009703266434371471, 0.016243886202573776, -0.0009016905096359551, -0.013074512593448162, -0.01935270056128502, 0.006655014120042324, -0.0200121458619833, 0.002874979516491294, 0.0032232070807367563, 0.027804367244243622, -0.018962416797876358, -0.01360610593110323, -0.0007574368501082063, -0.014575086534023285, 0.02211160399019718, -0.0021331035532057285, -0.005292384885251522, -0.03690202161669731, 0.017239784821867943, 0.03205711767077446, -0.03232627734541893, -0.03232627734541893, -0.015570983290672302, -0.017212867736816406, -0.006537256296724081, -0.011762350797653198, -0.00851895660161972, 0.0014173026429489255, -0.033860497176647186, -0.01053093746304512, 0.0018235681345686316, -0.017118660733103752, 0.0002613808901514858, -0.001043841359205544, -0.029957657679915428, 5.8826473832596093e-05, 0.010874118655920029, -0.01072607934474945, 0.01970260962843895, 0.00643632048740983, -2.9754944989690557e-05, -0.01575939729809761, -0.00977728608995676, 0.004908829927444458, 0.009218775667250156, 0.01528836414217949, 0.02230001799762249, 0.2263108640909195, -0.02326899766921997, -0.004350320436060429, -0.008344002068042755, 0.011042344383895397, 0.022205810993909836, -0.01519415806978941, 0.012744789943099022, -0.015665190294384956, -0.0029860087670385838, 0.008539143949747086, -0.010207943618297577, -0.014978828839957714, 0.0024611440021544695, -0.02399573288857937, -0.036713607609272, -0.014427048154175282, 0.006083046551793814, -0.036309864372015, -0.01614968106150627, 0.027858199551701546, 0.004585836548358202, -0.006651649717241526, -0.016661087051033974, 0.03030756674706936, -0.0037951748818159103, 0.012125718407332897, 0.0020388972479850054, 0.020913835614919662, 0.02632397972047329, -0.002375348936766386, -0.004239290952682495, 0.01271787378937006, -0.006136878859251738, 0.006375759374350309, -0.030711309984326363, 0.008007549680769444, 0.004669949412345886, 0.023740030825138092, 0.006342113949358463, 0.034129656851291656, -0.0072471690364181995, -0.03450648486614227, -0.021573280915617943, -0.006052765529602766, -0.006903988309204578, 0.004929017275571823, -0.0043065813370049, 0.010315608233213425, 0.019635319709777832, -0.002020392334088683, 0.016674544662237167, 0.0505485013127327, 0.05856950953602791, 0.029553916305303574, -0.01761660911142826, -0.0013079559430480003, 0.0008003344410099089, 0.0017310439143329859, 0.012845724821090698, -0.03348367288708687, 0.010302150622010231, 0.014063680544495583, 0.014211718924343586, -0.017939602956175804, 0.026498934254050255, -0.007933530956506729, 0.015490235760807991, 0.0027740441728383303, 0.005642294883728027, 0.0028833909891545773, -0.022044314071536064, 0.0073481048457324505, -0.0026546036824584007, -0.00799409206956625, -0.007341375574469566, 0.001608239021152258, 0.016553422436118126, 0.03649827837944031, 0.019541112706065178, -0.01370704174041748, -0.003859100863337517, -0.02264992706477642, -0.01294666063040495, -0.0021045051980763674, -0.007509601302444935, -0.011506647802889347, -0.011466273106634617, 0.006856885273009539, -0.0021516084671020508, -0.020079435780644417, 0.014104054309427738, -0.006651649717241526, -0.010699163191020489, -0.010510750114917755, 0.00795371737331152, -0.012704415246844292, 0.025193501263856888, -0.014440505765378475, 0.020496636629104614, -0.009891679510474205, 0.030711309984326363, 0.014750041998922825, 0.005874446127563715, 0.0010404768399894238, -0.012569834478199482, 0.004188823513686657, 0.0029658216517418623, 0.0009866445325314999, -0.021748237311840057, 0.0029523635748773813, -0.03779025375843048, 0.00047103234101086855, -4.158332376391627e-05, -0.009393731132149696, -0.02415722981095314, 0.0010472058784216642, 0.0007835118449293077, 0.011681602336466312, -0.010268505662679672, -0.011365337297320366, -0.013087970204651356, -0.02469555288553238, 0.02570490911602974, -0.0020624487660825253, -2.1304225811036304e-05, -0.00040752708446234465, -0.02141178399324417, 0.006560807581990957, -0.019460365176200867, 0.007375020999461412, -0.0028463811613619328, 0.012206466868519783, -0.015611357986927032, -0.015046118758618832, -0.0190835390239954, -0.017872313037514687, -0.024722469970583916, -0.013767602853477001, 0.02636435441672802, -0.011284589767456055, 0.0015157148009166121, -0.009306253865361214, -0.007280814461410046, 0.008034465834498405, 0.004407517146319151, 0.011930576525628567, 0.007644182071089745, -0.01168833114206791, -0.011634498834609985, -0.019150828942656517, -0.01765698380768299, 0.012993764132261276, -0.03143804520368576, 0.02411685697734356, -0.013902183622121811, -0.02663351409137249, -0.022623011842370033, 0.016903331503272057, 0.016661087051033974, -0.03168028965592384, -0.002089364919811487, 0.02725258655846119, 0.01351189985871315, -0.021129164844751358, -0.002156655304133892, -0.16903331875801086, 0.010160841047763824, 0.013848351314663887, -0.036955852061510086, 0.021129164844751358, 0.0202140174806118, 0.012637125328183174, 0.014453964307904243, -0.024964714422822, 0.013552273623645306, -0.00841802079230547, -0.0036908749025315046, -0.06680584698915482, 0.0019547841511666775, -0.027266044169664383, -0.0172263253480196, 0.015342196449637413, 0.01695716381072998, 0.02446676604449749, 0.012475628405809402, 0.00687034334987402, 0.007839323952794075, 0.03367208316922188, -0.0037413425743579865, -0.02110224962234497, 0.0400242917239666, -0.01753586158156395, -0.004340226761996746, 0.010988512076437473, -0.022394223138689995, -0.0025385278277099133, 0.01683604158461094, -0.023403579369187355, -0.03119579888880253, -0.01866634003818035, -0.02345741167664528, -0.0007650069892406464, -0.009918595664203167, -0.014628918841481209, -0.005262104328721762, -0.00931298267096281, 0.0387861505150795, -0.02244805544614792, -0.01703791320323944, -0.017643526196479797, 0.027454456314444542, 0.03827474266290665, 0.009306253865361214, -0.012341047637164593, 0.0030600279569625854, 0.01660725474357605, -0.026700805872678757, -0.005463975481688976, -0.0021045051980763674, 0.02465517818927765, -0.012576564215123653, 0.010053176432847977, 0.00016685901209712029, -0.020079435780644417, 0.008640078827738762, -0.001951419748365879, -0.044653866440057755, -0.019096996635198593, -0.0039936816319823265, 0.016472674906253815, 0.02075233869254589, -0.013161989860236645, 0.015651732683181763, -0.029473166912794113, 0.02582603134214878, 0.008828491903841496, 0.0024863779544830322, -0.006443049758672714, -0.004757426679134369, -0.022730674594640732, 0.006422862410545349, 0.004410881549119949, 0.003024700563400984, 0.03089972212910652, -0.001201132545247674, -0.014911537989974022, 0.033349089324474335, -0.01353208627551794, 0.019096996635198593, 0.007455768994987011, 0.015422944910824299, -0.020523551851511, 0.006567536853253841, -0.016230428591370583, 0.009400459937751293, 0.023645823821425438, -0.003532742615789175, 0.015934351831674576, -0.011822911910712719, 0.005988840013742447, 0.015396028757095337, -0.014252092689275742, -0.0035394716542214155, 0.011674873530864716, -0.017953062430024147, -0.0020792714785784483, -0.012926473282277584, -0.012240111827850342, -0.0221788939088583, 0.024951256811618805, 0.007825866341590881, -0.018087642267346382, -0.0006758472882211208, 0.052324965596199036, -0.008175775408744812, -0.04077794402837753, 0.0350717231631279, 0.0014290785184130073, 0.052244216203689575, -0.011311505921185017, -0.0007359880255535245, -0.01699753850698471, -0.01145954430103302, -0.005931643303483725, 0.01141916960477829, 0.04917577654123306, -0.017818480730056763, -0.0033460119739174843, -0.0011220664018765092, -0.022623011842370033, -0.016270803287625313, -0.09269917011260986, -0.019002791494131088, 0.014951912686228752, 0.006759314332157373, 0.017643526196479797, 0.01672837696969509, 0.008095026947557926, 0.0025116116739809513, 0.002688248874619603, 0.010914492420852184, -0.030495980754494667, -0.005521172191947699, -0.014319383539259434, -0.006550714373588562, 0.015786312520503998, 0.009958969429135323, -0.049418020993471146, 0.0007999138906598091, 0.005544723477214575, 0.03426424041390419, -0.018881667405366898, -0.05846184492111206, -0.019487280398607254, -0.015073034912347794, -0.011271131224930286, -0.006163794547319412, -0.023470869287848473, 0.021384868770837784, 0.028396522626280785, 0.01997177116572857, 0.014077138155698776, -0.02748137339949608, 0.006591088604182005, -0.008498769253492355, -0.01842409372329712, -0.029957657679915428, -0.024332186207175255, 0.006261365953832865, 0.01866634003818035, -0.023861153051257133, 0.008108485490083694, 0.010853931307792664, 0.01024158950895071, -0.05173281207680702, -0.01575939729809761, -0.0014450600137934089, -0.012246841564774513, 0.03700968623161316, 0.017091745510697365, -0.003657229710370302, -0.032110948115587234, 0.004037420265376568, -0.007011652924120426, -0.02725258655846119, 0.032380107790231705, -0.030361399054527283, 0.002686566673219204, 0.0018033810192719102, -0.03456031531095505, -0.034829478710889816, -0.0012112261028960347, -0.029957657679915428, 0.004669949412345886, 0.008249795064330101, 0.016714919358491898, 0.013693583197891712, -0.0018588955281302333, 0.0022138520143926144, 0.023484326899051666, -0.022744134068489075, -0.02915017306804657, 0.02655276656150818, -0.017979977652430534, 0.006140243262052536, -0.025987528264522552, -0.012556376866996288, -0.00934662763029337, -0.006826604716479778, -0.00029082043329253793, -0.028423437848687172, 0.0042291977442801, 0.0005496779340319335, 0.0011229075025767088, -0.008902511559426785, 0.008269982412457466, 0.0065002464689314365, -0.005114065483212471, 0.0032248892821371555, -0.020967667922377586, -0.04761464148759842, -0.020025603473186493, 0.04282356798648834, 0.02737370878458023, -0.015396028757095337, -0.041827671229839325, -0.02075233869254589, 0.02264992706477642, 0.010948137380182743, -0.0001427816750947386, -0.0035293782129883766, -0.010443460196256638, -0.028504185378551483, -0.04699556902050972, 0.0233093723654747, -0.014978828839957714, -0.011695059947669506, -0.0034990974236279726, -0.03577154129743576, 0.005581733305007219, -0.026566224172711372, 0.012287215329706669, 0.0041854591108858585, -0.006631462834775448, 0.028558017686009407, 0.010658789426088333, 0.010133924894034863, 0.01300722174346447, -0.018922042101621628, 0.013599377125501633, -0.0023837601765990257, 0.0060897753573954105, -0.016001641750335693, -0.023834237828850746, -0.030845889821648598, 0.01862596534192562, 0.0014147793408483267, -0.008714098483324051, 0.005252010654658079, -0.017118660733103752, 0.0039465781301259995, -0.03614836931228638, -0.021546365693211555, 0.026310522109270096, -0.01811455935239792, -0.016499590128660202, 0.040401116013526917, -0.008559330366551876, -0.010443460196256638, 0.008034465834498405, 0.023403579369187355, 0.03641752898693085, 0.007475956343114376, 0.0016814172267913818, -0.027965864166617393, -0.0031458232551813126, -0.008471853099763393, 0.019675694406032562, 0.02628360502421856, -0.027400624006986618, -0.009097653441131115, -0.0030482523143291473, -0.008821763098239899, 0.023713113740086555, 0.008586246520280838, -0.005867717321962118, -0.014588545076549053, 0.012529460713267326, -0.031249631196260452, 0.0012423478765413165, -0.010874118655920029, 0.01621697098016739, -0.0020691778045147657, 0.018599048256874084, 0.010847202502191067, 0.025368455797433853, -0.012139176949858665, 0.02287871390581131, -0.018599048256874084, 0.010591498576104641, 0.019917938858270645, 0.0375480093061924, -0.004962662234902382, -0.001717585837468505, 0.006829969119280577, 0.004612752702087164, 0.006466601509600878, 0.02845035493373871, 0.012610209174454212, -0.033779747784137726, -0.032380107790231705, 0.014480880461633205, 0.024439850822091103, 0.0200121458619833, -0.01811455935239792, -0.00874774344265461, 0.008162317797541618, 0.01403676439076662, 0.01800689473748207, -0.01687641628086567, 0.011607582680881023, -0.002811053767800331, -0.0019564665853977203, -0.023982275277376175, 0.0019547841511666775, -0.0021734777837991714, 0.025489579886198044, 0.008243066258728504, -0.011291318573057652, 0.015086493454873562, -0.0015552479308098555, -0.009501395747065544, 0.020886920392513275, -0.011042344383895397, 0.005426965653896332, 0.01676875166594982, -0.0035125555004924536, -0.031922534108161926, -0.008566060103476048, -0.018087642267346382, -0.012085344642400742, 0.03620219975709915, -0.00685352087020874, -0.015893977135419846, -0.008640078827738762, 0.0005311730783432722, 0.011957492679357529, 0.024372559040784836, -0.0004676678217947483, -0.013834892772138119, 0.0016284261364489794, -0.024399476125836372, 0.036605942994356155, 0.006786230485886335, 0.00958214420825243, 0.04664565995335579, -0.012044969946146011, 0.022501887753605843, -0.007960447110235691, 0.025099296122789383, -0.016903331503272057, 0.009864763356745243, 0.0023501149844378233, 0.013956015929579735, 0.004609387833625078, -0.022946003824472427, -0.023753488436341286, -0.0012583292555063963, -0.008296898566186428, -0.014911537989974022, -0.021479075774550438, -0.010207943618297577, 0.057708192616701126, 0.001842072932049632, -0.02880026400089264, -0.004737239796668291, -0.011008698493242264, 0.024574430659413338, 0.0029355408623814583, 0.029553916305303574, -0.014709667302668095, 0.00490546552464366, 0.03243394196033478, -0.00039343818207271397, -0.005140981636941433, -0.026027901098132133, -0.03450648486614227, -0.006789594888687134, 0.0008533255895599723, 0.018289513885974884, 0.010941408574581146, 0.025099296122789383, -0.018302971497178078, 0.01108944695442915, 0.0028564748354256153, 0.006813146639615297, -0.016701461747288704, -0.003875923343002796, 0.03999737650156021, -0.005517807323485613, -0.030711309984326363, -0.027266044169664383, 0.010214673355221748, -0.00015129811072256416, -0.02976924553513527, -0.03127654641866684, 0.0063353851437568665, -0.010477105155587196, -0.021613655611872673, -0.03999737650156021, 0.023955360054969788, 0.0429043173789978, -0.006439685355871916, 0.014507796615362167, -0.027494831010699272, 0.0010101961670443416, 0.010988512076437473, 0.007516330573707819, -0.01159412506967783, -0.013000492937862873, -0.03256852179765701]"
7212,"How to resolve Uncaught ReferenceError: COLLECTION is not defined at <anonymous>:1:1 in Meteor.js/MongoDB<p>I am taking a full stack course via Eduonix.com. It seems that some of the code syntax is deprecated, as I have had to install older versions of multiple things to get through some of the sections. This did not help when I came to the Meteor.js section, so I installed the most recent and did some searching that allowed me to get through the first lesson. I tried the same for the second lesson (when I encountered this error), but have not had any luck with anything I have found.</p>

<p>I get this error when I try to use</p>

<pre><code>todos.find().fetch()
</code></pre>

<p>in the browser's console.</p>

<p><strong>Relevant File Structure:</strong></p>

<pre><code>client
--main.html
--main.js
lib
--collections.js
</code></pre>

<p><a href=""https://github.com/CarsonBarry/FullStack-Course/tree/master/8-Meteor.js/Template/quicktodos"" rel=""nofollow noreferrer"">View on github</a></p>

<p>In the course lesson, the line</p>

<pre><code>import { Todos } from '../lib/collections';
</code></pre>

<p>is not present in <strong>main.js</strong> and the line</p>

<pre><code>export const Todos = new Mongo.Collection('todos');
</code></pre>

<p>in <strong>collections.js</strong> is presented as</p>

<pre><code>Todos = new Mongo.Collection('todos');
</code></pre>

<p>I have tried changing </p>

<pre><code>import { Todos } from '../lib/collections';
</code></pre>

<p>to</p>

<pre><code>import { Todos } from '/lib/collections';
</code></pre>

<p>but it did nothing.</p>

<p>I have also tried just adding</p>

<pre><code>Todos = new Mongo.Collection('todos');
</code></pre>

<p>to <strong>main.js</strong>, but I got an error that said ""todos"" was already defined (only to get the same undefined error when I tried to run the console command, because somehow it was both already defined and is still undefined).</p>

<p>I have made these changes based on looking up similar issues online before making this post, hoping that it would save me like adding</p>

<pre><code>import './main.html';
</code></pre>

<p>to <strong>main.js</strong> did when I was getting a similar undefined error related to that prior to this error.</p>

<p><strong>main.html</strong></p>

<pre><code>&lt;head&gt;
  &lt;title&gt;QuickTodos&lt;/title&gt;
&lt;/head&gt;

&lt;body&gt;
  {{&gt; main}}
&lt;/body&gt;

&lt;Template name=""main""&gt;
  &lt;header&gt;
    &lt;h1&gt;{{title}}&lt;/h1&gt;
  &lt;/header&gt;
  &lt;ul&gt;
    {{#each todos}}
      {{&gt; todo}}
    {{/each}}
  &lt;/ul&gt;
&lt;/template&gt;

&lt;template name=""todo""&gt;
  &lt;li&gt;{{text}}&lt;/li&gt;
&lt;/Template&gt;
</code></pre>

<p><strong>main.js</strong></p>

<pre><code>import { Template } from 'meteor/templating';
import './main.html';
import { Todos } from '../lib/collections';

const todos = [
  {text:'Pickup kids from school'},
  {text:'Go food shopping'},
  {text:'Meeting with boss'}
];

Template.main.helpers({
  title(){
    return 'QuickTodos';
  },
  todos(){
    return todos;
  }
});
</code></pre>

<p><strong>collections.js</strong></p>

<pre><code>import {Mongo} from 'meteor/mongo';

export const Todos = new Mongo.Collection('todos');
</code></pre>

<p>When I run </p>

<pre><code>todos.find().fetch()
</code></pre>

<p>I expect to get an empty array, but instead I get:</p>

<pre><code>VM1905:1 
Uncaught ReferenceError: todos is not defined
    at &lt;anonymous&gt;:1:1
</code></pre>

<p>What am I doing wrong?</p>
",is your problem solved ? @bubu uwu,"Embed Field: How to resolve Uncaught ReferenceError: COLLECTION is not defined at <anonymous>:1:1 in Meteor.js/MongoDB<p>I am taking a full stack course via Eduonix.com. It seems that some of the code syntax is deprecated, as I have had to install older versions of multiple things to get through some of the sections. This did not help when I came to the Meteor.js section, so I installed the most recent and did some searching that allowed me to get through the first lesson. I tried the same for the second lesson (when I encountered this error), but have not had any luck with anything I have found.</p>

<p>I get this error when I try to use</p>

<pre><code>todos.find().fetch()
</code></pre>

<p>in the browser's console.</p>

<p><strong>Relevant File Structure:</strong></p>

<pre><code>client
--main.html
--main.js
lib
--collections.js
</code></pre>

<p><a href=""https://github.com/CarsonBarry/FullStack-Course/tree/master/8-Meteor.js/Template/quicktodos"" rel=""nofollow noreferrer"">View on github</a></p>

<p>In the course lesson, the line</p>

<pre><code>import { Todos } from '../lib/collections';
</code></pre>

<p>is not present in <strong>main.js</strong> and the line</p>

<pre><code>export const Todos = new Mongo.Collection('todos');
</code></pre>

<p>in <strong>collections.js</strong> is presented as</p>

<pre><code>Todos = new Mongo.Collection('todos');
</code></pre>

<p>I have tried changing </p>

<pre><code>import { Todos } from '../lib/collections';
</code></pre>

<p>to</p>

<pre><code>import { Todos } from '/lib/collections';
</code></pre>

<p>but it did nothing.</p>

<p>I have also tried just adding</p>

<pre><code>Todos = new Mongo.Collection('todos');
</code></pre>

<p>to <strong>main.js</strong>, but I got an error that said ""todos"" was already defined (only to get the same undefined error when I tried to run the console command, because somehow it was both already defined and is still undefined).</p>

<p>I have made these changes based on looking up similar issues online before making this post, hoping that it would save me like adding</p>

<pre><code>import './main.html';
</code></pre>

<p>to <strong>main.js</strong> did when I was getting a similar undefined error related to that prior to this error.</p>

<p><strong>main.html</strong></p>

<pre><code>&lt;head&gt;
  &lt;title&gt;QuickTodos&lt;/title&gt;
&lt;/head&gt;

&lt;body&gt;
  {{&gt; main}}
&lt;/body&gt;

&lt;Template name=""main""&gt;
  &lt;header&gt;
    &lt;h1&gt;{{title}}&lt;/h1&gt;
  &lt;/header&gt;
  &lt;ul&gt;
    {{#each todos}}
      {{&gt; todo}}
    {{/each}}
  &lt;/ul&gt;
&lt;/template&gt;

&lt;template name=""todo""&gt;
  &lt;li&gt;{{text}}&lt;/li&gt;
&lt;/Template&gt;
</code></pre>

<p><strong>main.js</strong></p>

<pre><code>import { Template } from 'meteor/templating';
import './main.html';
import { Todos } from '../lib/collections';

const todos = [
  {text:'Pickup kids from school'},
  {text:'Go food shopping'},
  {text:'Meeting with boss'}
];

Template.main.helpers({
  title(){
    return 'QuickTodos';
  },
  todos(){
    return todos;
  }
});
</code></pre>

<p><strong>collections.js</strong></p>

<pre><code>import {Mongo} from 'meteor/mongo';

export const Todos = new Mongo.Collection('todos');
</code></pre>

<p>When I run </p>

<pre><code>todos.find().fetch()
</code></pre>

<p>I expect to get an empty array, but instead I get:</p>

<pre><code>VM1905:1 
Uncaught ReferenceError: todos is not defined
    at &lt;anonymous&gt;:1:1
</code></pre>

<p>What am I doing wrong?</p>; Answer: is your problem solved ? @bubu uwu","[-0.02256564423441887, 0.006716613657772541, -0.0015558113809674978, -0.00989458616822958, -0.009874170646071434, 0.03239218145608902, -0.024457456544041634, -0.011868059635162354, -0.02800970897078514, -0.022034848108887672, 0.03154835104942322, -0.03171167150139809, 0.022742576897144318, 0.006056521087884903, -0.007138528861105442, 0.006104156840592623, 0.014127345755696297, -0.0046376618556678295, 0.001522636623121798, -0.02918018214404583, -0.021259069442749023, 0.022660916671156883, -0.00828858744353056, 0.00779862143099308, -0.013494472950696945, 0.010221229866147041, 0.03701963275671005, -0.038707293570041656, -0.0009578149765729904, 0.002630163449794054, 0.013018118217587471, -0.00819331593811512, -0.012541762553155422, -0.05122864246368408, -0.03734627738595009, -0.021925967186689377, 0.002043225336819887, -0.012181092984974384, 0.01578778587281704, 0.020047765225172043, 0.04099380224943161, -0.0007723765447735786, -0.006366152316331863, -0.00920727290213108, -0.03239218145608902, 0.03805400803685188, 0.023953881114721298, -0.013834726996719837, -0.010296085849404335, 0.013222269713878632, 0.026675913482904434, 0.015733344480395317, -0.017148802056908607, -0.010466212406754494, -0.004753348417580128, -0.015719734132289886, -0.007138528861105442, 0.026308439671993256, 0.01878201961517334, -0.002043225336819887, -0.001207901630550623, 0.012875211425125599, -0.010057908482849598, -0.011663907207548618, -0.014943955466151237, 0.011827228590846062, -0.005182068329304457, -0.0009637694456614554, -0.02260647527873516, -0.021476831287145615, 0.015651684254407883, -0.009778900071978569, -0.0004806087526958436, -0.008887434378266335, 0.028145810589194298, -0.009935416281223297, -0.028635775670409203, -0.02119101956486702, 0.04055827483534813, -0.011146720498800278, -0.0017131788190454245, -0.0026539810933172703, -0.030513977631926537, 0.02358640730381012, -0.0002753930748440325, 0.019476138055324554, 0.04254535958170891, 0.028336351737380028, -0.0030401693657040596, -0.008057214319705963, -0.023341424763202667, 0.019489748403429985, 0.01660439558327198, 0.013759871944785118, 0.008431494235992432, -0.009452256374061108, -0.01997971534729004, 0.02879909798502922, -0.0015507076168432832, -0.000720913172699511, -0.03516865149140358, 0.0052297040820121765, -0.034488145262002945, -0.004457327537238598, -0.024239694699645042, 0.005205885972827673, 0.03081340156495571, -0.008778553456068039, 0.00660092756152153, -0.027506133541464806, -0.00017969663895200938, 0.019625850021839142, -0.008417883887887001, 0.00031175772892311215, -0.002043225336819887, 0.0016349204815924168, 0.007968748919665813, -0.043116986751556396, -0.014018464833498001, -0.0025485025253146887, 1.2646550203498919e-05, 0.052507996559143066, 0.020646613091230392, -0.008370248600840569, 0.00888062920421362, -0.019312815740704536, -0.014154566451907158, 0.007567248772829771, 0.011194356717169285, -0.010425382293760777, 0.013351567089557648, 0.01309297326952219, 0.01448121014982462, -0.005831953603774309, -0.026526201516389847, 0.0057570976205170155, -0.013453642837703228, 0.0007774803671054542, -0.006512461230158806, -0.022837847471237183, -0.003923128359019756, 0.001194291515275836, 0.012637033127248287, -0.010874517261981964, -0.011065060272812843, 0.02516518533229828, -0.001158564817160368, -0.0071793594397604465, 0.00968362856656313, 0.01597832702100277, -0.015923887491226196, 0.010132763534784317, -0.012786745093762875, -0.036311905831098557, 0.013433227315545082, -0.005546140018850565, -0.012473711743950844, 0.0016663939459249377, 0.018441766500473022, -0.014072905294597149, 0.038652852177619934, 0.02142239175736904, 0.014059294946491718, -0.019122274592518806, -0.0047363354824483395, 0.030513977631926537, 0.015433921478688717, -0.02241593226790428, -0.0005456823273561895, 0.0005558899720199406, 0.009901391342282295, 0.022130120545625687, -0.04722725600004196, 0.02980625070631504, 0.008615231141448021, -0.015501972287893295, 0.010779246687889099, 0.03740071877837181, -0.0395239032804966, -0.018645917996764183, -0.04553959518671036, -0.011139915324747562, -0.002254182705655694, 0.02237510308623314, -0.03595804050564766, 0.0061585973016917706, 0.007750986143946648, -0.01050023827701807, -0.006624745205044746, -0.0008684982894919813, 0.02595457434654236, 0.02236149273812771, 0.017693208530545235, -0.016100818291306496, -0.6010246276855469, -0.021749034523963928, 0.012705083936452866, -0.02237510308623314, -0.042109835892915726, -0.006566902156919241, -0.0029585084412246943, -0.0018067486817017198, -0.036665771156549454, 0.013249490410089493, -0.02339586429297924, 0.0057570976205170155, 0.004188526887446642, -0.018074292689561844, -0.005042564123868942, -0.009629188105463982, 0.015515581704676151, -0.025750422850251198, -0.019271986559033394, 0.0012308688601478934, -0.020034154877066612, 0.01936725713312626, -0.002007498638704419, -1.5776620784890838e-05, -0.009921806864440441, -0.013841532170772552, -0.009248103946447372, -0.007628494407981634, 0.012337610125541687, 0.03016011416912079, -0.04417857900261879, 0.03397095948457718, 0.02119101956486702, -0.0033072687219828367, 0.04513128846883774, 0.0021844306029379368, -0.013433227315545082, 0.010248450562357903, -0.008615231141448021, 0.03239218145608902, -0.01228997390717268, -0.002805394120514393, 0.024334965273737907, -0.005437258630990982, -0.01679493673145771, -0.00545427156612277, 0.04393359646201134, -0.026716742664575577, 0.0017327434616163373, -0.007737375795841217, 0.017951801419258118, -0.03133058920502663, -0.009942221455276012, 0.038707293570041656, -0.01942169852554798, -0.020279137417674065, 0.017706817016005516, 0.0004916670150123537, 0.002119782380759716, -0.025328507646918297, 0.0017608144553378224, 0.017312122508883476, -0.024130813777446747, -0.005821745842695236, -0.016699666157364845, -0.003919725771993399, -0.003960556350648403, -0.004014997277408838, 0.015243378467857838, -0.022742576897144318, 0.01099020428955555, -0.006628147792071104, -0.025845693424344063, 0.0025025680661201477, 0.018332885578274727, 0.0077237654477357864, 0.009527111425995827, -0.01680854707956314, -0.0206057820469141, 0.010262059979140759, 0.022034848108887672, 0.007730570621788502, -0.026117896661162376, -0.009377400390803814, 0.03035065531730652, -0.020034154877066612, -0.02482493221759796, -0.020251918584108353, 0.0039061158895492554, 0.013616965152323246, 0.0031745696906000376, 0.017938191071152687, 0.00760127417743206, 0.009057560935616493, 0.01190888974815607, 0.027546962723135948, -0.005859173834323883, 0.031657230108976364, 0.019108664244413376, -0.03380763530731201, -0.00928893405944109, 0.005141237750649452, -0.005968055222183466, -0.0015422012656927109, 0.019326426088809967, -0.0007859867182560265, -0.026526201516389847, 0.006975207012146711, 0.04692783206701279, -0.009785705246031284, -0.004358653444796801, -0.008349833078682423, -0.013950414024293423, -0.00919366255402565, 0.0018135537393391132, -0.0388161763548851, -0.013861947692930698, -0.014032074250280857, 0.009860560297966003, 0.015447530895471573, 0.0135965496301651, -0.009343374520540237, 0.022239001467823982, -0.012017770670354366, 0.003885700600221753, 0.00032132735941559076, 0.012337610125541687, -0.004739738069474697, -0.005723072215914726, 0.018115121871232986, 0.01618248037993908, 0.005032356362789869, 0.027356421574950218, -0.0053351824171841145, 0.007975553162395954, -0.007118113338947296, -0.0038210523780435324, -0.014617311768233776, 0.00015928140783216804, -0.0056482162326574326, -0.005216093733906746, 0.011514195241034031, 0.015855835750699043, 0.0009977947920560837, -0.0030350657179951668, -0.025314897298812866, -0.01300450786948204, -0.006451215595006943, -0.03674742951989174, 0.029479606077075005, -0.00909158680588007, 0.0031898810993880033, 0.005239911377429962, -0.0017267890507355332, 0.0021997420117259026, 0.0007413284038193524, 0.023259762674570084, -0.005134432576596737, -0.000503150571603328, -0.02417164295911789, 0.010364136658608913, 0.01936725713312626, -0.010534263215959072, 0.01601915806531906, 0.007574053946882486, -0.014658141881227493, -0.008254561573266983, 0.024716049432754517, -0.01936725713312626, -0.0295884869992733, -0.010296085849404335, -0.004964305553585291, -0.019925273954868317, -0.00299763772636652, 0.016250530257821083, 0.03277326375246048, -0.02339586429297924, 0.0012785043800249696, -0.006975207012146711, -0.007063672877848148, 0.002133392496034503, 0.009901391342282295, 0.004732932895421982, -0.0105138486251235, 0.016332192346453667, 0.025042694061994553, 0.018741190433502197, -0.005467881448566914, 0.02078271470963955, 0.024226084351539612, 0.027546962723135948, 0.028445234522223473, -0.0028802501037716866, -0.026498980820178986, 0.005209288559854031, 0.005515517201274633, 0.015733344480395317, 0.023314204066991806, -0.008417883887887001, 0.014821464195847511, 0.02756057307124138, 0.005620996002107859, 0.03854397311806679, -0.014345108531415462, 0.0079959686845541, -0.029261844232678413, -0.008050409145653248, -0.01799263060092926, 0.0034876035060733557, 0.004974513314664364, 0.02419886365532875, -0.004416496958583593, -0.0016978674102574587, -0.030541198328137398, 0.012174287810921669, 0.015161718241870403, -0.0010488328989595175, 0.008724112063646317, -0.01940808817744255, 0.018305664882063866, -0.005324975121766329, 0.010935762897133827, -0.002291610697284341, 0.005212691146880388, -0.01310658361762762, 0.023491134867072105, 0.01721685193479061, -0.016141649335622787, -0.00569925457239151, -0.020633002743124962, 0.0006498850998468697, 0.0066859908401966095, 0.025287676602602005, 0.008914655074477196, -3.857097908621654e-05, 0.005512114614248276, 0.03598526120185852, -0.013079363852739334, 0.03778180480003357, -0.04004108905792236, -0.0008149083005264401, 0.016835767775774002, -0.009452256374061108, -0.004862229339778423, 0.0016817053547129035, 0.00968362856656313, 0.029316283762454987, -0.001168772461824119, -0.01318824477493763, 0.0355769582092762, -0.015692513436079025, 0.00740392692387104, -0.019040614366531372, -0.03579472005367279, 0.005195678677409887, -0.01490312535315752, 0.00789389293640852, 0.021558493375778198, 0.02076910436153412, 0.023858610540628433, 0.0021997420117259026, -0.03179333359003067, 0.0191631056368351, -0.0012274662731215358, 0.020088596269488335, -0.003132038051262498, -0.002948300912976265, -0.009921806864440441, -0.020292747765779495, -0.010840492323040962, -0.014549260959029198, -0.04442356154322624, 0.008118459954857826, -0.030486756935715675, 0.031684450805187225, -0.0018782020779326558, 0.007063672877848148, 0.019149495288729668, 0.017053529620170593, 0.016223309561610222, -0.03435204178094864, -0.027084218338131905, 0.021694594994187355, -0.003875493071973324, -0.004008192103356123, -0.016740497201681137, -0.017706817016005516, 0.014032074250280857, 0.03133058920502663, 0.007968748919665813, 0.008962290361523628, 0.01329032052308321, 0.01110589038580656, -0.022851457819342613, -0.018278444185853004, -0.008492739871144295, 0.035277534276247025, -0.005467881448566914, -0.0030061439611017704, 0.006723418831825256, -0.0020636403933167458, 0.02158571407198906, -0.017842918634414673, 0.0027934852987527847, 0.04178319126367569, 0.0023188309278339148, -0.004117073491215706, -0.008771748282015324, 0.022524815052747726, 0.0035522517282515764, -0.005862576421350241, -0.032283298671245575, -0.00724060507491231, -0.01616887003183365, -0.023491134867072105, -0.0036475227680057287, -0.007492392789572477, -0.01038455218076706, 0.015338649973273277, 0.02278340794146061, -0.004409691784530878, -0.009214078076183796, -0.024049151688814163, -0.0019207338336855173, 0.03135780617594719, 0.0076965452171862125, -0.013746261596679688, 0.00989458616822958, 0.022524815052747726, -0.015134497545659542, -0.01837371475994587, -0.036502446979284286, 0.004300810396671295, -0.002056835452094674, -0.0277919452637434, -0.007580859120935202, 0.004586623981595039, 0.011296432465314865, 0.012943262234330177, -0.0077237654477357864, 0.014467599801719189, -0.007478782907128334, -0.00013184842828195542, -0.03141224756836891, -0.026131507009267807, 0.011561830528080463, 0.02741086110472679, 0.018155952915549278, 0.009656407870352268, 0.0289896409958601, 0.0056584239937365055, 0.019244765862822533, 0.005199080798774958, -0.004916670266538858, -0.0018101512687280774, 0.008567595854401588, 0.004675089847296476, 0.03982332721352577, 0.006805079989135265, 0.03772736340761185, 0.022347882390022278, 0.04856105148792267, -0.001963265473023057, 0.012773134745657444, -0.013276711106300354, 0.01171154249459505, -0.012875211425125599, 0.00435525132343173, 0.016549954190850258, -0.011160330846905708, -0.022402323782444, -0.014916734769940376, -0.010847297497093678, 0.0037087686359882355, 0.01695825904607773, 0.023069221526384354, -0.0188092403113842, -0.009867365472018719, 0.01369862537831068, -0.012875211425125599, 0.024076372385025024, 0.0035046162083745003, -0.009976247325539589, -0.033290449529886246, -0.027900828048586845, -0.034107059240341187, 0.021027697250247, 0.014453989453613758, -0.010997009463608265, -0.0138959726318717, -0.01882285065948963, 0.024892982095479965, -0.023872220888733864, -0.008064019493758678, 0.0008931667543947697, -0.026512591168284416, -0.031085604801774025, 0.012813965789973736, 0.007941528223454952, 0.010915348306298256, 0.007832647301256657, -0.006073533557355404, -0.003142245579510927, 0.004283797927200794, -0.017298512160778046, -0.012528152205049992, -0.0070160371251404285, -0.0070976982824504375, -0.002374972915276885, -0.011663907207548618, 0.021830696612596512, 0.00027135256095789373, -0.014630922116339207, 0.02418525330722332, 0.001540499972179532, 0.005042564123868942, 0.010609119199216366, -0.004654674790799618, 0.03236496075987816, 0.004763555712997913, 0.0049779159016907215, 0.03135780617594719, -0.00033876538509503007, -0.019340036436915398, -0.0012580890906974673, -0.011051449924707413, -0.02521962672472, -0.00614498695358634, -0.013065753504633904, 0.01339920237660408, -0.006406982894986868, 0.03876173496246338, -0.011452949605882168, -0.01580139622092247, -0.0019037211313843727, -0.01308616902679205, 0.017067139968276024, 0.009547526948153973, 0.014767023734748363, 0.005593775771558285, 0.0037836243864148855, 0.020347189158201218, 0.013337956741452217, -0.015420311130583286, 0.005600580945611, -0.04393359646201134, 0.009833340533077717, 0.014875904656946659, 0.0004027756513096392, 0.005886394064873457, -0.00445392495021224, -0.02980625070631504, 0.00890784990042448, 0.0050595770590007305, 0.0010998710058629513, 0.036856312304735184, 0.013623770326375961, -0.021653763949871063, -0.03742793947458267, 0.0009093288099393249, 0.000755363842472434, 0.022647306323051453, 0.023695288226008415, 0.002910872921347618, -0.026689523831009865, -0.012650643475353718, -0.008458714000880718, -0.010758831165730953, -0.007111308630555868, -0.038680072873830795, -0.017489055171608925, 0.014032074250280857, -0.011629881337285042, 0.021680984646081924, 0.007750986143946648, 0.02377694845199585, 0.0032970611937344074, 0.0003100564645137638, -0.027696674689650536, -0.02399471215903759, -0.023845000192523003, 0.010752025991678238, 0.03579472005367279, 0.015733344480395317, 0.045512374490499496, 0.005284144543111324, 0.020701052621006966, -0.023749729618430138, 0.011248797178268433, 0.022021237760782242, -0.005273936782032251, 0.016155259683728218, -0.024892982095479965, 0.019884442910552025, 0.0468461699783802, 0.0022014433052390814, 0.018673138692975044, -0.026335658505558968, -0.0007319714059121907, 0.02217094972729683, -0.019734730944037437, -0.005372610408812761, -0.01642746292054653, -0.024294134229421616, -0.013542109169065952, 0.02417164295911789, -0.012711889110505581, 0.005008538719266653, -0.03364431485533714, -0.011609465815126896, -0.005273936782032251, -0.004331433214247227, 0.020279137417674065, -0.01580139622092247, 0.02320532314479351, -0.0002779449860099703, 0.019108664244413376, -0.011589051224291325, 0.0008353235316462815, -0.01997971534729004, -0.008921459317207336, -0.018700359389185905, -0.017842918634414673, 0.006648562848567963, -0.012249143794178963, -0.004093255382031202, 0.006645160261541605, 0.00544066121801734, -0.014535650610923767, 0.024062762036919594, 0.009132416918873787, 0.0011355977039784193, 0.012330804951488972, -0.00999666191637516, 0.007070478051900864, -0.021299900487065315, -0.0032341142650693655, -0.002972118556499481, 0.01478063315153122, 0.03993220999836922, -0.0008395767072215676, 0.026920896023511887, -0.014045684598386288, -0.0066689783707261086, 0.010146373882889748, -0.024634389206767082, 0.033072687685489655, 0.02658064104616642, 0.02256564423441887, 0.022919509559869766, 0.0028564322274178267, -0.029642928391695023, 0.0032188028562813997, 0.0343792624771595, -0.0037768192123621702, 0.028091369196772575, 0.03963278606534004, -0.0008604172617197037, -0.009826535359025002, -0.010656755417585373, -0.016114428639411926, -0.0010394759010523558, -0.004903059918433428, 0.037046853452920914, 0.02159932442009449, -0.004783971235156059, -0.015148107893764973, 0.009915001690387726, -0.029071301221847534, 0.019503358751535416, -0.014467599801719189, 0.01490312535315752, 0.015542802400887012, 0.00404562009498477, -0.028935199603438377, 0.024852151051163673, -0.00719296932220459, 0.0243757963180542, 0.006760846823453903, -0.0007013485301285982, -0.015025616623461246, 0.0029636123217642307, 0.012323999777436256, 0.03682909160852432, 0.011167136020958424, 0.04717281460762024, -0.02795526757836342, -0.003865285310894251, 0.015542802400887012, 0.002145301317796111, -0.021871525794267654, -0.008935069665312767, -0.011425728909671307, 0.026458149775862694, -0.0018339690286666155, 0.013814312405884266, -0.01619609072804451, -0.0021606129594147205, 0.02319171279668808, 0.015678903087973595, -0.012419270351529121, -0.016726886853575706, 0.019857222214341164, -0.014549260959029198, 0.03603970259428024, 0.011861254461109638, -0.0015175328589975834, 0.005569957662373781, -0.0022439751774072647, 4.3568459659582004e-05, -0.04118434339761734, -0.01241246610879898, -0.01978917233645916, -0.03416150063276291, -0.032256077975034714, -0.01657717488706112, -0.0004372263792902231, 0.024688830599188805, -0.01408651564270258, 0.008424689061939716, -0.001777827157638967, 0.018101511523127556, -0.026743963360786438, 0.0036611328832805157, -0.022905899211764336, 0.01919032447040081, -0.008125265128910542, 0.017897360026836395, -0.012473711743950844, -0.022130120545625687, -0.009812925010919571, -0.0037564041558653116, -0.036284685134887695, -0.009030341170728207, 0.026077065616846085, 0.002487256657332182, 0.004644467029720545, -0.017312122508883476, 0.020347189158201218, -0.02498825266957283, 0.012671058997511864, -0.014835074543952942, -0.030432317405939102, 0.03802678734064102, -0.016441073268651962, 0.0016766015905886889, -0.027737505733966827, -0.0003349375328980386, -0.0076080793514847755, -0.014154566451907158, -0.003312372602522373, 0.010350526310503483, -0.018441766500473022, -0.018319275230169296, 0.024906592443585396, -0.007281435653567314, -0.008417883887887001, -0.016890207305550575, -0.03320879116654396, -0.03119448572397232, -0.012296779081225395, 0.002550203585997224, 0.003885700600221753, 0.01776125840842724, -0.008268171921372414, 0.02798248827457428, 0.009077976457774639, 0.017284903675317764, -0.033480994403362274, -0.018278444185853004, -0.03192943334579468, -0.03018733486533165, -0.026226777583360672, -0.009724458679556847, -0.015474751591682434, 0.02956126630306244, 0.016672445461153984, -0.007873477414250374, -0.02999679185450077, -0.026730353012681007, -0.028254691511392593, -0.008479129523038864, 0.01328351628035307, -0.00948628131300211, 0.04673728719353676, -0.0019955895841121674, 0.007900698110461235, 0.042300377041101456, -0.005100407171994448, 0.024552728980779648, -0.02421247400343418, -0.0027033179067075253, -0.004678492434322834, 0.0012444789754226804, 0.016291361302137375, -0.013834726996719837, -0.009731263853609562, -0.02117740921676159, 0.00684931268915534, 0.02139517106115818, 0.0225792545825243, 0.02256564423441887, -0.0073494864627718925, 0.002303519519045949, -0.0164138525724411, -0.010677170008420944, -0.016087207943201065, -0.007866672240197659, 0.033263228833675385, -0.020660221576690674, -0.008615231141448021, 0.016849378123879433, -0.00798235833644867, 0.0012266156263649464, -0.0027815764769911766, 0.014331498183310032, -0.011493779718875885, 0.043906375765800476, 0.0006805079756304622, -0.024471066892147064, 0.014032074250280857, -0.04461410269141197, 0.03097672387957573, -0.012664253823459148, 0.023150881752371788, 0.02636287920176983, -0.0005010240129195154, 0.005484894383698702, -0.016454683616757393, 0.022878678515553474, 0.00140014523640275, 0.00207214686088264, 0.014562871307134628, -0.029289063066244125, -0.014072905294597149, -0.021340729668736458, 0.030731741338968277, -0.014372328296303749, 0.020333578810095787, -0.01657717488706112, -0.028853539377450943, -0.036311905831098557, -0.009901391342282295, -0.0016281153075397015, -0.021272679790854454, -0.012494126334786415, 0.011718347668647766, -0.011126305907964706, -0.012705083936452866, -0.01430427748709917, 0.0029704172629863024, -0.044505223631858826, -0.00023286133364308625, -0.0010275670792907476, -0.017720427364110947, -0.03560417890548706, 0.008853408508002758, 0.02477049082517624, 0.012650643475353718, -0.030677299946546555, 0.2043701559305191, 0.014317887835204601, -0.02238871343433857, 0.010724806226789951, -0.01230358425527811, -0.016917428001761436, 0.0030027413740754128, -0.006352541968226433, -0.030677299946546555, 0.02360001765191555, -0.004920072853565216, 0.008281782269477844, -0.017121581360697746, -0.0015770772006362677, -0.006270881276577711, 0.02219817042350769, -0.03985054790973663, -0.022266222164034843, -0.03595804050564766, -0.006260673515498638, 0.036883533000946045, 0.023314204066991806, -0.027465302497148514, -0.021912356838583946, 0.005583568010479212, 0.0010190607281401753, 0.003667938057333231, 0.00879896804690361, 0.018482597544789314, -0.006226648110896349, -0.03802678734064102, -0.02002054452896118, 0.005253521725535393, -0.009180053137242794, -0.004215747117996216, -0.007812231779098511, 0.005018746480345726, 0.01040496677160263, 0.005631203763186932, 0.04692783206701279, -0.01860508881509304, -0.029016859829425812, 0.004583221394568682, 0.004113670904189348, -0.008805773220956326, 0.003291957313194871, -0.006583914626389742, -0.011847644113004208, 0.007567248772829771, 0.01978917233645916, -0.007560443598777056, 0.01399124413728714, 0.010044298134744167, 0.017734037712216377, -0.0006226648110896349, -0.02722031995654106, 0.021558493375778198, -0.003021455369889736, -0.0006311711622402072, 0.028717437759041786, -0.02576403319835663, 0.0173665639013052, 0.007907502353191376, 0.02599540539085865, -0.0009943923214450479, 0.00684591056779027, 0.0006928421789780259, -0.01578778587281704, 0.013861947692930698, -0.005964652635157108, 0.006655368022620678, 0.001261491677723825, 0.014263447374105453, 0.009853756055235863, 0.017352953553199768, -0.017951801419258118, 0.0001885219826363027, 0.002363064093515277, 0.01529781986027956, 0.027642235159873962, -0.0024685426615178585, -0.00560398306697607, -0.022701745852828026, -0.003940141294151545, -0.019258376210927963, -0.01679493673145771, 0.001162818050943315, -0.0201838668435812, -0.022674527019262314, -0.017352953553199768, -0.029452385380864143, -0.010180399753153324, -0.008792162872850895, 0.012017770670354366, -0.009356984868645668, 0.03794512525200844, 0.00764890993013978, 0.04216427356004715, 0.000807677919510752, -0.01738017424941063, -0.025124354287981987, 0.0451585091650486, 0.01661800593137741, 0.004089852795004845, -0.02600901573896408, 0.00798235833644867, 0.01761154644191265, -0.014181786216795444, -0.02417164295911789, -0.00888062920421362, -0.010786051861941814, -0.031112825497984886, 0.015148107893764973, -0.012603008188307285, 0.01837371475994587, 0.022443152964115143, 0.006202830467373133, 0.0023698690347373486, 0.006617940030992031, -0.014984785579144955, 0.001583882374688983, -0.028935199603438377, 0.00018958527653012425, 0.002240572590380907, 0.003069091122597456, 0.0007944930694065988, -0.02019747719168663, 0.016686055809259415, -0.02380416914820671, -0.017094360664486885, 0.019748341292142868, -0.006012287922203541, 0.017652377486228943, -0.015311429277062416, 0.00789389293640852, 0.01299089752137661, 0.016073599457740784, -0.03184777498245239, -0.013868752866983414, 7.474955054931343e-05, -0.011133111082017422, -0.016495512798428535, 0.031085604801774025, -0.015706123784184456, -0.014263447374105453, -0.005379415582865477, 0.005913614295423031, -0.016032768413424492, -0.03217441588640213, -0.024920202791690826, -0.01209262665361166, -0.0005571659421548247, 0.016536343842744827, -0.02317810244858265, 0.003511421149596572, -0.042109835892915726, 0.009969442151486874, -0.04777166247367859, -0.012364829890429974, -0.005110614933073521, -0.0419192910194397, -0.006988816894590855, -0.010268865153193474, 0.021136578172445297, -0.030895061790943146, -0.020088596269488335, -0.1722501814365387, 0.003525031264871359, 0.03217441588640213, -0.038870617747306824, 0.01819678395986557, 0.015556412748992443, -0.010554678738117218, -0.0020670429803431034, -0.011432534083724022, -0.018155952915549278, 0.009738069027662277, -0.04083047807216644, -0.034052617847919464, -0.0016961661167442799, -0.00204832898452878, -0.00013195474457461387, -0.0024072970263659954, -0.01338559202849865, 0.041864849627017975, 0.03574027866125107, 0.02457994781434536, -0.01448121014982462, 0.009765289723873138, -0.02200762741267681, -0.015393090434372425, 0.032501060515642166, 0.003695158287882805, 0.015937497839331627, 0.012466906569898129, -0.003923128359019756, -0.025437388569116592, 0.0072950455360114574, 0.014440379105508327, 0.0011670711683109403, 0.029316283762454987, 0.0032222052104771137, -0.0129092363640666, -0.009595162235200405, 0.00584896607324481, 0.0006337230443023145, 0.028281912207603455, 0.01228997390717268, 0.009983052499592304, 0.01597832702100277, 0.002312025986611843, 0.040068309754133224, 0.009955831803381443, 0.009350179694592953, 0.040721599012613297, -0.013487668707966805, 0.041483767330646515, 0.0019292401848360896, -0.008417883887887001, 0.007533223368227482, 0.004287200514227152, 0.01739378459751606, -0.023246152326464653, -0.01448121014982462, -0.011663907207548618, -0.012453296221792698, -0.00889423955231905, -0.017679598182439804, -0.0019309413619339466, -0.02140878140926361, -0.01959862932562828, 0.01439954899251461, 0.004858827218413353, 0.03116726502776146, -0.039251700043678284, 0.010112348943948746, -0.003919725771993399, -0.0017846322152763605, 0.00024625883088447154, 0.00287514622323215, -0.01878201961517334, -0.004835009109228849, -0.03514143079519272, 0.018060682341456413, 0.0159919373691082, -0.019448917359113693, -0.007655714638531208, 0.012405660934746265, 0.0069377790205180645, 0.03819010779261589, -0.0030639872420579195, 0.0010199113748967648, -0.00031898810993880033, -0.0038959081284701824, -0.0049779159016907215, 0.0018662931397557259, 0.0014171579387038946, -0.03201109543442726, -0.018087903037667274, -0.019476138055324554, -0.023640846833586693, 0.016304971650242805, 0.015828615054488182, 0.01120796613395214, -0.003484200919046998, -0.01780208945274353, 0.01158224605023861, -0.015420311130583286, -0.03639356791973114, 0.003919725771993399, 0.0603746697306633, 0.006815287284553051, -0.005447466392070055, 0.010779246687889099, 0.03598526120185852, 0.006672380957752466, -0.03372597694396973, 0.012521347030997276, -0.014508429914712906, 0.0376184806227684, 0.00810485053807497, 0.029044080525636673, 0.018210394307971, 0.006747236475348473, 0.016128038987517357, -0.0014188591158017516, 0.037890683859586716, -0.015542802400887012, -0.01940808817744255, -0.003885700600221753, 0.008016384206712246, 0.0025161781813949347, -0.08955485373735428, -0.020238308236002922, 0.0022337674163281918, 0.0056584239937365055, -0.01578778587281704, 0.016332192346453667, -0.022892288863658905, 0.030922282487154007, -0.021245459094643593, 0.01618248037993908, -0.02682562544941902, -0.007791816256940365, -0.00039830984314903617, 0.014426769688725471, -0.019258376210927963, -0.0050493692979216576, -0.018155952915549278, 0.005753695033490658, -0.013018118217587471, 0.006907156202942133, 0.0011772788129746914, -0.01148697454482317, 0.0003617325273808092, -0.005297754891216755, -0.01822400465607643, 0.012970481999218464, -0.015148107893764973, 0.006917363498359919, 0.006468228530138731, 0.0036032898351550102, 0.003118427935987711, 0.007165749091655016, 0.017870139330625534, 0.005546140018850565, -0.029506826773285866, 0.004188526887446642, -0.02417164295911789, -0.002266091527417302, 0.019435308873653412, -0.026471760123968124, -0.004746543243527412, 0.0006809332990087569, 0.014862294308841228, -0.021082136780023575, 0.0035012136213481426, -0.003977569285780191, -0.031112825497984886, 0.03056841902434826, -0.003739391453564167, -0.03791790455579758, -0.013616965152323246, -0.03639356791973114, -0.0002745424280874431, -0.03222885727882385, 0.036665771156549454, 0.028145810589194298, 0.01738017424941063, 0.03263716399669647, -0.016236919909715652, -0.029670149087905884, -0.013147414661943913, 0.006441008299589157, -0.008751332759857178, 0.03753682225942612, 0.03171167150139809, 0.0017438017530366778, -0.007853061892092228, 0.011037839576601982, 0.0029500022064894438, -0.014100125059485435, -0.026049844920635223, 0.020837154239416122, -0.05297074094414711, 0.0009680226212367415, -0.015896666795015335, 0.014168175868690014, -0.0024072970263659954, -0.019340036436915398, 0.014168175868690014, 0.015855835750699043, 0.0006630699499510229, -0.00194965535774827, -0.027138657867908478, 0.002521282061934471, 0.03192943334579468, 0.013514888472855091, 0.026117896661162376, 0.002742447191849351, 0.006042910739779472, -0.050711456686258316, 0.011310042813420296, 0.02002054452896118, 0.028145810589194298, -0.025668760761618614, -0.012902431190013885, 0.01069758553057909, -0.020306358113884926, -0.012221923097968102, -0.01099020428955555, 0.024062762036919594, -0.021735424175858498, -0.018360106274485588, -0.06598205119371414, 0.026049844920635223, 0.007703350391238928, 0.0023953882046043873, -0.017284903675317764, -0.007363096345216036, -9.824833978200331e-05, -0.014168175868690014, 0.018155952915549278, 0.03056841902434826, -0.01716241054236889, -0.0043688612058758736, 0.0029704172629863024, 0.01757071539759636, 0.002705019200220704, 0.00689694844186306, 0.026240387931466103, 0.008635646663606167, -0.01207901630550623, 0.014072905294597149, 0.0060701314359903336, -0.009071171283721924, 0.010731611400842667, 0.031112825497984886, -0.012364829890429974, 0.008234146982431412, 0.0258184727281332, 0.016699666157364845, -0.006560096982866526, -0.02340947464108467, 0.013705430552363396, -0.028472453355789185, 0.00011526104208314791, 0.017706817016005516, 0.02079632319509983, -0.027628624811768532, 0.030895061790943146, 0.04956820234656334, 0.03884339705109596, 0.022728966549038887, -0.02562793157994747, -0.02757418341934681, -2.1571571778622456e-05, -0.02501547336578369, -0.00909158680588007, -0.011854449287056923, -0.0352230928838253, 0.0020517315715551376, 0.016740497201681137, 0.009125611744821072, 0.06576429307460785, 0.02301478013396263, -0.014698972925543785, -0.016645224764943123, -0.019135884940624237, -0.004824801813811064, 0.006400177720934153, 0.0008710502297617495, -0.013868752866983414, -0.02598179504275322, 0.014290668070316315, -0.007118113338947296, -0.004624051973223686, -0.002135093789547682, 0.02475688047707081, -0.020115816965699196, -0.0062572709284722805, 0.02002054452896118, 0.024076372385025024, -0.0038584803696721792, -0.017298512160778046, 0.010847297497093678, -0.00047167710727080703, -0.002121483674272895, 0.0002753930748440325, -0.006791469641029835, -0.04137488454580307, 0.0030758960638195276, -0.006771054584532976, 0.01128962729126215, 0.005889796651899815, -0.01348086353391409, -0.029642928391695023, 0.015706123784184456, 0.03745516017079353, 0.024961033836007118, 0.0036747432313859463, 0.01581500470638275, -0.0073494864627718925, 0.005345390178263187, -0.03016011416912079, 0.0037495989818125963, -0.0016059988411143422, 0.015570023097097874, 0.011929305270314217, -0.002594436751678586, -0.003288554958999157, 0.015243378467857838, 0.01600554771721363, 0.0028666399884968996, 0.008887434378266335, -0.003790429560467601, -0.0011696231085807085, -0.03296380862593651, -0.0004908163682557642, -0.0024209071416407824, -0.02996957115828991, -0.024498287588357925, 0.011044644750654697, 0.02477049082517624, -0.022674527019262314, 0.0006026749033480883, 0.012283168733119965, 0.004596831277012825, 0.0006609433912672102, -0.015570023097097874, 0.0026148520410060883, -0.006631550379097462, -0.03258272260427475, 0.036502446979284286, 0.007900698110461235, 0.0221573393791914, 0.025233235210180283, -0.01260981336236, 0.03840786963701248, 0.026430930942296982, -0.021694594994187355, -0.02199401892721653, 0.026852844282984734, -0.014345108531415462, -0.0035182263236492872, 0.021626543253660202, -0.02281062677502632, 0.004491352941840887, -0.0070364526472985744, -0.010949373245239258, 0.017244072631001472, 0.01577417552471161, 0.006311711389571428, 0.10675809532403946, 0.015733344480395317, 0.008281782269477844, -0.004916670266538858, -0.007070478051900864, 0.02217094972729683, 0.016849378123879433, 0.015393090434372425, -0.014971176162362099, -0.017067139968276024, 0.015365870669484138, 0.003446772927418351, -0.005042564123868942, -0.020360799506306648, -0.045457933098077774, -0.015039226040244102, 0.012113042175769806, 0.0034450716339051723, -0.006876533385366201, 0.0017403991660103202, 0.003336190478876233, 8.53824894875288e-05, 0.01230358425527811, 0.016740497201681137, -0.006529474165290594, 0.030459538102149963, 0.025137964636087418, 0.017747648060321808, 0.003497811034321785, -0.04017719253897667, 0.02482493221759796, 0.0038925057742744684, -0.01140531338751316, -0.00798235833644867, 0.01879562996327877, 0.0048179966397583485, -0.016658835113048553, 0.0037087686359882355, 0.01380750723183155, 0.007859867066144943, 0.004185124300420284, 0.0012368232710286975, -0.014045684598386288, -0.02760140411555767, -0.01018720492720604, -0.0014460794627666473, -0.013650990091264248, -0.00819331593811512, -0.03519587218761444]","[-0.016978397965431213, 0.010636905208230019, -0.0013109815772622824, -0.013441795483231544, -0.006683634594082832, 0.028943222016096115, -0.021883567795157433, -0.00974259153008461, -0.021436411887407303, -0.024254852905869484, 0.02818441018462181, -0.032303668558597565, 0.017357802018523216, 0.009918744675815105, -0.006639596540480852, 0.005562355741858482, 0.011002760380506516, -0.006368592847138643, 0.006626046262681484, -0.028590915724635124, -0.019769737496972084, 0.015935031697154045, -0.008482423610985279, 0.008448547683656216, -0.006077263504266739, 0.0035399890039116144, 0.034173596650362015, -0.03645003214478493, 0.008638250641524792, -0.003855030983686447, 0.01363149844110012, -0.012256152927875519, -0.020894404500722885, -0.05745283514261246, -0.031653258949518204, -0.017872709780931473, 0.005663982592523098, -0.008455323055386543, 0.01057592872530222, 0.013224992901086807, 0.03745274618268013, -0.008685676380991936, -0.005779159255325794, -0.009532563388347626, -0.03590802103281021, 0.03560991957783699, 0.019674886018037796, -0.012066450901329517, -0.007344206795096397, 0.013103040866553783, 0.026449985802173615, 0.015284622088074684, -0.016056982800364494, -0.012872687540948391, -0.0028692542109638453, -0.018956726416945457, -0.006629433948546648, 0.0318971648812294, 0.014905217103660107, -0.00573173351585865, -0.0017208750359714031, 0.012439081445336342, -0.01131441444158554, -0.009600314311683178, -0.01604343391954899, 0.010162647813558578, -0.004187011159956455, -0.0018783961422741413, -0.016910646110773087, -0.01546077523380518, 0.018035313114523888, -0.011158587411046028, -0.0002834955230355263, -0.007940415292978287, 0.028021806851029396, -0.004109097179025412, -0.03149065747857094, -0.02058275043964386, 0.03718174248933792, -0.0059519242495298386, -0.0014202300226315856, -0.001045058947056532, -0.030704746022820473, 0.023888997733592987, -0.0013186035212129354, 0.014647763222455978, 0.052141159772872925, 0.027439149096608162, 0.00021013391960877925, -0.013184341602027416, -0.022357825189828873, 0.016477039083838463, 0.015067819505929947, 0.013285968452692032, 0.0040515088476240635, -0.011612518690526485, -0.018048861995339394, 0.026246732100844383, -0.0008985474705696106, -0.0043292879126966, -0.033875491470098495, 0.00829949602484703, -0.032628875225782394, -7.152228135964833e-06, -0.026964891701936722, 0.0036280653439462185, 0.02631448209285736, -0.006382142659276724, 0.007249355316162109, -0.025406619533896446, -0.0010103365639224648, 0.015433674678206444, -0.00765586132183671, 0.0010577623033896089, 0.003953270148485899, 6.478688010247424e-05, 0.013103040866553783, -0.04233081638813019, -0.011443141847848892, -0.00689705042168498, -0.002206988399848342, 0.05447179451584816, 0.01639573834836483, 0.0007452608551830053, 0.010616579093039036, -0.02060985006392002, -0.016436388716101646, 0.003377386601641774, 0.010121997445821762, -0.006958026438951492, 0.016802243888378143, 0.017100349068641663, 0.008468872867524624, -0.008394347503781319, -0.02566407434642315, 0.0015616602031514049, -0.01607053354382515, 0.00021151010878384113, -0.0040752217173576355, -0.02224942296743393, -0.004884846042841673, 0.002735445974394679, 0.015596277080476284, -0.007229030132293701, -0.0037601797375828028, 0.027046194300055504, 0.0006372827338054776, -0.008997331373393536, 0.00528796436265111, 0.01486456673592329, -0.023292789235711098, 0.005752058699727058, -0.014173505827784538, -0.03934977203607559, 0.017181649804115295, -0.007107078563421965, -0.007743937894701958, -0.00165227719116956, 0.020474348217248917, -0.016016332432627678, 0.03398389369249344, 0.01868572272360325, 0.02224942296743393, -0.018631521612405777, -0.005728345829993486, 0.029268426820635796, 0.016029883176088333, -0.028265710920095444, 0.001108575495891273, 0.0017030903836712241, 0.006473606918007135, 0.016178935766220093, -0.04300832748413086, 0.03002723678946495, 0.004800157155841589, -0.012201952748000622, 0.009369960986077785, 0.03195136412978172, -0.036964938044548035, -0.01531172264367342, -0.03520341217517853, -0.0019834102131426334, -0.002335715340450406, 0.01659899204969406, -0.028672216460108757, 0.004817095119506121, 0.009735817089676857, -0.00532522751018405, -0.011185687966644764, -0.004434301983565092, 0.022506877779960632, 0.020596299320459366, 0.009600314311683178, -0.016287336125969887, -0.6066152453422546, -0.02304888516664505, 0.004048121627420187, -0.022235874086618423, -0.03772374987602234, -0.005816421937197447, -0.0009307291475124657, 0.004271699581295252, -0.033523187041282654, 0.01684289425611496, -0.02168031595647335, 0.010135547257959843, 0.003990533296018839, -0.019281931221485138, -0.006924150977283716, -0.016260236501693726, 0.012872687540948391, -0.017303600907325745, -0.018306316807866096, -0.001106881769374013, -0.017100349068641663, 0.015257522463798523, -0.0020257544238120317, -0.0017234156839549541, -0.006128076463937759, -0.017249401658773422, -0.0029268425423651934, -0.007926865480840206, 0.018970275297760963, 0.031084151938557625, -0.039485275745391846, 0.0276559516787529, 0.02105700597167015, -0.005294739734381437, 0.04027118533849716, 0.008916029706597328, -0.017506854608654976, 0.014309008605778217, -0.005796096753329039, 0.03276437520980835, -0.017222300171852112, -0.0024712171871215105, 0.02337408997118473, -0.005437016487121582, -0.014322558417916298, -0.004000695887953043, 0.04674817994236946, -0.030135639011859894, 0.001083168899640441, -0.005599618889391422, 0.02646353468298912, -0.04075899347662926, -0.012052900157868862, 0.03094865009188652, -0.013787325471639633, -0.017926910892128944, 0.017303600907325745, 0.00222392613068223, 0.004190398380160332, -0.02509496547281742, 0.0018462144071236253, 0.012506832368671894, -0.025582771748304367, -0.010569153353571892, -0.016192486509680748, 0.0035230512730777264, 0.0023153899237513542, -0.009322535246610641, 0.012445855885744095, -0.02554212138056755, 0.009227684698998928, -0.014647763222455978, -0.02168031595647335, 0.001688693300820887, 0.024783311411738396, 0.004109097179025412, 0.013238542713224888, -0.018821224570274353, -0.012005474418401718, 0.010121997445821762, 0.016924196854233742, 0.006226315628737211, -0.03154486045241356, -0.016206035390496254, 0.039431072771549225, -0.024132901802659035, -0.02040659636259079, -0.025758923962712288, 0.0024983175098896027, 0.016260236501693726, -0.0001262920704903081, 0.00983066763728857, 0.005782546475529671, 0.0016090859426185489, 0.019620684906840324, 0.024363255128264427, -0.014972968026995659, 0.029268426820635796, 0.010982435196638107, -0.03826575726270676, -0.0036348404828459024, 0.0023509592283517122, -0.005640269722789526, -0.004864520858973265, 0.022384924814105034, -0.005826584994792938, -0.02934972755610943, 0.011124711483716965, 0.04693788290023804, -0.008719552308321, -0.005779159255325794, -0.01373989973217249, -0.01373989973217249, -0.007750712800770998, -0.0014430959708988667, -0.03428199887275696, -0.009857768192887306, -0.01597568206489086, 0.0034993384033441544, 0.012527157552540302, 0.013888952322304249, -0.011239888146519661, 0.0204336978495121, -0.00938351172953844, 0.005216825753450394, -0.007892989553511143, 0.014322558417916298, -0.002816747175529599, -0.0017649132059887052, 0.017859159037470818, 0.019918790087103844, 0.001052680891007185, 0.018455369397997856, -0.002823522314429283, 0.01421415712684393, -0.015840180218219757, -0.012025799602270126, -0.015040718950331211, 0.0059654745273292065, -0.010711430571973324, -0.008672126568853855, 0.008292720653116703, 0.010393001139163971, 0.0025304993614554405, -0.0024813797790557146, -0.021422861143946648, -0.0012449243804439902, -0.008055591955780983, -0.03766954690217972, 0.035447314381599426, -0.008909254334867, 0.008888929150998592, 0.003368917852640152, -0.0020393047016113997, 0.0030013686046004295, 0.0019342906307429075, 0.023265687748789787, -0.0018326641293242574, 0.005105036776512861, -0.026829389855265617, 0.004244599491357803, 0.018374066799879074, -0.0024034662637859583, 0.013299518264830112, 0.002703264355659485, -0.014471611008048058, -0.003739854320883751, 0.027574650943279266, -0.029566530138254166, -0.032005567103624344, -0.017439104616642, -0.003238497069105506, -0.01346889603883028, -0.0023424902465194464, 0.02023044414818287, 0.031707461923360825, -0.018726373091340065, 0.004478340037167072, -0.001128900796175003, -0.002234088722616434, 0.0036721033975481987, 0.016084084287285805, 0.006056938320398331, -0.015582726337015629, 0.02756110019981861, 0.0251627154648304, 0.01773720793426037, -0.015162670984864235, 0.009634190239012241, 0.023455390706658363, 0.01886187493801117, 0.026097679510712624, 0.0014905217103660107, -0.031653258949518204, 0.007154504302889109, 0.0051118116825819016, 0.0111518120393157, 0.023509591817855835, -0.006189052481204271, 0.010088121518492699, 0.03474270552396774, 0.011470241472125053, 0.03311668336391449, -0.014295457862317562, 0.00222392613068223, -0.029810434207320213, -0.005003410391509533, -0.01918707974255085, 0.0030894449446350336, -0.0012525463243946433, 0.022113921120762825, -0.00444107735529542, -0.0006334717036224902, -0.030433742329478264, 0.017276501283049583, 0.014647763222455978, -0.002733752364292741, 0.008130118250846863, -0.02331988885998726, 0.01951228454709053, 0.0018275828333571553, 0.013760224916040897, 0.0019224341958761215, -0.00034235420753248036, -0.01579952985048294, 0.021870018914341927, 0.020691150799393654, -0.015379473567008972, -0.004251374397426844, -0.017506854608654976, -0.004779831971973181, 0.005701245274394751, 0.01960713602602482, 0.00788621511310339, -0.007005451712757349, 0.007317106705158949, 0.03178876265883446, -0.01734425313770771, 0.028347011655569077, -0.04390263929963112, -0.002195131964981556, 0.0159485824406147, -0.007676186505705118, -0.004607066977769136, -5.607320417766459e-06, 0.004353000782430172, 0.02509496547281742, 0.0007867583190090954, -0.01355697214603424, 0.03799475356936455, -0.011707370169460773, 0.0019054964650422335, -0.02747979946434498, -0.035393115133047104, 0.009783242829144001, -0.01701904833316803, 0.008956680074334145, 0.02165321446955204, 0.02937682718038559, 0.02310308627784252, 0.0006923303590156138, -0.03382129222154617, 0.028699317947030067, -0.010460752062499523, 0.018225016072392464, -0.0009468200150877237, 0.004627392161637545, -0.011429591104388237, -0.020352395251393318, -0.009932294487953186, -0.009424162097275257, -0.04523056000471115, 0.009539338760077953, -0.031138353049755096, 0.03834705799818039, 0.0007295934483408928, 0.012032574974000454, 0.018468918278813362, 0.024431005120277405, 0.012879461981356144, -0.035393115133047104, -0.021273810416460037, 0.016287336125969887, -0.0031588897109031677, -0.0008180931326933205, -0.0198103878647089, -0.013340169563889503, 0.01487811654806137, 0.032954078167676926, 0.013482445850968361, 0.012351004406809807, 0.009308985434472561, 0.00806236732751131, -0.023130185902118683, -0.01948518306016922, -0.01701904833316803, 0.03848256170749664, -0.001668368000537157, -0.0014159956481307745, 0.009871318936347961, 0.0041700731962919235, 0.011172137223184109, -0.02040659636259079, 0.0075677852146327496, 0.04512215778231621, 0.004827257711440325, -0.001084015821106732, -0.006903825327754021, 0.030758947134017944, -0.00561316916719079, -0.006009512580931187, -0.030189840123057365, -0.006155177019536495, -0.01784561015665531, -0.026991993188858032, -0.004498665686696768, -0.003943107556551695, -0.01073853112757206, 0.01841471716761589, 0.023211488500237465, 0.001721721957437694, -0.01238488033413887, -0.025311768054962158, -0.003306248225271702, 0.023902548477053642, 0.007540684659034014, -0.01642283983528614, 0.0002521607093513012, 0.01913287863135338, -0.013651823624968529, -0.01531172264367342, -0.032384973019361496, 0.0032249470241367817, 0.003729691728949547, -0.01966133527457714, -0.003438362618908286, 0.002140931086614728, 0.013888952322304249, 0.007791363168507814, -0.010921458713710308, 0.014471611008048058, -0.007249355316162109, -0.009315760806202888, -0.037859249860048294, -0.015081369318068027, 0.011937723495066166, 0.03094865009188652, 0.01699194684624672, 0.006893662735819817, 0.028672216460108757, 0.006063713226467371, 0.01470196433365345, 0.007147728931158781, -0.006056938320398331, -0.0052676391787827015, 0.009390287101268768, -0.00882117822766304, 0.04712758585810661, 0.013733125291764736, 0.034227799624204636, 0.022195223718881607, 0.051219746470451355, -0.003240190912038088, 0.009268335066735744, -0.012689759954810143, 0.006073875818401575, -0.015406574122607708, -0.0008468872983939946, 0.01821146532893181, -0.01294721383601427, -0.02090795338153839, -0.004315737634897232, -0.010162647813558578, 0.001608239021152258, 0.010731755755841732, 0.02260172925889492, -0.020542098209261894, -0.0029912060126662254, 0.01487811654806137, -0.011206013150513172, 0.022954033687710762, 0.00528796436265111, -0.011490567587316036, -0.03490530699491501, -0.02369929477572441, -0.03490530699491501, 0.011964824050664902, 0.017561055719852448, -0.007703287061303854, -0.018645070493221283, -0.017398452386260033, 0.026571936905384064, -0.03154486045241356, -0.013075940310955048, -0.005105036776512861, -0.02788630500435829, -0.028943222016096115, 0.017127448692917824, 0.016856444999575615, 0.016327988356351852, 0.002276433166116476, -0.006951251067221165, -0.007208704948425293, 0.020623400807380676, -0.0209350548684597, -0.011978373862802982, -0.008075917139649391, -0.00913283322006464, 0.009112508036196232, -0.018360517919063568, 0.025677623227238655, 0.0020918117370456457, -0.016111183911561966, 0.028672216460108757, -0.0013668761821463704, 0.0026575324591249228, 0.01222227793186903, -0.006470219232141972, 0.028699317947030067, 0.006266965996474028, 0.0052913520485162735, 0.03598932549357414, -0.001662439783103764, -0.022588178515434265, -0.000856626546010375, -0.007967515848577023, -0.025379519909620285, -0.008597600273787975, -0.017412003129720688, 0.008130118250846863, -0.006043388042598963, 0.03831995651125908, -0.01978328824043274, -0.016178935766220093, 0.003865193808451295, -0.015704678371548653, 0.0168157946318388, 0.010623354464769363, 0.007093528285622597, 0.013109816238284111, 0.005874010268598795, 0.022710129618644714, 0.013997353613376617, -0.021964870393276215, 0.005166012793779373, -0.04154490306973457, 0.0063753677532076836, 0.02456650696694851, -0.0002091811620630324, 0.003341817297041416, -0.004407201427966356, -0.027994707226753235, 0.007561009842902422, 0.0025000113528221846, 0.0030352440662682056, 0.0381302535533905, 0.013746675103902817, -0.025000113993883133, -0.02937682718038559, 0.007682961877435446, -0.0037161416839808226, 0.020542098209261894, 0.0254201702773571, 0.0024627484381198883, -0.03127385675907135, -0.007554234936833382, -0.011165362782776356, -0.007960740476846695, -0.006802198942750692, -0.03997308015823364, -0.013414694927632809, 0.0064837695099413395, -0.012689759954810143, 0.018794123083353043, 0.006964801345020533, 0.02646353468298912, 0.0017649132059887052, -0.001635339460335672, -0.029485229402780533, -0.017506854608654976, -0.017628805711865425, 0.011456691659986973, 0.03430910035967827, 0.019796838983893394, 0.04458015039563179, 0.0030843636486679316, 0.017208751291036606, -0.021544814109802246, 0.01299463864415884, 0.015785979107022285, -0.005640269722789526, 0.020745351910591125, -0.024634258821606636, 0.027913406491279602, 0.054824098944664, -0.0027981156017631292, 0.01811661384999752, -0.030487943440675735, -0.00028624790138565004, 0.024336153641343117, -0.014471611008048058, -0.006951251067221165, -0.022046171128749847, -0.030162738636136055, -0.01975618675351143, 0.02444455586373806, -0.007296781055629253, 0.016978397965431213, -0.037263043224811554, -0.013529871590435505, 0.00013200855755712837, -0.004759506788104773, 0.021436411887407303, -0.014945867471396923, 0.027127495035529137, -0.0036179027520120144, 0.012845586985349655, -0.0047493441961705685, 0.005047448445111513, -0.02548792026937008, -0.009031206369400024, -0.026070579886436462, -0.01654479093849659, 0.0008206338388845325, -0.013550196774303913, 0.0018868650076910853, 0.011355064809322357, 0.0018987213261425495, -0.012750735506415367, 0.02037949673831463, 0.008590824902057648, 0.0012178239412605762, 0.008739877492189407, -0.002262882888317108, 0.0067513855174183846, -0.019471634179353714, -0.0051355245523154736, 0.003268985077738762, 0.015664028003811836, 0.034878209233284, -0.00167429621797055, 0.0294039286673069, -0.01953938417136669, -0.016327988356351852, 0.01577243022620678, -0.01873992197215557, 0.03176166117191315, 0.020636949688196182, 0.02815731056034565, 0.014295457862317562, 0.0007232417701743543, -0.021463511511683464, 0.0015387942548841238, 0.03197846561670303, -0.0035704770125448704, 0.031680360436439514, 0.04043378680944443, 0.002930230228230357, -0.008008166216313839, -0.014078655280172825, -0.01113826222717762, -0.001620095456019044, 9.749790478963405e-05, 0.0328998789191246, 0.019403882324695587, -0.0067276731133461, -0.01758815534412861, 0.00673444801941514, -0.03371288999915123, 0.020420147106051445, -0.010718205943703651, 0.017262950539588928, 0.016002783551812172, 0.011016310192644596, -0.02693779207766056, 0.027628852054476738, -0.00990519393235445, 0.02153126336634159, 0.008150443434715271, 0.002206988399848342, -0.006070488132536411, 0.012195177376270294, 0.005518317688256502, 0.03376709297299385, 0.005867235362529755, 0.045609962195158005, -0.03466140478849411, -0.010562378913164139, 0.012540707364678383, 0.006199215073138475, -0.02504076436161995, -0.010196523740887642, -0.014309008605778217, 0.0229269340634346, 0.0018834774382412434, 0.010860483162105083, -0.016978397965431213, -0.004637554753571749, 0.020447246730327606, 0.02536596916615963, -0.011321189813315868, -0.008929579518735409, 0.019403882324695587, -0.009288660250604153, 0.02970203198492527, 0.015542075969278812, -0.0015023781452327967, 0.00204269215464592, 0.0003353673673700541, -0.0009281884995289147, -0.050000227987766266, -0.01098920963704586, -0.02299468405544758, -0.027913406491279602, -0.03252047300338745, -0.020189793780446053, 0.0005157543928362429, 0.023929648101329803, -0.012838811613619328, 0.007696512155234814, -0.0026761640328913927, 0.023035334423184395, -0.022222323343157768, 0.01634153723716736, -0.025650523602962494, 0.014119305647909641, -0.014349658973515034, 0.01597568206489086, -0.016287336125969887, -0.017777858301997185, -0.00757456012070179, -0.008800853043794632, -0.03769664838910103, -0.012960763648152351, 0.03428199887275696, -0.0002877299557439983, 0.009986495599150658, -0.012730410322546959, 0.028238611295819283, -0.02382124587893486, 0.007059652823954821, -0.012100325897336006, -0.030216939747333527, 0.041572004556655884, -0.02132800966501236, -0.0048204828053712845, -0.025935078039765358, 0.002310308627784252, -0.005294739734381437, -0.015785979107022285, -0.0014422491658478975, 0.014674863778054714, -0.014187056571245193, -0.024349704384803772, 0.01776430942118168, -0.001666674274019897, -0.00456641661003232, -0.01546077523380518, -0.02471555955708027, -0.027696603909134865, -0.0106504550203681, 0.0013025127118453383, 0.008455323055386543, 0.015176220797002316, -0.013767000287771225, 0.027750803157687187, 0.008712776936590672, 0.01995944045484066, -0.029241325333714485, -0.017696557566523552, -0.024756209924817085, -0.0244174562394619, -0.032032664865255356, -0.015853730961680412, -0.012859136797487736, 0.025298217311501503, 0.02001364156603813, -0.009173483587801456, -0.029485229402780533, -0.024756209924817085, -0.02601637877523899, -0.008563724346458912, 0.010941783897578716, -0.0003499761805869639, 0.04352323338389397, -0.0031724399887025356, 0.0073306565172970295, 0.033875491470098495, -0.0030437130481004715, 0.01856376975774765, -0.02147706225514412, -0.0018326641293242574, -0.00224594515748322, -3.316093352623284e-05, 0.014729063957929611, -0.01547432504594326, -0.010189748369157314, -0.02135511115193367, 0.005084711592644453, 0.025122065097093582, 0.02426840364933014, 0.015243971720337868, -0.004803544841706753, 0.01046752743422985, -0.022710129618644714, -0.01290656253695488, -0.014607112854719162, -0.0035501515958458185, 0.03157195821404457, -0.017954010516405106, -0.015487875789403915, 0.014268357306718826, -0.0009739203960634768, -0.00428524985909462, 0.0008426528656855226, 0.01098920963704586, -0.015162670984864235, 0.038509659469127655, 0.002035917015746236, -0.02735784836113453, 0.011788671836256981, -0.04208691418170929, 0.025325318798422813, -0.01422770693898201, 0.023455390706658363, 0.027723703533411026, -0.0012271397281438112, 0.0057859341613948345, -0.011998699977993965, 0.019796838983893394, -0.0013931296998634934, 0.0058096470311284065, 0.019390331581234932, -0.02608412876725197, -0.01471551414579153, -0.01306916493922472, 0.025230467319488525, -0.013516321778297424, 0.02708684466779232, -0.01471551414579153, -0.028103109449148178, -0.03891616687178612, -0.012080000713467598, 0.004776444286108017, -0.02170741558074951, -0.013258867897093296, 0.013340169563889503, -0.008489198982715607, -0.008726326748728752, -0.01752040535211563, 0.00027799076633527875, -0.055284805595874786, -0.0025728438049554825, 0.0017733820714056492, -0.015514975413680077, -0.041301000863313675, -5.293045614962466e-05, 0.021734517067670822, 0.01811661384999752, -0.03224946931004524, 0.20639660954475403, 0.016829345375299454, -0.015257522463798523, 0.011517667211592197, -0.01330629363656044, -0.011937723495066166, 0.0026185757014900446, -0.0053624906577169895, -0.02910582348704338, 0.02563697285950184, -0.00889570452272892, 0.008834728971123695, -0.010155872441828251, 0.0009959394810721278, -0.013699249364435673, 0.018157264217734337, -0.03842835873365402, -0.020203344523906708, -0.03734434396028519, -0.0034468313679099083, 0.03466140478849411, 0.02524401806294918, -0.02649063616991043, -0.027967607602477074, 0.0037025914061814547, 0.004776444286108017, 0.0036246776580810547, 0.004315737634897232, 0.018333416432142258, -0.012249378487467766, -0.033008281141519547, -0.010691105388104916, 0.001677683787420392, -0.006951251067221165, -0.001050987164489925, -0.014512261375784874, 0.010033921338617802, 0.005968861747533083, 0.008468872867524624, 0.035772521048784256, -0.020000090822577477, -0.025582771748304367, -0.0010484465165063739, 0.003450219053775072, -0.01207322534173727, 0.00813689362257719, -0.006663309410214424, -0.011795446276664734, 0.013834751211106777, 0.013089490123093128, -0.010582704097032547, 0.015758879482746124, 0.01222227793186903, 0.012642334215342999, -0.0031724399887025356, -0.02233072556555271, 0.02643643505871296, -0.0011949579929932952, -0.003682265989482403, 0.026748089119791985, -0.034498803317546844, 0.012561032548546791, 0.011558318510651588, 0.02337408997118473, 0.004549478646367788, 0.00680897431448102, 0.005365877877920866, -0.012832037173211575, 0.016463490203022957, -0.00773038761690259, 0.010027145966887474, 0.004383488558232784, 0.021815817803144455, 0.013462120667099953, 0.019024476408958435, -0.011104386299848557, -0.0006326248403638601, 0.005118587054312229, 0.013685699552297592, 0.026680339127779007, 0.007168054115027189, -0.0012965844944119453, -0.015420123934745789, -0.0027168146334588528, -0.020650500431656837, -0.016409289091825485, 0.0008722939528524876, -0.024580057710409164, -0.023604443296790123, -0.012093550525605679, -0.02788630500435829, -0.020149143412709236, -0.009647740051150322, 0.008875379338860512, -0.001654817839153111, 0.04447174817323685, 0.007208704948425293, 0.039431072771549225, 0.0018123388290405273, -0.023455390706658363, -0.02905162237584591, 0.0411112979054451, 0.013238542713224888, 0.005430241581052542, -0.023739945143461227, -0.0035162761341780424, 0.01776430942118168, -0.016178935766220093, -0.026273831725120544, -0.007256130687892437, -0.00813689362257719, -0.025555672124028206, 0.01761525683104992, -0.011002760380506516, 0.018048861995339394, 0.022493327036499977, -0.005674145184457302, -0.0007554235053248703, 0.0017937073716893792, -0.019092228263616562, 0.003390936879441142, -0.029485229402780533, -0.010806282050907612, 0.00019266686285845935, 0.00637198006734252, -0.0024762984830886126, -0.01514912024140358, 0.011429591104388237, -0.02123315818607807, -0.01764235645532608, 0.017655907198786736, -0.00788621511310339, 0.017208751291036606, -0.014010903425514698, 0.008238519541919231, 0.0051118116825819016, 0.017086798325181007, -0.027303647249937057, -0.01876702345907688, -0.0073306565172970295, -0.0034298936370760202, -0.008441773243248463, 0.029783332720398903, -0.019972991198301315, -0.015420123934745789, -0.007513584569096565, 0.002852316480129957, -0.023184387013316154, -0.03425489738583565, -0.026964891701936722, -0.00945803802460432, -0.002759158844128251, 0.018970275297760963, -0.02536596916615963, 0.006111138965934515, -0.04281862452626228, 0.015135570429265499, -0.044065240770578384, -0.012960763648152351, 0.002787953009828925, -0.04241211712360382, -0.012479731813073158, -0.003885518992319703, 0.027317197993397713, -0.033252183347940445, -0.02046079747378826, -0.17138288915157318, -0.002369590802118182, 0.03195136412978172, -0.03598932549357414, 0.012798161245882511, 0.015636928379535675, -0.006958026438951492, 0.0016793775139376521, -0.005999349988996983, -0.017398452386260033, 0.008367246948182583, -0.04303542524576187, -0.026720989495515823, 0.005518317688256502, -0.004800157155841589, -0.002125687198713422, 0.0012076613493263721, -0.016084084287285805, 0.04113839939236641, 0.031436458230018616, 0.026802290230989456, -0.021599015220999718, 0.010670780204236507, -0.024986563250422478, -0.01437675952911377, 0.030162738636136055, -2.695483635761775e-05, 0.017005497589707375, 0.02102990634739399, -0.008042042143642902, -0.023482492193579674, 0.011192462407052517, 0.007303556427359581, 0.0012804936850443482, 0.0336315892636776, 0.009701941162347794, -0.014092205092310905, -0.004942434374243021, 0.0022730454802513123, -0.00016397856234107167, 0.023008234798908234, 0.013753450475633144, 0.018374066799879074, 0.015569176524877548, 0.0046782055869698524, 0.041002895683050156, 0.008096243254840374, 0.008963455446064472, 0.03311668336391449, -0.011917398311197758, 0.04165330529212952, 0.010298149660229683, -0.00829949602484703, 0.004237824119627476, 0.0030216940212994814, 0.012859136797487736, -0.02168031595647335, -0.014038003981113434, -0.004518990870565176, -0.00957998912781477, -0.005440404172986746, -0.01758815534412861, 0.0064837695099413395, -0.01829276606440544, -0.012662659399211407, 0.015596277080476284, 0.0020799553021788597, 0.024200651794672012, -0.04149070382118225, 0.008685676380991936, -0.008434997871518135, -2.163532371923793e-05, -0.0014024453703314066, 0.0012245990801602602, -0.016964847221970558, -0.002208682242780924, -0.03433619812130928, 0.020311744883656502, 0.019945889711380005, -0.021897118538618088, -0.0028794168028980494, 0.009010881185531616, 0.008441773243248463, 0.03395679593086243, -0.003895681584253907, -0.0010103365639224648, 0.002906517358496785, -0.0030674259178340435, -0.011084061115980148, -0.0015362536069005728, 0.001616707886569202, -0.026070579886436462, -0.02257462777197361, -0.020623400807380676, -0.02598927728831768, 0.016585441306233406, 0.01624668575823307, 0.0076287612318992615, 0.002747302409261465, -0.02711394429206848, 0.00925478432327509, -0.01174802053719759, -0.04032538831233978, 0.001682765083387494, 0.05945826694369316, 0.011260214261710644, -0.006107751280069351, 0.010033921338617802, 0.030189840123057365, 0.0020680988673120737, -0.027547551319003105, 0.013719574548304081, -0.01050140243023634, 0.03734434396028519, 0.009586764499545097, 0.02608412876725197, 0.016287336125969887, 0.004966147243976593, 0.01841471716761589, 0.008841503411531448, 0.03560991957783699, -0.006842849776148796, -0.019322581589221954, -0.005000022705644369, 0.012019025161862373, 0.00556913111358881, -0.08558304607868195, -0.01921417936682701, 0.006890275049954653, 0.0056673698127269745, -0.021165408194065094, 0.02040659636259079, -0.020000090822577477, 0.024823961779475212, -0.02634158357977867, 0.012974313460290432, -0.02197841927409172, -0.00669040996581316, 0.004834032617509365, 0.012330679222941399, -0.01963423565030098, -0.0046883681789040565, -0.01672094315290451, -0.0003008567146025598, -0.006097588688135147, 0.005176175385713577, 0.007750712800770998, -0.009098957292735577, -0.0020680988673120737, 0.0025745374150574207, -0.015325273387134075, 0.010257499292492867, -0.015176220797002316, 0.003722916590049863, 0.00428524985909462, 0.012066450901329517, 9.9773911642842e-05, 0.009315760806202888, 0.013611173257231712, 0.006700572557747364, -0.026517735794186592, 0.009688391350209713, -0.023604443296790123, -0.00118225475307554, 0.025460820645093918, -0.020094942301511765, -0.007872664369642735, 0.0013558665523305535, 0.018780574202537537, -0.016165385022759438, 0.0015303253894671798, -0.004590129479765892, -0.02611123025417328, 0.03336058557033539, -0.005281189456582069, -0.03756114840507507, -0.006443118676543236, -0.03094865009188652, 0.006863174960017204, -0.03769664838910103, 0.04146360233426094, 0.026151880621910095, 0.017710108309984207, 0.034498803317546844, -0.02409225143492222, -0.03149065747857094, -0.006104364059865475, 0.007093528285622597, -0.006890275049954653, 0.04081319272518158, 0.02937682718038559, -0.0029370051342993975, -0.012967539019882679, 0.010284599848091602, 0.0029912060126662254, -0.02302178554236889, -0.01948518306016922, 0.017439104616642, -0.058049045503139496, -0.0008032726473174989, -0.016788695007562637, 0.02153126336634159, 0.00565720722079277, -0.012486506253480911, 0.013821201398968697, 0.013401145115494728, -0.002615188015624881, 0.00043000702862627804, -0.028401212766766548, 0.008191093802452087, 0.03195136412978172, 0.013075940310955048, 0.027967607602477074, 0.00773716252297163, 0.0018529894296079874, -0.04729018732905388, 0.013489221222698689, 0.01841471716761589, 0.02566407434642315, -0.022439125925302505, -0.007439058274030685, 0.004390263929963112, -0.014309008605778217, -0.015176220797002316, -0.011334739625453949, 0.021165408194065094, -0.02411935105919838, -0.01684289425611496, -0.06281871348619461, 0.01891607604920864, 0.009634190239012241, 0.004102322272956371, -0.012317129410803318, -0.007059652823954821, 0.0025118677876889706, -0.009837443009018898, 0.016856444999575615, 0.028943222016096115, -0.02060985006392002, -0.0042310492135584354, -0.002596556441858411, 0.017235850915312767, 0.00031440690509043634, 0.004671430680900812, 0.02934972755610943, 0.008997331373393536, -0.016178935766220093, 0.00825884472578764, 0.008489198982715607, -0.01213420182466507, 0.015813080593943596, 0.032005567103624344, -0.008902479894459248, 0.008685676380991936, 0.02536596916615963, 0.021246708929538727, -0.007859114557504654, -0.024661358445882797, 0.01876702345907688, -0.027195245027542114, 0.0010044083464890718, 0.01948518306016922, 0.018482469022274017, -0.026978442445397377, 0.03219527006149292, 0.052764467895030975, 0.03498660773038864, 0.017804959788918495, -0.02661258727312088, -0.03121965378522873, 0.0036280653439462185, -0.025501471012830734, -0.00829949602484703, -0.010982435196638107, -0.03032534196972847, 0.006476994138211012, 0.015067819505929947, 0.014580012299120426, 0.05886205658316612, 0.024905262514948845, -0.014566461555659771, -0.022439125925302505, -0.0184418186545372, -0.007940415292978287, 0.005284576676785946, -0.004966147243976593, -0.01823856495320797, -0.03135515749454498, 0.011754795908927917, -0.007865889929234982, -0.002312002470716834, -0.0008015788625925779, 0.023658644407987595, -0.020975705236196518, -0.008360471576452255, 0.016463490203022957, 0.022655930370092392, -0.006084038410335779, -0.01766945794224739, 6.716875213896856e-05, 0.00421072356402874, -0.0028675603680312634, 0.0073306565172970295, -0.008861828595399857, -0.038563862442970276, 0.0065311952494084835, -0.008014941588044167, 0.008028491400182247, 0.008001391775906086, -0.002757465234026313, -0.02753400057554245, 0.015094920061528683, 0.038807764649391174, 0.030379541218280792, 0.006487156730145216, 0.017100349068641663, -0.0063042291440069675, 0.008035266771912575, -0.025000113993883133, -0.004420751705765724, 0.0012406898895278573, 0.007547460030764341, 0.012520382180809975, 0.0014862872194498777, -0.005586068611592054, 0.022046171128749847, 0.013773775659501553, 0.009315760806202888, 0.015555626712739468, -0.005863847676664591, 0.002723589539527893, -0.030786048620939255, -0.00222731358371675, -0.002347571775317192, -0.032384973019361496, -0.026802290230989456, 0.0031046888325363398, 0.02474265918135643, -0.022113921120762825, 0.0035264387261122465, 0.014634213410317898, 0.0051016490906476974, 0.0031470332760363817, -0.012432306073606014, 0.002249332843348384, -0.007154504302889109, -0.03501370921730995, 0.034227799624204636, 0.0075677852146327496, 0.027777904644608498, 0.02788630500435829, -0.013970253057777882, 0.03807605430483818, 0.03254757449030876, -0.018170814961194992, -0.022439125925302505, 0.022222323343157768, -0.0048441956751048565, 0.002781177870929241, 0.021395761519670486, -0.0209350548684597, 0.0006262731621973217, -0.0074864840134978294, -0.020203344523906708, 0.015826629474759102, 0.01684289425611496, 0.00038723924080841243, 0.09322535991668701, 0.010596253909170628, 0.0018648458644747734, -0.009695165790617466, -0.0009442793671041727, 0.021219609305262566, 0.013272417709231377, 0.015840180218219757, -0.02233072556555271, -0.015853730961680412, 0.01749330386519432, 0.00456641661003232, -0.008387572132050991, -0.024349704384803772, -0.041273899376392365, -0.010623354464769363, 0.004061671439558268, -0.0014430959708988667, 0.00169292779173702, -0.003895681584253907, 0.0002530076017137617, 0.002772709121927619, 0.0068835001438856125, 0.015989232808351517, -0.01037945132702589, 0.02910582348704338, 0.02518981695175171, 0.02192421816289425, 0.0037669548764824867, -0.047154687345027924, 0.028943222016096115, -9.997240340453573e-06, -0.015691127628087997, -0.009227684698998928, 0.016910646110773087, 0.004156522918492556, -0.01329274382442236, 0.0001911848085001111, 0.016287336125969887, 0.01023039873689413, -0.0014532586792483926, 0.001118738204240799, -0.014972968026995659, -0.028238611295819283, -0.01321821752935648, -0.0015879137208685279, -0.014742614701390266, -0.006107751280069351, -0.03658553212881088]","[0.00835537351667881, -0.004809747915714979, 0.0030943951569497585, -0.007307572290301323, -0.02134811505675316, 0.019779792055487633, -0.024444200098514557, -0.0165079478174448, -0.04299367219209671, -0.03880246356129646, -0.00380926625803113, 0.0011475118808448315, 0.014669224619865417, 0.0036504059098660946, 0.019117310643196106, 0.020077232271432877, 0.011228378862142563, 0.01600770652294159, 0.02203763648867607, -0.03085269033908844, -0.01735970936715603, 0.009653296321630478, -0.002523174276575446, -0.03336741402745247, -0.015480425208806992, -0.02211875654757023, 0.022794757038354874, -0.02936548925936222, -0.019320111721754074, 0.01186381932348013, 0.005299848970025778, 0.019238991662859917, -0.009572175331413746, -0.01967163197696209, -0.01844131015241146, -0.005536449141800404, 0.021294035017490387, -0.0002490641491021961, 0.008226933889091015, 0.012296460568904877, 0.016548506915569305, 0.0015860676066949964, 0.011377098970115185, -0.020604513585567474, -0.024957960471510887, 0.009058414958417416, 0.013668742962181568, -0.000520520843565464, -0.00015569150855299085, -0.002927084919065237, 0.0018319630762562156, 0.0071250516921281815, -0.04047894850373268, -0.0003244805266149342, -0.008091733790934086, -0.007861892692744732, -0.025999002158641815, -0.006709311157464981, -0.050618965178728104, -0.0009928765939548612, -0.0016883127391338348, 0.002469094004482031, -0.010025096125900745, -0.009436975233256817, -0.01852243021130562, 0.003640265902504325, 0.008429734036326408, -0.005597289185971022, -0.00542828906327486, -0.01696762815117836, 0.03604437783360481, 0.01856299117207527, 0.018400751054286957, -0.025877323001623154, 0.017440829426050186, 0.015155944973230362, -0.0038329262752085924, 0.0003542668418958783, -0.014493463560938835, 0.00039017939707264304, 0.019969072192907333, -0.01883339136838913, 0.005577009171247482, 0.011289218440651894, 0.018819870427250862, 0.01500722486525774, -0.009619495831429958, 0.013087381608784199, -0.029446609318256378, -0.012330260127782822, -0.015182984992861748, 0.03547653928399086, 0.028392046689987183, 0.004640747793018818, -0.016534987837076187, 0.01852243021130562, -0.0063814506866037846, 0.020658593624830246, 0.004961848258972168, -0.004684687592089176, -0.0017981629353016615, -0.0009447115589864552, -0.012573620304465294, -0.007760492619127035, -0.011377098970115185, 0.004775947891175747, 0.0030301751103252172, 0.0039241863414645195, 0.012553340755403042, -0.011113458313047886, -0.019712192937731743, 0.052106164395809174, 0.010721378028392792, -0.025620441883802414, -0.005134228616952896, 0.00890293437987566, -0.00478946790099144, -0.022389156743884087, -0.017630109563469887, 0.008220173418521881, 0.0026448543649166822, -0.005377588793635368, 0.026242364197969437, -0.002502894029021263, 0.016670187935233116, 0.0075712124817073345, -0.03593621775507927, -0.014101383276283741, 0.0022155935876071453, -0.019887952134013176, 0.03566581755876541, 0.007273771800100803, 0.001305527170188725, -0.006780290976166725, 0.016440346837043762, 0.016940588131546974, -0.0026059842202812433, -0.007273771800100803, -0.011471739038825035, -0.02391691878437996, 0.006905351299792528, 0.0505378432571888, -0.011613699607551098, -0.007381932344287634, 0.004492027219384909, -1.0285250937158708e-05, 0.03258325532078743, 0.0011432869359850883, 0.012350540608167648, -0.009369375184178352, -0.01792754977941513, -0.019320111721754074, -0.0027175245340913534, -0.0003540555771905929, 0.017657149583101273, 0.022416196763515472, -0.019969072192907333, 0.029987409710884094, 0.01095797773450613, -0.01372282300144434, -0.01561562530696392, 0.0008297913591377437, 0.009984536096453667, -0.013526782393455505, -0.013242862187325954, 0.04134422913193703, 0.036801502108573914, 0.004623847547918558, -0.008619014173746109, 0.014709784649312496, 0.00390390632674098, 0.05835241451859474, -0.018806351348757744, 0.014101383276283741, 0.005806849803775549, -0.003452675649896264, -0.006587631069123745, 0.02119939588010311, 0.005019308067858219, 0.03809942305088043, -0.042317669838666916, 0.016372747719287872, 0.025363562628626823, 0.021753715351223946, -0.009680336341261864, 0.018657630309462547, 0.000919361540582031, 1.5038383935461752e-05, 0.029662929475307465, -0.0223621167242527, -0.00011090643238276243, 0.02756732515990734, 0.018400751054286957, -0.02614772319793701, -0.6281943321228027, -0.03536837920546532, 0.012864300981163979, 0.005249148700386286, -0.006391590461134911, 0.024782201275229454, -0.009213895536959171, 0.0038903863169252872, -0.028067566454410553, 0.03534133732318878, 0.018603550270199776, 0.004718487616628408, -0.004410907160490751, -0.022064676508307457, 0.013040061108767986, -0.012526300735771656, -0.0032971955370157957, -0.013114421628415585, -0.009430215694010258, -0.0013105971738696098, -0.0040391068905591965, -0.006601151078939438, -0.006908731535077095, -0.008639294654130936, 0.007152091711759567, 0.00835537351667881, 0.020266514271497726, -0.009403175674378872, -0.03244805335998535, 0.009038134478032589, -0.011235138401389122, 0.014209543354809284, 0.0002989192435052246, -0.009017854928970337, 0.047401197254657745, -0.0096127362921834, -0.009470775723457336, -0.011289218440651894, -0.00849057361483574, 0.02667500451207161, -0.0134659418836236, -0.0006654385942965746, -0.00047784828348085284, 0.010200857184827328, 0.003843066282570362, 0.012242380529642105, 0.020996594801545143, 0.00304369512014091, 0.010937698185443878, 0.002523174276575446, 0.010775458067655563, 0.0054756090976297855, 0.01638626679778099, 0.01323610171675682, -0.013472702354192734, -0.02076675370335579, 0.024592921137809753, -0.008869134820997715, -0.0217942763119936, -0.0028172347228974104, -0.006344270426779985, 0.0019012531265616417, -0.027405085042119026, -0.012107180431485176, -0.0020922233816236258, 0.004339927341789007, -0.025106681510806084, -0.001799852936528623, 0.014506983570754528, 0.011586658656597137, 0.004762427881360054, 0.01519650500267744, -0.021929476410150528, 0.03650406002998352, 0.027553806081414223, 0.03047413006424904, 0.003995166625827551, -1.2721231541945599e-05, -0.010930937714874744, 0.0003202555235475302, -0.013019781559705734, -0.010532096959650517, -0.004992268048226833, -0.03231285512447357, 0.016859468072652817, -0.004833408165723085, -0.01973923295736313, 0.011694819666445255, -0.011268938891589642, -0.012255900539457798, 0.016562027856707573, 0.03398933634161949, 0.0042486670427024364, -0.01012649666517973, -0.006449050735682249, 0.034665338695049286, -0.0060907700099051, 1.6134245015564375e-05, 0.020726194605231285, 0.008869134820997715, -0.008477053605020046, -0.0015970526728779078, -0.01568322628736496, 0.010200857184827328, 0.011735379695892334, 0.017440829426050186, -0.018928030505776405, 0.011329778470098972, 0.04188502952456474, 0.016210507601499557, 0.013411861844360828, 0.0020415233448147774, 0.017576029524207115, -0.02256491780281067, 0.029257329180836678, -0.0377749428153038, 0.033124055713415146, 0.008788014762103558, 0.012343780137598515, -0.0054147690534591675, 0.0038194062653928995, -0.0032279053702950478, 0.02809460647404194, -0.04383191093802452, 0.012776421383023262, 0.021550916135311127, 0.013188782148063183, -0.009464015252888203, -0.023930439725518227, -0.006114430259913206, 0.012661500833928585, -0.02210523560643196, -0.004295987077057362, -0.020347634330391884, 0.00740897236391902, -0.01986091211438179, 0.02852724678814411, -0.006459190510213375, -0.005093668587505817, -0.001882663113065064, -0.015480425208806992, -0.0023524838034063578, 0.0001728027855278924, -0.020915474742650986, 0.029068047180771828, -0.0006455810507759452, 0.0017474628984928131, -0.0009776665829122066, -0.02314627729356289, 0.0032566352747380733, -0.002653304487466812, -0.0098020164296031, -0.008815054781734943, 0.018157390877604485, 0.007104771677404642, -0.007429252378642559, 0.00793625321239233, -0.003829546272754669, -0.005049728322774172, -0.016994668170809746, 0.02563396282494068, 0.009376135654747486, -0.01523706503212452, 0.028878767043352127, -0.009098974987864494, -0.008422973565757275, -0.013148222118616104, 0.010045376606285572, -0.04053302854299545, -0.025593401864171028, 0.009957496076822281, -0.04404823109507561, 0.0019671632908284664, 0.006489610765129328, -0.006452430505305529, 0.004475127439945936, -0.010653777979314327, -0.019144350662827492, -0.014168983325362206, 0.00684451125562191, -0.010302256792783737, -0.02018539421260357, 0.004025586415082216, -0.005955569911748171, 0.013553822413086891, 0.0019451931584626436, 0.0024792340118438005, 0.005181548651307821, 0.005915009882301092, 0.01811682991683483, -0.017197469249367714, 0.017400268465280533, 0.010281977243721485, 0.019847393035888672, -0.0028223046101629734, -0.010167056694626808, 0.022524356842041016, 0.017900509759783745, 0.018400751054286957, 0.018022188916802406, -0.0002160034782718867, -0.02101011388003826, 0.014534023590385914, -0.016102345660328865, 0.0014728374080732465, -0.03812646120786667, -0.009633015841245651, -0.021415716037154198, 0.028365006670355797, 0.014223063364624977, 0.007949773222208023, -0.0062056900933384895, 0.005992749705910683, -0.014358263462781906, 0.01618346758186817, 0.039748866111040115, 0.006418630480766296, -0.0015826876042410731, -0.008984054438769817, 0.0018978731241077185, -0.011336538940668106, -0.00512746861204505, -0.002815544605255127, -0.005803469568490982, 0.00890293437987566, 0.00849057361483574, 0.027797166258096695, 0.036287739872932434, 0.029013967141509056, 0.003058905014768243, -0.012391100637614727, 0.026647964492440224, -0.004083046689629555, -0.011025577783584595, 0.004086426924914122, 0.016548506915569305, 0.03999222442507744, -0.02378171868622303, 0.021185874938964844, -0.0005391109152697027, 0.0223621167242527, 0.015074824914336205, 0.02410619892179966, -0.008929974399507046, 0.03163685277104378, 0.018738750368356705, 0.015710266306996346, -0.020807314664125443, -0.0004579907690640539, 0.016467386856675148, -0.027472686022520065, -0.013898583129048347, -0.026512764394283295, -0.005137608386576176, 0.020104272291064262, -0.007091251667588949, -0.0021716535557061434, 0.034611258655786514, 0.04093862697482109, 0.03236693516373634, 0.013702542521059513, 0.032177653163671494, -0.0008492263732478023, 0.00707097165286541, 0.015656186267733574, -0.010552377440035343, 0.0061448500491678715, -0.009599216282367706, 0.009633015841245651, -0.0026769645046442747, -0.03123125061392784, -0.021388676017522812, 0.0019722331780940294, -0.018360190093517303, 0.042912550270557404, -0.010045376606285572, -0.03136645257472992, -0.003344515571370721, -0.010329296812415123, -0.0006447360501624644, -0.021510355174541473, -0.025241881608963013, 0.015385785140097141, 0.022659556940197945, 0.022267477586865425, -0.02809460647404194, -0.009950736537575722, 0.00750361243262887, -0.023605959489941597, -0.022253956645727158, -0.006648471113294363, 0.032745495438575745, 0.011167538352310658, 0.014060823246836662, -0.029933329671621323, 0.008686614222824574, 0.01587250642478466, 0.002702314406633377, 0.02744564600288868, -0.0006358635728247464, -0.0017863329267129302, 0.005323508754372597, -0.007990333251655102, -0.010072416625916958, 0.016494426876306534, -0.0023000938817858696, 0.007767252624034882, 0.002325443783774972, -0.013357781805098057, -0.004951708018779755, -0.01890099048614502, -0.022524356842041016, -0.02416027896106243, 0.0007178286905400455, 0.0034847857896238565, 0.0013207371812313795, -0.027202283963561058, -0.0024437441024929285, 0.05297144874930382, 0.013114421628415585, 0.001478752470575273, -0.02809460647404194, -0.01054561696946621, 0.009227415546774864, 0.058514658361673355, -0.007483332417905331, -0.0033293054439127445, 0.015899546444416046, -0.0008340163622051477, 0.02172667533159256, -0.007665852550417185, -0.05410712957382202, 0.000780781265348196, -0.028878767043352127, -0.0058710696175694466, 0.010275216773152351, 0.022781237959861755, 0.009112494997680187, 0.010045376606285572, 0.0036301258951425552, 0.010417177341878414, -0.01819794997572899, -0.020672114565968513, 0.008686614222824574, -0.017886988818645477, 0.03574693948030472, -0.01671074703335762, 0.012140979990363121, -0.006033309735357761, 0.05651369318366051, 0.015155944973230362, 0.021131794899702072, -0.007814573124051094, -0.027743086218833923, -0.023159798234701157, 0.007767252624034882, 0.020780274644494057, -0.0025823242031037807, -0.00467792758718133, 0.0469144769012928, 0.012458700686693192, 0.027716046199202538, 0.01217478048056364, 0.0035253458190709352, -0.000728391227312386, 0.05221432447433472, 0.01272910088300705, -0.023159798234701157, -0.005982609931379557, -0.03147461265325546, 0.005053108558058739, 0.010457737371325493, -0.01182325929403305, -0.006780290976166725, 0.03528725728392601, -0.0119178993627429, -0.0047556678764522076, -0.023619478568434715, 0.003133265068754554, 0.01677834801375866, -0.03131237253546715, 0.00206518336199224, 0.003464505774900317, -0.017251549288630486, -0.005955569911748171, -0.011897619813680649, 0.0037146261893212795, -0.02660740353167057, -0.008057933300733566, -0.03896470367908478, -0.021172355860471725, -0.02242971770465374, -0.018238510936498642, 0.007246731780469418, -0.00867309421300888, -0.019712192937731743, -0.050808243453502655, 0.004968608263880014, -0.00250796414911747, 0.013080621138215065, 0.010829538106918335, -0.019847393035888672, -0.0247416403144598, 0.017914028838276863, -0.008686614222824574, -0.038775425404310226, 0.0188874714076519, -0.005012548062950373, -0.025079641491174698, -0.015182984992861748, 0.004775947891175747, -0.009200375527143478, -0.030122609809041023, 0.00803765282034874, 0.0340704545378685, 0.018035709857940674, -0.0066653708927333355, -0.023497799411416054, 0.015088344924151897, -0.012100419960916042, 0.001543817576020956, 0.010423936881124973, -0.006029929965734482, -0.010694338008761406, 0.0223621167242527, -0.021131794899702072, -0.020401714369654655, -0.018360190093517303, -0.0036571661476045847, 0.013898583129048347, 0.008835334330797195, -0.004204726777970791, -0.027013003826141357, -0.009829056449234486, 0.012735861353576183, -0.011924659833312035, -0.0034273257479071617, -0.0021564436610788107, 0.007138571701943874, 0.016115866601467133, -0.02551228180527687, 0.022835317999124527, 0.02153739519417286, 0.004698207601904869, -0.012837260961532593, -0.06754603236913681, 0.009930456057190895, 0.026661483570933342, -0.012188300490379333, 0.024782201275229454, 0.008524374105036259, -0.029744049534201622, -0.018846910446882248, 0.010518576949834824, -0.0036537861451506615, 0.01684594713151455, -0.008193133398890495, -0.03599029779434204, -0.054026007652282715, -0.0043534473516047, 0.005184928420931101, 0.0005496733938343823, -0.02094251476228237, -0.019549952819943428, -0.008869134820997715, -0.010525337420403957, -0.012147740460932255, -0.010532096959650517, -0.02537708170711994, -0.03934326395392418, 0.015656186267733574, 0.020482834428548813, 0.0236465185880661, 0.01883339136838913, -0.0009387965546920896, -0.012222100049257278, -0.013290181756019592, -0.008091733790934086, -0.017183948308229446, -0.05927177891135216, -0.03282661363482475, -0.0008635914418846369, 0.008024132810533047, 0.019306592643260956, 0.03501685708761215, 0.02410619892179966, -0.00610767025500536, -0.005134228616952896, -0.011681299656629562, -0.0022544637322425842, -0.026945404708385468, -0.012026059441268444, -0.0553780123591423, 0.004549487493932247, 0.016169946640729904, 0.007354892324656248, 0.018279070034623146, -0.0018775931093841791, -0.003812646260485053, 0.0032718454021960497, -0.0028172347228974104, -0.007760492619127035, -0.018279070034623146, -0.030095569789409637, 0.013249621726572514, -0.007888932712376118, -0.02640460431575775, -0.0245523601770401, -0.007084491662681103, -0.0018252029549330473, -0.03182613104581833, -0.0013621422694996, 0.016872987151145935, -0.009369375184178352, 0.017440829426050186, 0.00157930760178715, 0.017576029524207115, -0.007334612309932709, 0.005478988867253065, -0.022578436881303787, -0.027405085042119026, 0.0071115316823124886, -0.011471739038825035, 0.015845466405153275, -0.0032126952428370714, 0.009551895782351494, -0.006212450098246336, 0.013574101962149143, -0.01404730323702097, 0.004191206768155098, 0.004306127317249775, -0.029257329180836678, 0.011241898871958256, -0.03380005434155464, -0.00478946790099144, -0.020550433546304703, -0.013067101128399372, -0.017711229622364044, 0.010417177341878414, -1.3394592315307818e-05, -0.02301107719540596, 0.025106681510806084, -6.686073174932972e-05, -0.009227415546774864, -0.0019671632908284664, -0.003175515215843916, 0.012235620059072971, 0.016616107895970345, 0.023376118391752243, 0.035206139087677, 0.0027563944458961487, -0.011383858509361744, -0.003643645904958248, 0.0022848837543278933, 0.0018860431155189872, -0.0015159324975684285, 0.014101383276283741, -0.008700134232640266, -0.03079861029982567, 0.03266437351703644, 0.02249731682240963, -0.024309000000357628, -0.03363781422376633, -0.008287773467600346, 0.009234175086021423, -0.005722349509596825, 2.4260782538476633e-07, -0.0055499691516160965, -0.006154990289360285, 0.02520132251083851, -0.017075788229703903, -0.00016752153169363737, -0.01400674320757389, -0.010829538106918335, -0.007145331706851721, 0.023186838254332542, -0.0018488630885258317, 0.034989818930625916, -0.002697244519367814, -0.0077064125798642635, -0.005418148823082447, -0.0007997938082553446, -0.024119719862937927, 0.014209543354809284, 0.000910911476239562, 0.021415716037154198, -0.02852724678814411, -0.005397868808358908, -0.006425390485674143, -0.005462089087814093, -0.005178168416023254, 4.720125161838951e-06, 0.01690002717077732, 0.02518780156970024, 0.009186855517327785, 0.0028561046347022057, -0.01852243021130562, -0.0013883373467251658, 0.028040526434779167, 0.003222835250198841, -0.03179909288883209, -0.014966664835810661, 0.0019147731363773346, -0.0006992386770434678, 0.012451940216124058, 0.0023186837788671255, 0.01372282300144434, 0.013614662922918797, 0.009281495586037636, -0.002093913499265909, 0.00041045944090001285, 0.009687095880508423, 0.005495889112353325, -0.02777012623846531, -0.028040526434779167, -0.0161293875426054, -0.018076268956065178, 0.02782420627772808, 0.00880829431116581, 0.012945421040058136, 0.015764346346259117, 0.026702044531702995, -0.016372747719287872, -0.004630607552826405, -0.011559618636965752, 0.015318185091018677, -0.02699948474764824, -0.007212931755930185, 0.01162721961736679, -0.020280033349990845, 0.020482834428548813, -0.012059859931468964, -0.014317703433334827, 0.015318185091018677, -0.004005306400358677, 0.010099456645548344, -0.012702060863375664, -0.018157390877604485, 0.01423658337444067, 0.016791867092251778, 0.02075323462486267, -0.04234471172094345, -0.011228378862142563, 0.0012032820377498865, -0.007740212604403496, 0.012965701520442963, 0.006621431093662977, 0.0007917663315311074, 0.04037078842520714, 0.0035456258337944746, 0.023173317313194275, 0.0205098744481802, -0.033205173909664154, -0.016021225601434708, -0.008977294899523258, -0.022389156743884087, -0.019374191761016846, -0.018170909956097603, -0.023619478568434715, -0.0012075069826096296, 0.0006713535985909402, -0.00490100821480155, -0.01519650500267744, 0.013134702108800411, -0.00017882342217490077, -0.0007613462512381375, -0.04304775223135948, 0.006594391074031591, -0.02706708386540413, -0.011343298479914665, -0.016413306817412376, -0.016562027856707573, -0.013858023099601269, -0.02936548925936222, -0.013472702354192734, 0.009930456057190895, 0.00944373570382595, 0.0012311669997870922, -0.017170429229736328, -0.018103308975696564, -0.03772086277604103, 0.0061211902648210526, 0.00403572665527463, 0.010464496910572052, 0.022186357527971268, -0.04372375085949898, -0.015777865424752235, 0.03585509955883026, -0.01742730848491192, 0.007956532761454582, -0.001913083135150373, -0.03285365551710129, 0.008199893869459629, 0.004417667165398598, 0.0174137894064188, 0.004606947768479586, -0.006361170671880245, -0.030501170083880424, -0.006776911206543446, 0.019441792741417885, 0.0014060823014006019, 0.020361153408885002, 0.008233693428337574, 0.0029997548554092646, -0.003361415583640337, -0.018346671015024185, 0.010052136145532131, 0.006023169960826635, 0.002046593464910984, 0.002957504941150546, 0.0071250516921281815, 0.0065403105691075325, 0.0013351022498682141, -0.020658593624830246, -0.017305629327893257, 0.010910658165812492, 0.016562027856707573, 0.01773826964199543, -0.02653980441391468, -0.012985981069505215, 0.0036977261770516634, -0.020672114565968513, 0.011471739038825035, -0.021686116233468056, 0.0030082049779593945, 0.0018099929438903928, -0.009680336341261864, -0.006489610765129328, -0.033908214420080185, 0.05602697283029556, -0.011681299656629562, -0.008977294899523258, 0.019820353016257286, -0.007638812530785799, -0.007172371726483107, 0.006830991245806217, 0.014182503335177898, -0.03196133300662041, -0.0077807726338505745, -0.008409453555941582, 0.029041007161140442, -0.022159315645694733, 0.02691836468875408, -0.0069763315841555595, -0.014182503335177898, 0.00957893580198288, 0.01249926071614027, -0.0035591458436101675, 0.0037146261893212795, 0.014588103629648685, 0.0064558107405900955, -0.027675485238432884, 0.01618346758186817, -0.005691929254680872, 0.012343780137598515, -0.007828093133866787, 0.00403234688565135, 0.019833872094750404, 0.002423464087769389, 0.008470294065773487, 0.2137245088815689, 0.011688059195876122, -0.017968108877539635, 0.022835317999124527, 0.008760974742472172, 0.005786569323390722, -0.017183948308229446, -0.008044413290917873, -0.0014297423185780644, 0.0096127362921834, -0.005438428837805986, 0.001214266987517476, -0.012093659490346909, -4.840273686568253e-05, -0.025593401864171028, 0.020983073860406876, -0.03196133300662041, -0.02841908670961857, -0.00565812923014164, -0.009105735458433628, 0.008781254291534424, 0.003724766196683049, -0.019752752035856247, -0.0005234783748164773, 0.01967163197696209, -0.0007693737861700356, -0.005702069494873285, -0.014520503580570221, 0.017170429229736328, 0.017386749386787415, -0.013161742128431797, -0.006908731535077095, 0.023497799411416054, 0.01852243021130562, 0.01166777964681387, 0.00370448618195951, 0.006131330039352179, -0.03818054124712944, 0.028067566454410553, 0.017846429720520973, -0.02063155360519886, -0.014980184845626354, 0.004603567533195019, -0.005522929131984711, -0.01587250642478466, 0.014669224619865417, -6.41144797555171e-05, -0.013040061108767986, 0.0004871432902291417, 0.037693820893764496, -0.0023457237984985113, 0.007949773222208023, 0.031204210594296455, 0.029798129573464394, 0.011221618391573429, -0.024985000491142273, -0.0018032329389825463, -0.017048748210072517, -0.025999002158641815, 0.0008957014651969075, -0.019617551937699318, 0.020550433546304703, -0.0062192101031541824, 0.006624810863286257, -0.006351030431687832, 0.01625106669962406, -0.018873950466513634, 0.0014804424718022346, 0.0183196309953928, -0.004492027219384909, 0.00114497693721205, -0.008044413290917873, 0.021429235115647316, 0.0017812629230320454, -0.024336040019989014, -0.014033783227205276, 0.004421047400683165, 0.009984536096453667, 0.04588695615530014, 0.00826073344796896, 0.014277143403887749, -0.0005179858417250216, -0.01614290662109852, -0.04369671270251274, -0.01076193805783987, -0.03244805335998535, 0.0004909458220936358, 0.010809257626533508, 0.027540285140275955, -0.015493945218622684, -0.013263141736388206, -0.00945049524307251, -0.010207616724073887, 0.004752287641167641, -0.004113466944545507, 0.019238991662859917, 0.004177686758339405, 0.039370305836200714, 0.007402212359011173, 0.016169946640729904, -0.003613225882872939, -0.012154500000178814, -0.004454847425222397, 0.00029913047910667956, 0.022646037861704826, 0.004617087543010712, -0.0238357987254858, -0.020482834428548813, 0.0027868147008121014, -0.00945049524307251, 0.013574101962149143, -0.03182613104581833, 0.010058896616101265, -0.01844131015241146, -0.003569285850971937, 0.01819794997572899, 0.007679372560232878, -0.004775947891175747, -0.015034264884889126, 0.01085657812654972, 0.03836982324719429, -0.017711229622364044, 0.004437947180122137, -0.002458953997120261, -0.008247213438153267, 0.015858985483646393, 0.00861225463449955, 0.013966183178126812, -0.01561562530696392, -0.04318295046687126, 0.027878286316990852, -0.011938179843127728, 0.0005631934036500752, -0.010998537763953209, -0.016737787052989006, 0.0007613462512381375, 0.014574583619832993, 0.006847891490906477, 0.0006354410434141755, 0.007915972732007504, -0.03404341638088226, 0.005837269593030214, -0.02557988278567791, 0.007334612309932709, 0.003565905848518014, -0.02443068102002144, 0.006499750539660454, 0.002078703371807933, -0.024768680334091187, -0.0036470259074121714, -0.025931403040885925, 0.003721386194229126, -0.002957504941150546, 0.0031501653138548136, 0.01677834801375866, -0.020131312310695648, -0.025606922805309296, -0.03977590426802635, -0.007327852305024862, 0.021415716037154198, -0.028878767043352127, -0.018292590975761414, 0.019076751545071602, -0.016440346837043762, -0.009977776557207108, -0.026593884453177452, -0.17273180186748505, 0.02931140922009945, 0.009382895193994045, -0.025174280628561974, 0.024768680334091187, 0.010268457233905792, 0.016724267974495888, 0.0006586785893887281, -0.03866726532578468, 0.00672959117218852, 0.004542727489024401, 0.002120953518897295, -0.018170909956097603, -0.015182984992861748, -0.008186373859643936, -0.011546098627150059, -0.014520503580570221, 0.01946883276104927, 0.02841908670961857, 0.008916454389691353, 0.048618000000715256, 0.0026042943354696035, 0.023700598627328873, -0.0020854633767157793, 0.0117286192253232, 0.006881691515445709, -0.02686428464949131, 0.011383858509361744, -0.0176030695438385, -0.006067110225558281, -0.022416196763515472, -0.014547543600201607, 0.029392529278993607, -0.0018708331044763327, -0.0161293875426054, 0.015507465228438377, -0.018982110545039177, -0.011755659244954586, 0.0192254725843668, 0.010836297646164894, 0.012093659490346909, 0.03123125061392784, -0.00030293301097117364, 0.002568804193288088, -0.005232248455286026, 0.014547543600201607, 0.0472930371761322, 0.021064193919301033, 0.006780290976166725, -0.006212450098246336, 0.014993704855442047, -0.01902267150580883, 0.0021750335581600666, -0.005742629524320364, 0.026364043354988098, 0.017454348504543304, 0.011039097793400288, 0.04494055360555649, -0.00944373570382595, 0.007659092545509338, -0.010660537518560886, -0.01619698666036129, 0.020590994507074356, -0.0022595336195081472, -0.013323982246220112, 0.008078213781118393, -0.013803943060338497, 0.013107662089169025, -0.027594365179538727, 0.016886508092284203, -0.005404628813266754, -0.0014601624570786953, 0.015372265130281448, 0.0028054045978933573, 0.00021927786292508245, 0.0115393390879035, -0.01414194330573082, -0.008950254879891872, -0.017494909465312958, -0.015899546444416046, -0.017630109563469887, 0.021415716037154198, -0.008551414124667645, 0.032231733202934265, -0.00695605156943202, 0.0186981912702322, 0.0043095070868730545, -0.0096127362921834, -0.004637367557734251, -0.012931901030242443, 0.0413983091711998, -0.024241400882601738, -0.0033681755885481834, -0.010268457233905792, 0.037829022854566574, 0.0032245253678411245, -0.026593884453177452, -0.005046348553150892, -0.012451940216124058, 0.003248185385018587, -0.004005306400358677, -0.030122609809041023, -0.01391210313886404, 0.008470294065773487, 0.04512983560562134, -0.006239490117877722, 0.006229350343346596, 0.007584732491523027, 0.022132275626063347, -0.001401012297719717, 0.011593419127166271, 0.02679668366909027, 0.001049491693265736, 0.03599029779434204, 0.004363587126135826, 0.01638626679778099, 0.009436975233256817, 0.0021361634135246277, 0.031258292496204376, -0.009910176508128643, 0.05002408102154732, -0.009301775135099888, -0.03439493849873543, -0.0006641711224801838, -0.01999611221253872, 0.0009658365743234754, -0.09036783128976822, -0.03212357312440872, 0.017251549288630486, -0.0035929458681493998, -0.019874433055520058, 0.009078695438802242, 0.017535468563437462, 0.018617071211338043, -0.023105718195438385, 0.009971016086637974, -0.0010596317006275058, -0.014196023344993591, -0.01921195164322853, -0.0007951463339850307, 0.01683242805302143, -0.02610716223716736, -0.019428271800279617, 0.017521949484944344, 0.008328333497047424, 0.018035709857940674, -0.02133459597826004, -0.035125017166137695, 0.011836779303848743, 0.004985508043318987, -0.0130130210891366, -0.005266048479825258, -0.019698671996593475, 0.024633480235934258, 0.03361077606678009, 0.010288736782968044, 0.0038971463218331337, -0.021632036194205284, 0.004664407577365637, -0.04115494713187218, -0.033124055713415146, 0.00740897236391902, -0.02718876488506794, -0.022902917116880417, 0.02795940637588501, -0.033773016184568405, 0.02261899784207344, -0.01575082540512085, -0.006080630235373974, 0.0008399313664995134, -0.01645386777818203, -0.004194587003439665, 0.002523174276575446, 0.024701081216335297, 0.0013367922510951757, -0.01034957729279995, -0.011721859686076641, -0.013770142570137978, 0.005418148823082447, -0.004022206645458937, 0.0586228184401989, 0.008335093967616558, 0.005370828788727522, 0.017562508583068848, -0.012391100637614727, -0.02718876488506794, 0.013114421628415585, -0.021415716037154198, -0.02044227346777916, 0.03590917959809303, -0.003173825331032276, 0.021307555958628654, -0.01813034899532795, -0.010288736782968044, 0.029933329671621323, -0.013080621138215065, -0.016440346837043762, -0.009180095046758652, -0.01066729798913002, -0.012066619470715523, -0.03455717861652374, -0.008625774644315243, -0.0091598154976964, -0.036666300147771835, 0.016115866601467133, -0.010924178175628185, -0.004116846714168787, -0.01519650500267744, -0.020523393526673317, -0.010910658165812492, 0.017589548602700233, -0.007084491662681103, 0.01359438244253397, 0.0032988854218274355, 0.017373228445649147, -0.009071934968233109, 0.005789949558675289, 0.004711727611720562, 0.01491258479654789, -0.04626551643013954, 0.003778846235945821, 0.004715107847005129, 0.003964746370911598, -0.028446126729249954, 0.015304665081202984, -0.002719214418902993, -0.022078195586800575, -0.012134220451116562, -0.04304775223135948, 0.02955476939678192, 0.026201803237199783, -0.01903619058430195, 0.00641187047585845, 0.02268659695982933, 0.025295961648225784, -0.008794774301350117, -0.019509391859173775, -0.007983572781085968, -0.0018353430787101388, 0.05218728631734848, -0.014642184600234032, -0.024119719862937927, -0.017494909465312958, -0.009518095292150974, 0.032880693674087524, 0.011126978322863579, 0.03350261598825455, 0.00652341078966856, -0.01698114722967148, -0.016697227954864502, 0.007206171751022339, 0.025336522608995438, -0.0077199325896799564, 0.03363781422376633, -0.002594154328107834, 0.02628292329609394, -0.024822760373353958, -0.00294060492888093, 0.018941551446914673, -0.027932366356253624, 0.00848381407558918, 0.018346671015024185, 0.004522447474300861, 0.0034509857650846243, 0.0008221863536164165, 0.04234471172094345, 0.02063155360519886, 0.000802328810095787, -0.00663495110347867, -0.0318802110850811, -0.003579425858333707, -0.027675485238432884, 0.008348613977432251, 0.027486205101013184, -0.009038134478032589, 0.030960850417613983, 0.02171315625309944, -0.014412343502044678, 0.046049196273088455, 0.022902917116880417, -0.0025468342937529087, -0.012979221530258656, -0.012661500833928585, -0.035828057676553726, 0.013425381854176521, 0.004295987077057362, -0.001596207614056766, -0.01754898950457573, 0.03842390328645706, 0.01927955262362957, 0.02005019225180149, -0.014250103384256363, 0.010011576116085052, 0.01588602550327778, 0.005070008337497711, 0.005570249166339636, 0.011248658411204815, -0.009423455223441124, -0.0029253948014229536, 0.0012590520782396197, -0.002533314283937216, 0.008788014762103558, 0.007692892570048571, 0.005969089921563864, -0.016372747719287872, 0.002768224570900202, -0.012999501079320908, 0.025566361844539642, -0.004252046812325716, -0.03488165885210037, -0.02686428464949131, -0.010363097302615643, 0.0330158956348896, -0.01575082540512085, 0.011492018587887287, 0.0016401477623730898, -0.0022798138670623302, 0.0161293875426054, -0.05992073938250542, -0.005120708607137203, -0.0006012184894643724, 0.004796227905899286, 0.0020398334600031376, 0.012127459980547428, 0.022794757038354874, -0.002029693452641368, 0.027040043845772743, 0.007422492373734713, 0.007294051814824343, 0.009531615301966667, -0.01864411123096943, -0.008875894360244274, -0.015304665081202984, 0.0256474819034338, -0.018279070034623146, -0.03177205100655556, -0.027607886120676994, 0.03142053261399269, 0.004799608141183853, 0.002746254438534379, 0.004194587003439665, 0.01003185659646988, 0.02101011388003826, 0.006607911083847284, 0.0020026532001793385, -0.008564934134483337, -0.012526300735771656, 0.04204726964235306, -0.0027563944458961487, -0.010464496910572052, 0.016629626974463463, 0.003418875625357032, -0.005053108558058739, -0.039235103875398636, 0.0007740212604403496, -0.010396896861493587, 0.014736824668943882, -0.0008606339106336236, -0.002004343317821622, -0.004116846714168787, -0.018279070034623146, -0.026566844433546066, 0.0006764236022718251, -0.01012649666517973, 0.017386749386787415, 0.016426827758550644, -0.0017812629230320454, 0.07792940735816956, 0.0023845939431339502, 0.009011094458401203, 0.010342816822230816, 0.005296468734741211, 0.0206991545855999, 0.009916936047375202, 0.009335575625300407, -0.004164166748523712, -0.017129868268966675, -0.0016494427109137177, -0.02441716007888317, 0.023998038843274117, -0.02205115556716919, -0.026580363512039185, 0.011843539774417877, -0.0019418131560087204, 0.019942032173275948, -0.008977294899523258, -0.006878311280161142, 0.01500722486525774, -0.01606178656220436, -0.011066137813031673, 0.005806849803775549, -0.0006967036752030253, -0.003751806216314435, 0.0291221272200346, -0.009436975233256817, -0.009754695929586887, -0.015304665081202984, -0.011241898871958256, 0.01671074703335762, -0.007456292398273945, -0.020225953310728073, 0.016345707699656487, -0.028229806572198868, -0.009599216282367706, 0.0002359666395932436, 0.003873486304655671, -6.337510421872139e-05, 0.0208884347230196, 0.011532578617334366, -0.008382413536310196, -0.006246250122785568, -0.0021530636586248875, -0.023889878764748573, -0.003521965816617012, 0.008551414124667645, -0.014939624816179276]"
7213,"Store --wiredTigerCacheSizeGB to mongod.conf by docker-composer<p>I created docker-compose.yml to create mongo container:</p>

<pre><code>version: '3'
services :
  mongo:
    image: mongo:4.2.0
    command: mongod --wiredTigerCacheSizeGB 1.5
    volumes:
      - d:/datadir/mongo:/data/configdb
    ports:
      - ""27018:27017""
</code></pre>

<p>I limited wireTigerCach. But after <code>up</code> when i entered to <code>etc/</code> directory inside container, i can not find mongo.config file?</p>

<pre><code>root@038321c42774:/# ls -a /etc/
.             apt                     debconf.conf    fstab     gss        issue         ldap           logrotate.d       networks       passwd     rc2.d  resolv.conf  shadow-  sysctl.conf
..            bash.bashrc             debian_version  gai.conf  host.conf  issue.net     legal          lsb-release       nsswitch.conf  passwd-    rc3.d  rmt          shells   sysctl.d
.pwd.lock     bindresvport.blacklist  default         group     hostname   kernel        libaudit.conf  machine-id        opt            profile    rc4.d  securetty    skel     systemd
X11           ca-certificates         deluser.conf    group-    hosts      ld.so.cache   localtime      mke2fs.conf       os-release     profile.d  rc5.d  security     ssl      terminfo
adduser.conf  ca-certificates.conf    dpkg            gshadow   init.d     ld.so.conf    logcheck       mongod.conf.orig  pam.conf       rc0.d      rc6.d  selinux      subgid   timezone
alternatives  cron.daily              environment     gshadow-  inputrc    ld.so.conf.d  login.defs     mtab              pam.d          rc1.d      rcS.d  shadow       subuid   update-motd.d
root@038321c42774:/# 
</code></pre>

<p>There is <code>mongod.conf.orig</code> but where is <code>mongod.conf</code> and where stored <code>--wiredTigerCacheSizeGB 1.5</code> ?                                                                                                                                                          </p>
","You should ask a specific question, and describe what you tried, what you expect to happen and what is actually happening. You are just asking people to write code for you, which is not what SO is for.","Embed Field: Store --wiredTigerCacheSizeGB to mongod.conf by docker-composer<p>I created docker-compose.yml to create mongo container:</p>

<pre><code>version: '3'
services :
  mongo:
    image: mongo:4.2.0
    command: mongod --wiredTigerCacheSizeGB 1.5
    volumes:
      - d:/datadir/mongo:/data/configdb
    ports:
      - ""27018:27017""
</code></pre>

<p>I limited wireTigerCach. But after <code>up</code> when i entered to <code>etc/</code> directory inside container, i can not find mongo.config file?</p>

<pre><code>root@038321c42774:/# ls -a /etc/
.             apt                     debconf.conf    fstab     gss        issue         ldap           logrotate.d       networks       passwd     rc2.d  resolv.conf  shadow-  sysctl.conf
..            bash.bashrc             debian_version  gai.conf  host.conf  issue.net     legal          lsb-release       nsswitch.conf  passwd-    rc3.d  rmt          shells   sysctl.d
.pwd.lock     bindresvport.blacklist  default         group     hostname   kernel        libaudit.conf  machine-id        opt            profile    rc4.d  securetty    skel     systemd
X11           ca-certificates         deluser.conf    group-    hosts      ld.so.cache   localtime      mke2fs.conf       os-release     profile.d  rc5.d  security     ssl      terminfo
adduser.conf  ca-certificates.conf    dpkg            gshadow   init.d     ld.so.conf    logcheck       mongod.conf.orig  pam.conf       rc0.d      rc6.d  selinux      subgid   timezone
alternatives  cron.daily              environment     gshadow-  inputrc    ld.so.conf.d  login.defs     mtab              pam.d          rc1.d      rcS.d  shadow       subuid   update-motd.d
root@038321c42774:/# 
</code></pre>

<p>There is <code>mongod.conf.orig</code> but where is <code>mongod.conf</code> and where stored <code>--wiredTigerCacheSizeGB 1.5</code> ?                                                                                                                                                          </p>; Answer: You should ask a specific question, and describe what you tried, what you expect to happen and what is actually happening. You are just asking people to write code for you, which is not what SO is for.","[-0.005756528582423925, 0.013709801249206066, 0.01531104277819395, -0.0408647358417511, -0.018487058579921722, 0.0025854753330349922, -0.007847405970096588, -0.025659561157226562, -0.017468087375164032, 0.0007906956016086042, 0.029060544446110725, 0.010222801007330418, 0.0005413287435658276, 0.01652851514518261, -0.005782995373010635, 0.007298219483345747, 0.010441151447594166, 0.013339266180992126, -0.002547429408878088, -0.013326033018529415, 0.008978861384093761, 0.012598196044564247, -0.008813443593680859, 0.012234277091920376, -0.030860286206007004, 0.0015317659126594663, 0.028981143608689308, -0.027366669848561287, -0.020247099921107292, 0.010308817960321903, 0.007973123341798782, 0.0027674345765262842, -0.037185851484537125, -0.027737203985452652, -0.017176952213048935, 0.005180875770747662, 0.021649841219186783, -0.02669176645576954, 0.014146503992378712, -0.030330950394272804, 0.009342779405415058, 0.0005123806768096983, 0.007258519530296326, -0.021319005638360977, -0.026943201199173927, 0.04173814132809639, -0.023952452465891838, -0.020128000527620316, -0.008780360221862793, 0.004998916294425726, 0.023780418559908867, -0.004234687890857458, -0.0350949726998806, 0.016660848632454872, -0.024150952696800232, -0.016012413427233696, 0.008012822829186916, 0.026453563943505287, -0.011202072724699974, 0.008006206713616848, 0.0009412255021743476, 0.0028551057912409306, -0.008813443593680859, -0.009435413405299187, -0.007503337226808071, -0.020300034433603287, -0.0005243734340183437, 0.015615411102771759, 0.0029708980582654476, -0.027843071147799492, 0.04819604009389877, 0.02964281477034092, 0.013895069248974323, 0.016991684213280678, 0.006629933137446642, -0.0028120973147451878, -0.02359515056014061, 0.02039266750216484, 0.005445543676614761, 0.008416442200541496, 0.012135026976466179, -0.018090056255459785, -0.004641614854335785, 0.008092223666608334, 0.0054819355718791485, 0.02943108044564724, 0.023846585303544998, 0.026321230456233025, 0.009408947080373764, 0.00977286510169506, 0.020525002852082253, 0.009567747823894024, 0.038588590919971466, 0.008151774294674397, 0.027737203985452652, -0.011698325164616108, -0.014265604317188263, 0.029907481744885445, -0.018513524904847145, -0.030754419043660164, -0.02327754907310009, 0.010064000263810158, -0.0005715174484066665, -0.020233867689967155, -0.018685558810830116, -0.022457078099250793, 0.04187047481536865, -0.019122261554002762, 0.008204707875847816, -0.023886285722255707, -0.030145682394504547, 0.027313735336065292, 0.006927684415131807, -0.00885976105928421, -0.02049853466451168, -0.014450871385633945, -0.0019304221495985985, -0.03800632059574127, -0.013564233668148518, -0.001379581866785884, 0.0018129756208509207, 0.0217292420566082, 0.03596837818622589, -0.016502048820257187, -0.01081168744713068, -0.011420423164963722, -0.02000889927148819, 0.016091812402009964, -0.010877854190766811, -0.03318936377763748, 0.05015458166599274, 0.019598664715886116, -0.01482140738517046, -0.001021452946588397, -0.003589559579268098, -0.01054701954126358, -0.027366669848561287, 0.0146626066416502, -0.013299565762281418, -0.01888406090438366, 0.009766248986124992, 0.04443775489926338, 0.011314556002616882, -0.0426909439265728, -0.022298278287053108, 0.016303548589348793, 0.008469375781714916, 0.02039266750216484, 0.0024382537230849266, -0.017256353050470352, 0.03935612738132477, -8.245027856901288e-05, -0.03715938329696655, -0.005382684990763664, -0.008581859059631824, 0.010930787771940231, -0.0007927633123472333, -0.0020726812072098255, 0.00184605922549963, 0.0022050151601433754, 0.012776846997439861, 0.023992152884602547, 0.006444665137678385, 0.0007381755276583135, 0.008945778012275696, 0.026916733011603355, 0.023846585303544998, -0.012690830044448376, -0.0066630165092647076, -0.015483076684176922, 0.009461880661547184, 0.013537767343223095, -0.02584482915699482, 0.026731466874480247, -0.00762243801727891, 0.03027801774442196, 0.0005032827029936016, 0.009891965426504612, -0.005905404221266508, -0.01128808967769146, -0.009614064358174801, 0.0034936172887682915, 0.007880489341914654, 0.05812108889222145, -0.013762734830379486, -0.0230261143296957, 0.0011347639374434948, -0.010930787771940231, 0.011857125908136368, -0.005323134828358889, 0.00848922599107027, 0.03607424721121788, -0.007112951949238777, 0.0034142169170081615, -0.6169940233230591, -0.00738423690199852, -0.01799742318689823, -0.022655580192804337, 0.002160352421924472, 0.018817894160747528, 0.00048053779755719006, 0.012426162138581276, -0.02257617935538292, 0.013987703248858452, -0.014318537898361683, 0.023330481722950935, 0.009528047405183315, -0.017415152862668037, -0.010361751541495323, -0.014596438966691494, -0.003668959951028228, -0.01716371811926365, -0.023356949910521507, 0.009322930127382278, -0.0028402183670550585, 0.008892844431102276, -0.016713783144950867, 0.014345004223287106, -0.013934769667685032, -0.030992621555924416, -0.0019023010972887278, -0.022695278748869896, 0.013881836086511612, 0.031839556992053986, -0.06150883808732033, 0.046078696846961975, 0.034300971776247025, 0.006696099881082773, 0.045443493872880936, 0.005101475398987532, -0.020577935501933098, -0.0007241150597110391, -0.0014093569479882717, 0.042320411652326584, 0.00042636357829906046, -0.017176952213048935, -0.008151774294674397, 0.0021686232648789883, -0.020683802664279938, 0.013643634505569935, 0.007602587807923555, -0.0021371939219534397, -0.003483692416921258, 0.0016591374296694994, 0.006940918043255806, 0.013471600599586964, -0.012194577604532242, 0.005660586524754763, 0.01097048819065094, -0.0015441722935065627, 0.014225903898477554, 0.008747276850044727, 0.01937369629740715, 0.020141232758760452, 0.015668343752622604, 0.032474759966135025, -0.01663438230752945, -0.0009147587115876377, -0.019929498434066772, 0.0016839500749483705, -0.014861106872558594, -0.023608384653925896, 0.03541257604956627, -0.004777256865054369, -0.008780360221862793, -0.00735777011141181, 0.0016028954414650798, -0.017203418537974358, -0.015985945239663124, 0.020458834245800972, 0.027975406497716904, -0.013531150296330452, -0.007973123341798782, 0.009455263614654541, 0.011420423164963722, -0.010606569238007069, 0.004092428833246231, -0.018447358161211014, -0.0009188941330648959, -0.026069795712828636, -0.014172970317304134, -0.009964749217033386, 0.0017567337490618229, 0.00187252601608634, 0.01799742318689823, 0.04647569730877876, 0.005561335943639278, -0.026982901617884636, 0.005839237477630377, 0.027684271335601807, -0.0005322307697497308, 0.0011463431874290109, 0.04573462903499603, -0.018129756674170494, -0.01659468188881874, -0.02450825460255146, -0.014437638223171234, 0.015655111521482468, 0.03136315569281578, 0.012962114065885544, -0.03284529596567154, 0.0011645391350612044, 0.02096170373260975, -0.013378966599702835, -0.004214837681502104, 0.011738024652004242, -0.0021024562884122133, 0.009025177918374538, 0.0002485397853888571, -0.030542684718966484, 0.012439395301043987, 0.02007506601512432, -0.006355340126901865, -0.005290051456540823, 0.018129756674170494, 0.021782174706459045, 0.01779892109334469, -0.007251902483403683, 0.020842604339122772, 0.008581859059631824, 0.018169457092881203, 0.01744161918759346, -0.008131924085319042, -0.004383563529700041, 0.0009900237200781703, -0.007371003273874521, 0.027234334498643875, -0.04022953286767006, 0.014464105479419231, 0.004125512205064297, 0.026493264362215996, -0.005184184294193983, 0.008628176525235176, -0.006692791823297739, -0.018579691648483276, 0.010553635656833649, 0.014239137060940266, -0.013934769667685032, -0.006305714603513479, -0.00975963193923235, -0.033559899777173996, -0.010824920609593391, -0.021292539313435555, -0.008641409687697887, -0.013213548809289932, -0.010580102913081646, -0.008945778012275696, 0.008575242944061756, 0.008462758734822273, -0.0002632205723784864, -0.007450403645634651, -0.03422157093882561, 0.01471554022282362, -0.02520962618291378, -0.016554981470108032, 0.03165429085493088, -0.044887688010931015, 0.02890174277126789, 0.005399226676672697, 0.00864802673459053, -0.012452628463506699, 0.004386871587485075, -0.017256353050470352, -0.01818269118666649, -0.00040155096212401986, -0.03104555420577526, 0.011969609186053276, 0.005253659561276436, 0.010480851866304874, -0.02168954163789749, -0.013498066924512386, -0.005577877629548311, -0.004314088262617588, -0.011526290327310562, 0.014794940128922462, 0.02429652027785778, -0.01339881680905819, -0.026599131524562836, 0.04165874049067497, -0.001463117660023272, 0.010487468913197517, 0.025831595063209534, -0.031945426017045975, 0.021888041868805885, 0.011870359070599079, -0.0016781603917479515, 0.006312331184744835, -0.023714251816272736, 0.0003388990880921483, 0.02007506601512432, 0.02145133912563324, 0.014345004223287106, 0.0022149402648210526, 0.010944020934402943, 0.011625541374087334, 0.01568157784640789, 0.0074173202738165855, -0.010712436400353909, 0.01691228337585926, -0.009375863708555698, -0.011400572955608368, -0.003860844299197197, 0.005521635990589857, -0.001027242629788816, -0.006524065975099802, -0.02138517238199711, -0.0010197988012805581, 0.008654642850160599, -0.0029576646629720926, 0.024005385115742683, 0.0014713886193931103, 0.010871237143874168, -0.01346498355269432, 0.020511768758296967, -0.004075887147337198, 0.0005094858934171498, 0.001821246580220759, 0.0003438616113271564, 0.0011033345945179462, 0.02964281477034092, 0.01888406090438366, 0.016396181657910347, 0.0017931255279108882, -0.019783930853009224, -0.016793183982372284, 0.024600889533758163, 0.0029725523199886084, 0.013114298693835735, 0.04861950874328613, -0.010500702075660229, 0.03207775950431824, -0.01540367677807808, 0.008370124734938145, -0.022073309868574142, 0.011479973793029785, 0.016872582957148552, 0.03178662434220314, -0.04097060486674309, 0.03795338794589043, 0.027088768780231476, 0.009633914567530155, 0.012611429207026958, -0.027207868173718452, 0.024217121303081512, -0.0025408125948160887, -0.001586353755556047, -0.008370124734938145, -0.004330629948526621, 0.0019155344925820827, -0.006530682556331158, 0.02158367447555065, -0.0011281472397968173, 0.006636549718677998, 0.017560720443725586, 0.0189899280667305, -0.0075959712266922, 0.005462085362523794, -0.017203418537974358, 0.004317396320402622, -0.023515749722719193, -0.010613186284899712, -0.002236444503068924, 0.01531104277819395, -0.006461207289248705, -0.005376068409532309, -0.006196538917720318, 0.025368425995111465, -0.037424053996801376, 0.003210753435268998, 0.010216183960437775, -0.0026748008094727993, 0.025222858414053917, 0.002484570723026991, 0.0159594789147377, 0.005558027420192957, -0.020485302433371544, 0.0240847859531641, -0.010858003981411457, 0.013233399018645287, 0.02478615567088127, -0.02098817192018032, 0.014914040453732014, 0.00527350977063179, 0.027313735336065292, 0.011519674211740494, 0.024600889533758163, 0.004942674655467272, -0.008687726221978664, -0.02342311665415764, -0.0043372465297579765, 0.020789669826626778, -0.03006628341972828, 0.0268240999430418, 0.026837334036827087, -0.0004317396378610283, 0.0227879136800766, -0.02876940928399563, 0.009700081311166286, 0.031521957367658615, -0.0002303438523085788, -0.02412448637187481, -0.021266072988510132, 0.023052580654621124, -0.002082606079056859, -0.008661259897053242, -0.015218408778309822, -0.0004247094038873911, -0.008548775687813759, -0.01578744500875473, -0.004684623330831528, -0.03400983661413193, 0.0026963050477206707, 0.02845180779695511, 0.010679353028535843, -0.014000936411321163, -0.04475535452365875, -0.028425341472029686, 0.018301790580153465, 0.023462817072868347, 0.008323808200657368, -0.0022976489271968603, -0.00019539940694812685, 0.003936936147511005, -7.268031185958534e-05, -0.009673614986240864, -0.03218362480401993, -0.0012704062974080443, -0.006371881812810898, -0.00192545959725976, -0.0010065654059872031, 0.010011066682636738, -0.013643634505569935, 0.021848341450095177, 0.0025540459901094437, -0.00267645507119596, -0.02921934612095356, -0.00764890480786562, -0.03128375485539436, 0.007549654226750135, -0.013438517227768898, 0.003144586458802223, 0.03379810228943825, 0.024746457114815712, 0.014239137060940266, 0.015125774778425694, 0.018195923417806625, 0.007225435692816973, -0.029457546770572662, -0.02147780731320381, 0.03919732943177223, 0.029298745095729828, -0.007198968902230263, 0.018487058579921722, 0.03919732943177223, 0.00819147378206253, 0.028081273660063744, -0.023092281073331833, 0.029351679608225822, -0.005667203105986118, 0.02327754907310009, -0.01002429984509945, 0.007185735739767551, 0.02879587560892105, -0.021358706057071686, 0.0051180170848965645, 0.02584482915699482, -0.018487058579921722, 0.011427040211856365, 0.01779892109334469, -0.0071328021585941315, -0.03292469680309296, -0.0016368060605600476, 0.025434592738747597, -0.003252107882872224, -0.006616699509322643, -0.01799742318689823, -0.022245343774557114, -0.02858414128422737, -0.01276361383497715, -0.027102001011371613, 0.015337510034441948, -0.0017087626038119197, -0.01635648123919964, -0.027049068361520767, -0.02166307345032692, -0.0017517711967229843, -0.01610504649579525, 0.0012786771403625607, -0.019135495647788048, -0.04417308792471886, -0.02573896199464798, 0.008687726221978664, 0.018023889511823654, 0.015271342359483242, 0.00245644967071712, -0.019982432946562767, -0.011982843279838562, 0.019003160297870636, 0.0014846220146864653, -0.0303838849067688, -0.0033596293069422245, -0.007787855342030525, -0.008012822829186916, -0.0012778501259163022, 0.013140765018761158, 0.0027095384430140257, -0.03133668750524521, 0.013855368830263615, -0.000631067727226764, 0.0011405536206439137, 0.0353861078619957, -0.02359515056014061, 0.006848284043371677, -0.0013713110238313675, 0.001345671247690916, 0.014834640547633171, 0.016052113845944405, -0.01729605346918106, -0.005905404221266508, -0.016449114307761192, -0.016012413427233696, -0.028504742309451103, 0.0108646210283041, -0.007046785205602646, 0.003864152589812875, -0.004281004425138235, -0.023052580654621124, -0.0006724221166223288, 0.009217062033712864, -0.028716476634144783, -0.0037880605086684227, 0.0037218935322016478, 0.006471132393926382, 0.007642287760972977, 0.007423936855047941, 0.03136315569281578, 0.003083382034674287, 0.02317168191075325, 0.0008026883588172495, -0.01778568886220455, 0.03456563875079155, -0.009534664452075958, 0.015774210914969444, 0.02166307345032692, -0.005342985037714243, -0.017362220212817192, -0.017348986119031906, -0.01525810919702053, 0.022285044193267822, 0.002590437885373831, 0.001262135454453528, -0.008303957991302013, -0.009356013499200344, -0.018381191417574883, 0.007562887389212847, 0.014411171898245811, -0.009819182567298412, -0.006074130069464445, -0.024495022371411324, -0.018116522580385208, -0.007351153064519167, -0.011195455677807331, -0.023568684235215187, -0.020061833783984184, -0.007986356504261494, -0.004327321425080299, 0.03559784218668938, 0.009680231101810932, 0.02149103954434395, 0.009402330033481121, -0.03361283242702484, -0.02486555650830269, -0.024005385115742683, -0.03790045529603958, -0.0017666587373241782, 0.016819650307297707, 0.02370101772248745, -0.0073908534832298756, 0.02535519190132618, -0.0026450257282704115, 0.03456563875079155, 0.019188428297638893, 0.010011066682636738, 0.005462085362523794, -0.0004453865985851735, 0.007787855342030525, -0.02900760993361473, -0.005974879488348961, 0.014305304735898972, 0.01509930845350027, 0.016184447333216667, -0.007245285902172327, 0.013140765018761158, 0.02352898381650448, -0.023304015398025513, -0.010427918285131454, -0.006457898765802383, -0.0549980066716671, -0.019386930391192436, 0.01235999446362257, -0.023330481722950935, -0.013934769667685032, -0.00829734094440937, -0.008608326315879822, 0.003811219008639455, -0.020935237407684326, 0.037609320133924484, -0.03641831502318382, 0.040705934166908264, -0.01051393523812294, 0.010500702075660229, -0.007695221807807684, -0.005409151781350374, 0.0037748271133750677, -0.02376718446612358, -0.011956376023590565, -0.012300444766879082, 0.005971571430563927, 0.0035465508699417114, 0.008224557153880596, 0.004545672796666622, 0.004281004425138235, -0.01578744500875473, 0.010818303562700748, -0.02348928339779377, -0.0019982431549578905, -0.0009858881821855903, -0.03393043577671051, -0.0012422853615134954, -0.026453563943505287, -0.015866845846176147, -0.0012050664518028498, -0.006312331184744835, 0.03477737307548523, -0.009475113824009895, 0.014159737154841423, 0.008092223666608334, -0.012770229950547218, 0.012637896463274956, -0.02805480547249317, 0.04075887054204941, 0.0032306036446243525, 0.02805480547249317, 0.02387305162847042, -0.0028302932623773813, 0.0009470151271671057, 0.02187480963766575, 0.020869070664048195, -0.011096205562353134, 0.013577467761933804, 0.03993839770555496, -0.029907481744885445, -0.006887984462082386, -0.012049010023474693, -0.0033860960975289345, 0.022973181679844856, -0.024984657764434814, 0.0019320762949064374, 0.012770229950547218, -0.0013349191285669804, -0.008098840713500977, -0.004628381226211786, -0.04226747527718544, -0.0071592689491808414, -0.006623316090553999, 0.01697845198214054, -0.013842135667800903, 0.0016723708249628544, -0.018804660066962242, 0.020511768758296967, -0.02071026898920536, 0.03705351799726486, -0.005445543676614761, 0.019082561135292053, -0.039541397243738174, -0.022126242518424988, -0.017573954537510872, 0.013868601992726326, -0.00949496403336525, 0.04409368708729744, -0.005005533341318369, 0.0023704327177256346, 0.018923761323094368, 0.012135026976466179, -0.0058193872682750225, -0.03752991929650307, 0.0032471453305333853, 0.033533431589603424, 0.004294238053262234, 0.017216652631759644, -0.022311510518193245, -0.022179177030920982, 0.012293827719986439, -0.0037979856133461, -0.01705785095691681, -0.012101943604648113, 0.0006409927736967802, -0.0071063353680074215, 0.019426630809903145, -0.013749501667916775, 0.008224557153880596, -0.02471998892724514, -0.013828902505338192, -0.00517756724730134, -0.027657805010676384, -0.005647352896630764, -0.01531104277819395, -0.02943108044564724, -0.010295584797859192, -0.007900339551270008, 0.003005635691806674, 0.020591169595718384, -0.013319415971636772, 0.0043107797391712666, 0.007093101739883423, 0.04750790446996689, -0.014318537898361683, 0.004158595576882362, 0.02352898381650448, -0.00012623422662727535, -0.041050005704164505, 0.024270053952932358, -0.014053869992494583, -0.011109438724815845, -0.00016965631220955402, -0.009461880661547184, -0.04004426673054695, -0.024746457114815712, 0.019069328904151917, 0.014702306129038334, -0.011248389258980751, 0.001567330677062273, 0.028637075796723366, 0.0031131571158766747, 0.023145215585827827, -0.03207775950431824, -0.001794779789634049, 0.00803267303854227, -0.013577467761933804, -0.0077547719702124596, -0.0013340919977054, -0.010011066682636738, 0.003933628089725971, -0.008482608944177628, 0.009058261290192604, 0.015218408778309822, -0.014292070642113686, -0.013087831437587738, 0.013200315646827221, 0.01508607529103756, -0.012373228557407856, -0.007893722504377365, -0.0189899280667305, -0.04761376976966858, -0.026599131524562836, 0.01503314170986414, -0.013312799856066704, 0.0008949086186476052, 0.020419135689735413, 0.016872582957148552, 0.004456347320228815, 0.004568831063807011, -0.018910527229309082, -0.021001404151320457, -0.03988546505570412, -0.018222389742732048, -0.0372123196721077, -0.013173848390579224, -0.024495022371411324, 0.034618571400642395, -0.012909180484712124, -0.0034903089981526136, -0.005121325608342886, -0.0058293123729527, -0.04385548457503319, -0.023952452465891838, 0.01249894592911005, -0.0005065910518169403, 0.035147909075021744, 0.017004918307065964, -0.01958543062210083, 0.04967818036675453, 0.033983368426561356, 0.026294764131307602, 0.0019552346784621477, -0.012353378348052502, -0.04483475536108017, 0.0034109086263924837, 0.007179119158536196, 0.0006868961500003934, -0.013696568086743355, -0.005194108933210373, 0.01346498355269432, 0.01329294964671135, -0.009197212755680084, 0.027022600173950195, -0.020551469177007675, -0.008039290085434914, -0.019281063228845596, -0.007933422923088074, -0.0010504010133445263, 0.006269322708249092, 0.04975758120417595, -0.020551469177007675, 0.013206932693719864, 0.01782538928091526, -0.020352967083454132, 0.01860615983605385, -0.015813911333680153, -0.003278574673458934, -0.013021664693951607, 0.02338341623544693, -0.011731408536434174, 0.006775500252842903, 0.005945104639977217, -0.021636607125401497, 0.03390396758913994, 0.0009015253162942827, -0.010050766170024872, 0.03041035123169422, 0.005419076886028051, 0.0012050664518028498, -0.002317498903721571, 0.021504273638129234, -0.03713291883468628, -0.0015822183340787888, -0.0013630400644615293, -0.016091812402009964, -0.01716371811926365, 0.0013680026168003678, 0.012968731112778187, 0.002234790241345763, -0.002054485259577632, 0.004747482016682625, 0.0061568389646708965, -0.005190800875425339, 0.022020375356078148, 0.011400572955608368, -0.03027801774442196, -0.010897704400122166, 0.007172502111643553, -0.0014730427647009492, 0.011890209279954433, -0.008165007457137108, -0.006530682556331158, -0.01979716494679451, -0.012545262463390827, 0.011757874861359596, 0.0004656502278521657, -0.044993557035923004, -0.015694811940193176, 0.029272278770804405, 0.000536366191226989, -0.008303957991302013, 0.19744230806827545, 0.011632157489657402, -0.006557149346917868, 0.031177887693047523, 0.01281654741615057, 0.008323808200657368, 0.025513993576169014, 0.013564233668148518, -0.0162506140768528, 0.026506498456001282, -0.02516992576420307, 0.009038412012159824, -0.012055626139044762, -0.006414890289306641, 0.012240894138813019, -0.013643634505569935, -0.050286915153265, -0.02313198149204254, -0.03072795271873474, -0.0104080680757761, 0.02580512873828411, 0.0035300091840326786, -0.02700936794281006, -0.009461880661547184, 0.01712401770055294, 0.0015689849387854338, -0.0017914713826030493, -0.0071592689491808414, 0.015059608034789562, 0.012062243185937405, -0.010143400169909, -0.008813443593680859, 0.019638365134596825, -0.039117928594350815, -0.014000936411321163, -0.003083382034674287, 0.007662137970328331, 0.01684611663222313, -0.018116522580385208, 0.02007506601512432, 0.008581859059631824, -0.022986413910984993, 0.0429820790886879, -0.01589331217110157, -0.02633446455001831, 0.0025937461759895086, 0.004244612995535135, 0.001256345771253109, 0.0027508928906172514, 0.012009309604763985, -0.0044431136921048164, -0.020657336339354515, 0.011506440117955208, 0.03041035123169422, 0.0067688836716115475, -0.017110785469412804, 0.010838153772056103, -0.012267361395061016, 0.007582737598568201, 0.02911347895860672, -0.018235623836517334, 0.026321230456233025, -0.003510159207507968, 0.0174019206315279, -0.009885349310934544, 0.020657336339354515, -0.0012530374806374311, 0.015840379521250725, 0.007920189760625362, 0.00275585544295609, -0.002355545060709119, -0.003379479283466935, 0.0021520815789699554, 0.011374106630682945, 0.0005252005066722631, -0.018725259229540825, 0.027446070685982704, 0.00517756724730134, 0.011625541374087334, 0.028504742309451103, -0.013656867668032646, -0.03244829550385475, -0.004721015226095915, -0.010202950797975063, 0.004714398644864559, -0.0036491097416728735, -0.00667955819517374, 0.0007828382658772171, -0.008674493059515953, -0.036656513810157776, 0.005081625189632177, -0.004304163157939911, -0.002029672497883439, -0.004019645042717457, 0.006133680697530508, 0.010150017216801643, 0.022404145449399948, 0.01568157784640789, -0.017666587606072426, -0.012584962882101536, -0.018407657742500305, 0.06786087155342102, 0.03443330526351929, -0.018857594579458237, -0.03533317521214485, 0.022417377680540085, 0.010844770818948746, 0.023462817072868347, -0.0023902826942503452, -0.014345004223287106, 0.0021140354219824076, -0.03673591464757919, 0.0268240999430418, 0.00038108055014163256, 0.0010950637515634298, 0.0038178355898708105, -0.0011595765827223659, -0.023568684235215187, 0.014742006547749043, -0.007073251996189356, 0.024415621533989906, -0.03618011251091957, 0.0027145009953528643, 0.00038480243529193103, -0.013160615228116512, -0.02190127596259117, -0.024640589952468872, -0.0019420012831687927, -0.02179540880024433, -0.037079982459545135, 0.013352499343454838, 0.010361751541495323, -0.02039266750216484, -0.004046111833304167, -0.0012075476115569472, 0.022668812423944473, 0.007999589666724205, -0.011850508861243725, 0.0003858362906612456, 0.01541690994054079, 0.01599917933344841, -0.02450825460255146, 0.02580512873828411, 0.007344536483287811, 0.00272938865236938, -0.012062243185937405, 0.007291602902114391, -0.012538645416498184, -0.027551937848329544, -0.024058319628238678, -0.00901856180280447, -0.0013316108379513025, 0.005544794257730246, -0.004069270100444555, -0.008171623572707176, -0.028875276446342468, -0.01276361383497715, -0.045443493872880936, -0.019241362810134888, -0.006418198347091675, -0.055474407970905304, 0.003293462097644806, 0.038482725620269775, -0.01670054905116558, -0.016157981008291245, -0.023052580654621124, -0.16631735861301422, 0.0366300493478775, 0.022099776193499565, -0.005382684990763664, 0.019082561135292053, 0.02869000844657421, 0.015284575521945953, -0.004396796692162752, -0.026387397199869156, -0.008992094546556473, 0.02053823508322239, -0.003248799592256546, -0.03271296247839928, -0.029933948069810867, -0.026347696781158447, 0.012439395301043987, -0.017679821699857712, -0.0011107784230262041, 0.023290783166885376, 0.013537767343223095, 0.028398875147104263, -0.029695747420191765, 0.02000889927148819, -0.008462758734822273, -0.018169457092881203, 0.024839090183377266, -0.010851386934518814, -0.007834171876311302, -0.011790958233177662, -0.021649841219186783, 0.006381806917488575, -0.017732754349708557, 0.013160615228116512, 0.004830190446227789, 0.006887984462082386, -0.02478615567088127, -0.004767332226037979, 0.0017716212896630168, -0.009422180242836475, 0.003056915244087577, 0.02198067680001259, 0.019810399040579796, 0.013220165856182575, -0.0006509178201667964, -0.008575242944061756, 0.029589880257844925, 0.0009660381474532187, -0.007192352320998907, 0.006782116834074259, 0.0008279145113192499, -0.0025672793854027987, -0.01578744500875473, -0.008065756410360336, -0.008224557153880596, 0.01705785095691681, 0.023184916004538536, 0.006441357079893351, 0.0249978918582201, -0.00933616328984499, -0.044781822711229324, -0.01546984352171421, -0.020207401365041733, -0.0055977278389036655, -0.019638365134596825, -0.014345004223287106, -0.01719018630683422, -0.0041685206815600395, 0.014596438966691494, -0.012981964275240898, 0.0028666851576417685, 0.013392199762165546, -0.005108091980218887, 0.016502048820257187, 0.016409415751695633, 0.008251024410128593, -0.0019949348643422127, -0.02109403908252716, -0.012823163531720638, 0.0018278632778674364, 0.025858061388134956, 0.0019436555448919535, 0.03700058534741402, 0.0011173951206728816, 0.008284107781946659, -0.010487468913197517, 0.00797973945736885, 0.0016028954414650798, -0.03652418032288551, 0.03170722350478172, 0.006464515347033739, 0.020948471501469612, -0.016131512820720673, -0.02802833914756775, -0.00977286510169506, -0.0038211438804864883, -0.004419955424964428, -0.011215305887162685, -0.009031794965267181, 0.001794779789634049, 0.003705351846292615, 0.027234334498643875, -0.011082971468567848, -0.019122261554002762, 0.0009925048798322678, 0.04700503498315811, 0.03125729039311409, -0.01867232657968998, 0.02911347895860672, 0.05338353291153908, 0.023251082748174667, -0.02366131730377674, 0.034724440425634384, -0.011863742023706436, 0.047454968094825745, 0.022668812423944473, 0.024150952696800232, -0.004575447645038366, -0.013173848390579224, 0.008317191153764725, 0.007999589666724205, 0.010626419447362423, -0.020445602014660835, 0.0013845444191247225, 0.02007506601512432, 0.014120036736130714, -0.008641409687697887, -0.08871670812368393, -0.02039266750216484, -0.020194167271256447, 0.043934885412454605, -0.017706288024783134, 0.008462758734822273, -0.0018047047778964043, 0.04173814132809639, -0.020366201177239418, 0.018976693972945213, -0.017454853281378746, -0.022774679586291313, -0.003784752218052745, 0.0008965627639554441, -0.010229417122900486, 0.010143400169909, -0.0031942117493599653, -0.009316313080489635, 0.0033976752310991287, 0.010963871143758297, 0.02573896199464798, -0.03639184683561325, -0.0025937461759895086, 0.0032835372257977724, 2.9077293106638535e-07, -0.009845648892223835, -0.030330950394272804, 0.0013977778144180775, 0.009210445918142796, 0.002211631741374731, 0.010222801007330418, -0.014940507709980011, -0.013273099437355995, -0.005912021268159151, -0.014225903898477554, -0.004453038796782494, -0.00977286510169506, 0.009011944755911827, 0.01996919885277748, -0.004433188587427139, -0.007827555760741234, 0.006275939755141735, 0.013789202086627483, -0.0016955292085185647, -0.015231641940772533, -0.0014416134217754006, -0.02032650075852871, 0.027340201660990715, 9.992250124923885e-05, -0.010103700682520866, -0.0032570704352110624, -0.00907149538397789, -0.03731818497180939, 0.0011537870159372687, 0.028610609471797943, -0.004287621472030878, 0.042638011276721954, 0.011413807049393654, -0.002716155257076025, 0.007582737598568201, -0.012187960557639599, 0.005154408980160952, 0.0035035423934459686, 0.0024399079848080873, 0.0053363679908216, 0.005865704268217087, 0.0006012925878167152, -0.0146626066416502, -0.018659092485904694, -0.013881836086511612, -0.015774210914969444, -0.0062097725458443165, -0.028716476634144783, 0.0004400105099193752, -0.024349454790353775, 0.007232052739709616, -0.008998711593449116, -0.022179177030920982, 0.01729605346918106, -0.018156222999095917, 0.011321173049509525, -0.01920166239142418, 0.0018874135566875339, -0.026241829618811607, 0.040705934166908264, 0.022337976843118668, 0.0213454719632864, -0.005316518247127533, 0.013153999112546444, -0.04883124306797981, -0.01916196197271347, 0.011890209279954433, 0.011572607792913914, -0.015946246683597565, -0.014199437573552132, -0.01350468397140503, -0.015708044171333313, 0.009111194871366024, 0.0009784444700926542, 0.009296462871134281, -0.02542136050760746, -0.025474293157458305, -0.060291364789009094, 0.031521957367658615, 0.009925049729645252, -0.03027801774442196, 0.015112541615962982, -0.018473824486136436, -0.002431637141853571, -0.021014638245105743, -0.005673819687217474, 0.02595069631934166, -0.013385583646595478, 0.025116991251707077, 0.007185735739767551, -0.010050766170024872, -0.007589354179799557, -0.011360873468220234, 0.013147382065653801, 0.0031909034587442875, 0.0027244261000305414, 0.012121793814003468, -0.02556692622601986, -0.0070798685774207115, 0.006348723080009222, 0.024799389764666557, -0.0249978918582201, 0.023462817072868347, -0.005068392027169466, 0.023714251816272736, -0.005521635990589857, -0.03927673026919365, 0.022523244842886925, -0.014265604317188263, 0.020035365596413612, 0.0012836396927013993, 0.02855767495930195, 0.0030072899535298347, 0.005710211582481861, 0.027843071147799492, 0.003080073744058609, 0.03541257604956627, -0.025580160319805145, -0.03684178367257118, 0.019810399040579796, -0.004274387843906879, -0.004681314807385206, 0.007046785205602646, -0.04171167314052582, -0.004555597435683012, 0.033242300152778625, 8.379429345950484e-05, 0.027260802686214447, 0.008098840713500977, -0.02221887744963169, -0.01329294964671135, -0.02591099590063095, -0.02577866055071354, 0.004979066550731659, 0.052483659237623215, 0.0025259251706302166, 0.014278837479650974, 0.04390841722488403, -0.0078077055513858795, 0.009779482148587704, -0.04067946970462799, 0.026890266686677933, -0.02190127596259117, -0.0023853201419115067, -0.018222389742732048, 0.010335284285247326, -0.020948471501469612, -0.003280228702351451, -0.02138517238199711, 0.02162337489426136, 0.0016872583655640483, 0.023859819397330284, 0.017243118956685066, -0.020286800339818, -0.0015698119532316923, 0.008012822829186916, 0.006074130069464445, -0.0067424168810248375, -0.008502459153532982, -0.008277490735054016, 0.016475582495331764, 0.02816067263484001, 0.02900760993361473, -0.00536283478140831, 0.01614474691450596, 0.00966699793934822, -0.013630401343107224, -0.023833351209759712, 0.004820265807211399, -0.014675839804112911, -0.010335284285247326, 0.007225435692816973, -0.004218145739287138, 0.0016235726652666926, 0.0028435266576707363, 0.004439805634319782, -0.0022695278748869896, 0.007192352320998907, 0.00548524409532547, -0.011241772212088108, -0.03361283242702484, 0.013709801249206066, -0.009958133101463318, 0.005217267666012049, -0.020736737176775932, -0.001451538410037756, 0.024031853303313255, -0.02138517238199711, -0.02243061177432537, -0.0018708717543631792, 0.01842089183628559, -0.0029708980582654476, 0.02166307345032692, 0.005134558770805597, -0.03371870145201683, -0.022602645680308342, 0.00997136626392603, -0.0019320762949064374, 0.022060075774788857, 0.013524534180760384, -0.018619392067193985, 0.033004097640514374, 0.016078580170869827, 0.008409825153648853, -0.008310575038194656, 0.009819182567298412, -0.021636607125401497, 0.012525412254035473, 0.0260565634816885, -0.006633241195231676, -0.018870826810598373, -0.009395712986588478, -0.008634792640805244, -0.007060018368065357, 0.005782995373010635, -0.012512179091572762, 0.0764361098408699, 0.005716828629374504, 0.0005868185544386506, 0.007959889248013496, -0.0029824774246662855, 0.014940507709980011, 0.007893722504377365, 0.01531104277819395, -0.00032090992317534983, -0.03242182731628418, 0.039117928594350815, -0.00803267303854227, -0.0004701992147602141, -0.00010586719145067036, -0.020802903920412064, 0.002287723822519183, 0.007165885530412197, 0.01771952211856842, -0.00042843128903768957, 0.00891269464045763, -9.413289080839604e-05, -0.002860068343579769, 0.0195192638784647, -0.014199437573552132, -0.009131045080721378, -0.004317396320402622, 0.031839556992053986, 0.015377209521830082, -0.017521020025014877, -0.027551937848329544, 0.0023092280607670546, 0.016568215563893318, -0.00877374317497015, -0.016012413427233696, -0.01973099820315838, 0.0038773859851062298, -0.017415152862668037, 0.004297546576708555, 0.033136431127786636, 0.007893722504377365, 0.009964749217033386, 0.013868601992726326, -0.01691228337585926, -0.012320294976234436, 0.0010851387633010745, 0.0013390545500442386, 0.006603466346859932, -0.013709801249206066, -0.03149548918008804]","[-0.0038981023244559765, 0.0032112780027091503, 0.019184516742825508, -0.03839564323425293, -0.014847379177808762, 0.010297375731170177, -0.00990490522235632, -0.024585982784628868, -0.0005392319289967418, 0.0031464204657822847, 0.034643884748220444, 0.012126689776778221, -0.00370186660438776, 0.010457024909555912, -0.00798911415040493, 0.007197519764304161, 0.01616448536515236, 0.016124572604894638, -0.0030067272018641233, -0.014075741171836853, 0.012911631725728512, 0.013004761189222336, -0.01863904856145382, 0.013889484107494354, -0.03083891049027443, -0.007995765656232834, 0.02615586668252945, -0.026209082454442978, -0.010363896377384663, 0.010476981289684772, 0.013177714310586452, -0.0030998559668660164, -0.03879476338624954, -0.016776474192738533, -0.01066989079117775, 0.009445913136005402, 0.02799183316528797, -0.02940206788480282, 0.008581146597862244, -0.03741113841533661, -0.004732934758067131, -0.006415903568267822, 0.012798546813428402, -0.018173404037952423, -0.03850207477807999, 0.044861435890197754, -0.01607135683298111, -0.00819532759487629, -0.007456949912011623, 0.006375991273671389, 0.020967265591025352, -0.000806561263743788, -0.03469710052013397, 0.011128881946206093, -0.030892128124833107, -0.01786741055548191, 0.011295183561742306, 0.03129125013947487, -0.013324059545993805, 0.011388312093913555, 0.009525737725198269, 0.0025493986904621124, -0.017082467675209045, -0.006658703554421663, -0.0018359662499278784, -0.019064780324697495, -0.004523395095020533, 0.007929245010018349, 0.011714262887835503, -0.024612590670585632, 0.06769127398729324, 0.03020031377673149, 0.010616674087941647, 0.0033759162761271, 0.006758484523743391, 0.000850631098728627, -0.034909967333078384, 0.014927203767001629, -0.0015366239240393043, 0.008993573486804962, 0.023801039904356003, -0.01850600726902485, 0.003771713236346841, 0.009392696432769299, 0.011202055029571056, 0.019251037389039993, 0.024160251021385193, 0.015007028356194496, 0.021579254418611526, 0.008800663985311985, 0.021419605240225792, 0.017494896426796913, 0.02710045874118805, 0.004626501817256212, 0.025676919147372246, -0.012758634984493256, -0.015645625069737434, 0.024013906717300415, -0.018200013786554337, -0.04108307138085365, -0.01877208985388279, 0.015685537829995155, 0.0008655982092022896, -0.01826653443276882, -0.018665656447410583, -0.034058503806591034, 0.03538891300559044, -0.02084752917289734, 0.009279611520469189, -0.02345513366162777, -0.03605411946773529, 0.021858641877770424, 0.007736335974186659, -0.013397231698036194, -0.023242268711328506, -0.0139293959364295, -0.0045732855796813965, -0.02687428891658783, -0.012080125510692596, -0.0075301225297153, -0.006818352732807398, 0.02372121624648571, 0.04047108069062233, -0.0110024930909276, -0.011607830412685871, -0.020953962579369545, -0.009233047254383564, 0.005793937016278505, -0.012978152371942997, -0.022310981526970863, 0.05880413576960564, 0.011760827153921127, -0.019251037389039993, 0.0014742609346285462, -0.001156625454314053, -0.01269211433827877, -0.02557048574090004, 0.0011308487737551332, -0.008521278388798237, -0.012213166803121567, 0.009139918722212315, 0.04345120117068291, 0.005843827500939369, -0.034324586391448975, -0.017175596207380295, 0.018559223040938377, -0.000756670837290585, 0.021725600585341454, 0.0002964320592582226, -0.015419455245137215, 0.02466580644249916, -0.00024965981720015407, -0.03291435167193413, 0.0006319449166767299, -0.007230780087411404, 0.010856147855520248, 0.006924785673618317, -0.010743062943220139, -0.009246351197361946, -0.004390353802591562, -0.0005113764782436192, 0.02443963661789894, 0.006645399611443281, -0.006904829293489456, 0.005171969998627901, 0.028683645650744438, 0.025277795270085335, -0.015472671948373318, -0.011222011409699917, -0.013689922168850899, 0.008707535453140736, 0.008787360042333603, -0.031131600961089134, 0.03408511355519295, -0.020142411813139915, 0.038023125380277634, -0.001368659664876759, 0.012539117597043514, 0.0012672158190980554, -0.009412652812898159, -0.006825004704296589, 0.013151105493307114, 0.006938089616596699, 0.053189802914857864, -0.008986921980977058, -0.027166979387402534, 0.0006032579112797976, -0.014953811652958393, 0.011514700949192047, -0.012273035012185574, -0.00674185436218977, 0.03357955440878868, -0.014754250645637512, -0.0004327991046011448, -0.6117758750915527, -0.009359436109662056, -0.02683437615633011, -0.011694306507706642, 0.010696498677134514, 0.021672384813427925, 0.007390429265797138, 0.01080293208360672, -0.025770047679543495, 0.013876179233193398, -0.007177563849836588, 0.019104691222310066, 0.011787435039877892, -0.017800889909267426, -0.018984954804182053, -0.02137969434261322, 1.2423876114553423e-06, -0.005511224735528231, -0.02173890359699726, 0.015140069648623466, -0.00943260919302702, 0.006688637658953667, -0.024333205074071884, 0.012206514365971088, -0.005863783415406942, -0.03357955440878868, 0.010955928824841976, -0.02264358289539814, 0.022696800529956818, 0.027433060109615326, -0.06306144595146179, 0.04339798539876938, 0.03155733272433281, 0.0055012465454638, 0.04190792515873909, 0.007124347146600485, -0.020195629447698593, 0.0012988130329176784, 0.005857131443917751, 0.039992135018110275, -0.0014376746257767081, -0.01760132797062397, -0.00965212658047676, 0.012126689776778221, -0.01962355151772499, 0.007849420420825481, 0.015565800480544567, -0.0022733386140316725, 0.004530047066509724, -0.0020222237799316645, 0.010317332111299038, 0.00257766991853714, -0.0135036651045084, -0.00010097606718773022, 0.015179981477558613, 0.006033410783857107, 0.016097964718937874, -8.076006633928046e-05, 0.015685537829995155, 0.002432987792417407, 0.017800889909267426, 0.027858791872859, -0.00855453871190548, -0.004114293958991766, -0.014341822825372219, 0.01170095894485712, -0.012013604864478111, -0.026821071282029152, 0.035309091210365295, -0.010277419351041317, -0.0059236520901322365, -0.002201829105615616, 0.0067318761721253395, -0.023654695600271225, -0.0001975867198780179, 0.012705418281257153, 0.02638203650712967, -0.007536774501204491, 0.00381495151668787, 0.012732027098536491, -0.00039496555109508336, -0.010410460643470287, 0.007829464972019196, -0.01800045184791088, 0.006522336509078741, -0.0301204901188612, -0.015206590294837952, 0.0004515080072451383, -0.00013574342301581055, 0.0030416506342589855, 0.016510391607880592, 0.038422249257564545, 0.008454757742583752, -0.03182341530919075, 0.01348370872437954, 0.024027209728956223, -0.009871644899249077, -0.002057146979495883, 0.039672836661338806, -0.013783050701022148, -0.010111118666827679, -0.01539284735918045, -0.015512583777308464, 0.008208631537854671, 0.02390747331082821, 0.010583413764834404, -0.03291435167193413, -0.0068017225712537766, 0.02660820633172989, -0.0075966427102684975, -0.006971349939703941, 0.002519464585930109, -0.0011358377523720264, 0.006366013549268246, 5.1709306717384607e-05, -0.028869904577732086, 0.02223115600645542, 0.035043008625507355, -0.019969459623098373, 0.00012586929369717836, 0.021632472053170204, 0.013729833997786045, 0.0114747891202569, -0.0038914501201361418, 0.024612590670585632, -6.220707291504368e-05, 0.035176049917936325, 0.009412652812898159, -0.009785167872905731, -0.0034125023521482944, 0.0005147024639882147, -0.003984578885138035, 0.01895834691822529, -0.03232897073030472, 0.013610097579658031, 0.0063560353592038155, 0.02147282287478447, -0.01233290322124958, 0.00965877901762724, -0.013171061873435974, -0.024878673255443573, 0.007709727622568607, -0.0016779799479991198, -0.010610022582113743, -0.009485825896263123, -0.008354976773262024, -0.01535293459892273, -0.017681153491139412, -0.017095772549510002, -0.012871719896793365, -0.00832836888730526, -0.002712374087423086, -0.014448256231844425, 0.008694231510162354, 0.014594601467251778, 0.006718572229146957, -0.008514625951647758, -0.026954112574458122, 0.02443963661789894, -0.02394738607108593, -0.02400060184299946, 0.02449285425245762, -0.03812956064939499, 0.025224579498171806, 0.003588781924918294, 0.009100006893277168, -0.011714262887835503, 0.015086852945387363, -0.016536999493837357, -0.014275302179157734, -0.012073474004864693, -0.038023125380277634, 0.01805366761982441, 0.010410460643470287, 0.026927504688501358, -0.027512885630130768, 0.0006356866797432303, -0.0013661651173606515, -0.0025028344243764877, -0.005358227528631687, 0.016670040786266327, 0.016989339143037796, -0.010929320938885212, -0.020328668877482414, 0.04776173084974289, -0.00022845639614388347, 0.00471630459651351, 0.020195629447698593, -0.043052077293395996, 0.018080275505781174, 0.001332073356024921, -0.000234484818065539, 0.020062588155269623, -0.03674593195319176, -0.003977926913648844, 0.013982612639665604, 0.013497012667357922, 0.02462589554488659, 0.008088895119726658, 0.0022001659963279963, 0.017973843961954117, 0.021499430760741234, 0.00974525511264801, -0.010882756672799587, 0.015765361487865448, -0.011508049443364143, -0.0078361164778471, 0.0023165768943727016, -0.004047773312777281, -0.004895910155028105, 0.0017478265799582005, -0.02849738858640194, -0.007729684002697468, 0.005324967205524445, -0.004416962154209614, 0.029322242364287376, 0.005574419163167477, 0.007669815327972174, -0.02341522090137005, 0.025357620790600777, -0.0024363137781620026, 0.0026109302416443825, -0.007157607469707727, 0.004646458197385073, 0.0004294730897527188, 0.02066127210855484, 0.029561717063188553, 0.013603445142507553, 0.004001209046691656, -0.012379467487335205, -0.023441828787326813, 0.033419907093048096, -0.005913673900067806, 0.0058138929307460785, 0.04661757871508598, -0.0022417414002120495, 0.02732662856578827, -0.010842843912541866, -0.0012988130329176784, -0.02574343979358673, 0.01705585978925228, 0.01235285960137844, 0.033606164157390594, -0.04228043928742409, 0.03552195429801941, 0.022710103541612625, -0.0023914126213639975, 0.01858583278954029, -0.021087003871798515, 0.02413364313542843, -0.003921384457498789, -0.010004685260355473, -0.007869376800954342, -0.005913673900067806, 0.0050123208202421665, -0.009246351197361946, 0.035947687923908234, -0.005058885086327791, 0.013862875290215015, 0.01701594702899456, 0.023162443190813065, -0.0031796805560588837, 0.0003244953986722976, -0.013430492021143436, 0.015964923426508904, -0.017228813841938972, -0.00974525511264801, -0.01089606061577797, 0.011182098649442196, -0.0022367523051798344, -0.0030216944869607687, 0.0018426183378323913, 0.019024867564439774, -0.030892128124833107, 0.006046714726835489, 0.004709652625024319, 0.0016646758886054158, 0.0203951895236969, 0.008581146597862244, 0.00954569410532713, -0.00794920139014721, -0.022936273366212845, 0.021685687825083733, 0.0005982688744552433, 0.017029251903295517, 0.03142429143190384, -0.009512433782219887, 0.015432759188115597, 0.014168869704008102, 0.026488469913601875, 0.008993573486804962, 0.013663314282894135, -0.002145286649465561, -0.007237432058900595, -0.032116103917360306, -0.008148763328790665, 0.0110024930909276, -0.03177019953727722, 0.025916391983628273, 0.04108307138085365, 0.005913673900067806, 0.007210823707282543, -0.037517569959163666, 0.017654545605182648, 0.024905281141400337, 0.005541158840060234, -0.0203951895236969, -0.00517529621720314, 0.03235558047890663, -0.0031547355465590954, -0.007915941067039967, -0.02268349565565586, -0.012625593692064285, -0.002394738607108593, -0.016763169318437576, -0.00365197635255754, -0.028869904577732086, 0.0029900972731411457, 0.03190324082970619, 0.012911631725728512, -0.011860608123242855, -0.05460003763437271, -0.026342123746871948, 0.007237432058900595, 0.01769445650279522, -0.0011707610683515668, -0.008694231510162354, -0.005308337043970823, 0.018665656447410583, -0.005690830294042826, -0.0076432074420154095, -0.030493004247546196, 0.0002804255345836282, 0.001832640147767961, 0.005058885086327791, -0.00236314139328897, 0.005880413576960564, -0.01291828416287899, 0.020142411813139915, 0.0021536017302423716, -0.006259580608457327, -0.029694758355617523, -0.009086702018976212, -0.030413180589675903, 0.013876179233193398, -0.022829841822385788, 0.001494217081926763, 0.04691026732325554, 0.029109377413988113, 0.01589840278029442, 0.018066972494125366, 0.01656360924243927, 0.0025976260658353567, -0.019078083336353302, -0.015592409297823906, 0.040630731731653214, 0.021033786237239838, -0.008680927567183971, 0.023920778185129166, 0.02961493283510208, 0.006000150460749865, 0.03671932592988014, -0.020781008526682854, 0.04110967740416527, 0.0031164861284196377, 0.017854105681180954, -0.0011308487737551332, 8.980269922176376e-05, 0.02871025539934635, -0.014261998236179352, -0.0009304556879214942, 0.021579254418611526, -0.017574720084667206, 0.011394964531064034, 0.03091873601078987, -0.003159724408760667, -0.029455283656716347, -0.00561433145776391, 0.033606164157390594, -0.00965877901762724, -0.0038681679870933294, -0.008015722036361694, -0.024998409673571587, -0.02381434477865696, -0.007583338767290115, -0.027539493516087532, 0.0023980645928531885, -0.0004290573124308139, -0.01033063605427742, -0.02638203650712967, -0.02047501504421234, -0.0064890761859714985, -0.02543744444847107, -0.0061731040477752686, -0.03227575495839119, -0.04752225801348686, -0.022616975009441376, 0.0009296241914853454, 0.009958120994269848, 0.01903817243874073, -0.003294428577646613, -0.016497088596224785, -0.020009370520710945, 0.026594901457428932, 0.004722956568002701, -0.018758784979581833, -0.012386119924485683, -0.007669815327972174, 0.01327749527990818, -0.004836041480302811, 0.02394738607108593, -0.004021164961159229, -0.029375459998846054, 0.009705343283712864, 0.002815480809658766, -0.0022151332814246416, 0.030093880370259285, -0.016124572604894638, 0.008208631537854671, -0.008986921980977058, 0.002477889182046056, 0.01603144407272339, 0.018931739032268524, -0.02062135934829712, 0.004779499024152756, -0.009472521021962166, -0.01886521838605404, -0.012279687449336052, 0.013224278576672077, -0.011381660588085651, -0.008188675157725811, 0.00010050833952846006, -0.027180282399058342, 0.008947009220719337, 0.006083301268517971, -0.03246201202273369, -0.0006460805307142437, 0.013284146785736084, -0.01639065518975258, 0.006312796846032143, 0.0037750392220914364, 0.029508501291275024, -0.0029285657219588757, 0.022310981526970863, 0.0030316724441945553, -0.01624430902302265, 0.024772239848971367, -0.008953661657869816, 0.020594751462340355, 0.023641390725970268, -0.003931362647563219, -0.017401766031980515, -0.018612440675497055, -0.012452640570700169, 0.02434650808572769, 0.011042405851185322, -0.006093278992921114, -0.008807316422462463, -0.002619245322421193, -0.008401541039347649, 0.007656511384993792, 0.01607135683298111, -0.0077695962972939014, -0.015246502123773098, -0.031264644116163254, -0.0056808521039783955, -0.010290723294019699, 0.0012871719663962722, -0.029056161642074585, -0.018386270850896835, -0.017880715429782867, -0.00933948066085577, 0.03956640139222145, 0.013689922168850899, 0.02413364313542843, 0.013470404781401157, -0.0540146604180336, -0.016683345660567284, -0.02908276952803135, -0.02696741744875908, 0.006808374542742968, 0.022577062249183655, 0.01949051022529602, -0.004915866069495678, 0.018705569207668304, 0.00751681812107563, 0.03307399898767471, 0.022563759237527847, 0.0040943375788629055, 0.0055710929445922375, 0.0027489603962749243, 0.015605713240802288, -0.037517569959163666, -0.005837175063788891, 0.005860457196831703, 0.012273035012185574, 0.00999138131737709, -0.004739586729556322, 0.007456949912011623, 0.024772239848971367, -0.014009220525622368, -0.009625518694519997, -0.007683119736611843, -0.056462612003088, -0.02561039850115776, 0.010763019323348999, -0.01975659281015396, -0.0004714641545433551, -0.004290573298931122, -0.016217701137065887, 0.008594450540840626, -0.019104691222310066, 0.04020499810576439, -0.029694758355617523, 0.046165239065885544, -0.016776474192738533, 0.014887291006743908, -0.003294428577646613, -0.003678584471344948, 0.010151030495762825, -0.01156791765242815, -0.008388237096369267, -0.014900595881044865, 0.00990490522235632, -0.009592258371412754, 0.009246351197361946, 0.01629752665758133, -0.00595358619466424, -0.005414769984781742, 0.0019290948985144496, -0.012073474004864693, -0.013916091993451118, 0.001550759538076818, -0.03240879625082016, 0.0043371375650167465, -0.019570335745811462, -0.020860834047198296, -0.0017245443305000663, -0.018080275505781174, 0.025171363726258278, -0.0058039152063429356, 0.011168794706463814, 0.014993724413216114, -0.018027059733867645, 0.008927052840590477, -0.018692264333367348, 0.04180149361491203, 0.0045799375511705875, 0.026847679167985916, 0.018918434157967567, 0.0064258817583322525, -0.006472446024417877, 0.02223115600645542, 0.015738753601908684, -0.012379467487335205, 0.014062437228858471, 0.03339329734444618, -0.026315515860915184, 0.004895910155028105, -0.018080275505781174, 0.0038548638112843037, 0.030014056712388992, -0.03020031377673149, -0.002027212642133236, 0.020448407158255577, -0.007084434852004051, -0.009066746570169926, -0.005285054910928011, -0.04129593446850777, -0.011940432712435722, -0.0023930754978209734, 0.020182324573397636, -0.011082317680120468, 0.007436993531882763, -0.015246502123773098, 0.021712295711040497, -0.022337589412927628, 0.032967567443847656, -0.0184128787368536, 0.008740795776247978, -0.03514944016933441, -0.0172820296138525, -0.029162593185901642, 0.008235239423811436, -0.020222237333655357, 0.03983248397707939, -0.002437976887449622, -0.0074636018835008144, 0.011760827153921127, 0.00342580652795732, -0.005494594573974609, -0.024466246366500854, -0.0003540138714015484, 0.03395207226276398, 0.00017575967649463564, 0.016803082078695297, -0.019277645274996758, -0.014794162474572659, 0.013064629398286343, -0.0008306749514304101, -0.01777428202331066, -0.02340191788971424, 0.0012988130329176784, -0.0047761728055775166, 0.0010111118899658322, -0.00291526154614985, 0.005903695710003376, -0.032435402274131775, -0.014035828411579132, -0.01145483274012804, -0.040311433374881744, 0.0033792422618716955, -0.018519312143325806, -0.03898102045059204, -0.010437068529427052, 0.0002631717943586409, 0.002374782459810376, 0.020328668877482414, -0.022537151351571083, 0.002181872958317399, 0.006622117478400469, 0.043557632714509964, -0.0154859758913517, 0.010929320938885212, 0.022803232073783875, -0.008627710863947868, -0.039992135018110275, 0.020940657705068588, -0.014434952288866043, -0.008807316422462463, 0.0004964093677699566, -0.013437144458293915, -0.04496786743402481, -0.017029251903295517, 0.028151482343673706, 0.019211124628782272, -0.005747372750192881, 0.01170095894485712, 0.03208949789404869, -0.009851688519120216, 0.016457175835967064, -0.035043008625507355, 0.00685161305591464, 0.005534506868571043, -0.0269141998142004, -0.00900022592395544, 0.008029025979340076, -0.004982386715710163, 0.010523545555770397, -0.010004685260355473, 0.0019423990743234754, 0.02340191788971424, -0.0055710929445922375, -0.0185991358011961, 0.013197670690715313, 0.010323983617126942, 0.0020089196041226387, -0.00877405609935522, -0.0023930754978209734, -0.053588926792144775, -0.019144603982567787, 0.018971651792526245, -0.010763019323348999, 0.010004685260355473, 0.02223115600645542, 0.014235390350222588, 0.009911556728184223, 0.00404112134128809, -0.014035828411579132, -0.024093730375170708, -0.029987448826432228, -0.022111419588327408, -0.039593011140823364, -0.010703151114284992, -0.013363971374928951, 0.023295484483242035, -0.015113460831344128, 0.0006656209006905556, -0.005926977843046188, 0.0005226018256507814, -0.028683645650744438, -0.017321942374110222, 0.007536774501204491, 0.007450297940522432, 0.02543744444847107, 0.017721066251397133, -0.016350742429494858, 0.030439788475632668, 0.03169037401676178, 0.020953962579369545, 0.01154796127229929, -0.023122530430555344, -0.050209686160087585, -0.010264115408062935, 0.016776474192738533, -0.007829464972019196, -0.015818579122424126, 0.004709652625024319, 0.004875953774899244, 0.008448105305433273, -0.0083084125071764, 0.028284523636102676, -0.018931739032268524, 0.0038382336497306824, -0.022177940234541893, -0.012299642898142338, 0.008794012479484081, 0.013550229370594025, 0.03948657959699631, -0.007204171735793352, 0.011920476332306862, 0.017667848616838455, -0.015113460831344128, 0.015592409297823906, -0.011833999305963516, -0.008700883015990257, -0.013822963461279869, 0.023827647790312767, -0.020222237333655357, 0.00933948066085577, 0.0027788945008069277, -0.021233348175883293, 0.032887741923332214, -0.0037318009417504072, -0.010390504263341427, 0.020993875339627266, 0.01046367734670639, -0.0006286188727244735, 0.006060019135475159, 0.02340191788971424, -0.03624037653207779, 0.006685311906039715, 0.00954569410532713, -0.01813349314033985, -0.01246594451367855, 0.003954644780606031, 0.011541309766471386, -0.0014950486365705729, 0.006349383387714624, 0.0037916693836450577, -0.004260639194399118, -0.009711995720863342, 0.02326887659728527, 0.00990490522235632, -0.028657037764787674, -0.004679718054831028, -0.002151938620954752, 0.0003878977440763265, 0.0040876856073737144, -0.008481365628540516, -0.004932496231049299, -0.018891826272010803, -0.02075440064072609, -0.0023032729513943195, 0.0018858566181734204, -0.04366406798362732, -0.027699142694473267, 0.03397867828607559, 0.012652202509343624, -0.00841484498232603, 0.19530422985553741, 0.005541158840060234, 0.0022999467328190804, 0.03147750720381737, 0.014541384764015675, 0.011647742241621017, 0.027180282399058342, 0.01922442950308323, 0.0004681381396949291, 0.03844885900616646, -0.03600090369582176, 0.010111118666827679, -0.0037916693836450577, -0.0038382336497306824, 0.0055012465454638, -0.003227907931432128, -0.053642142564058304, -0.017069164663553238, -0.037650611251592636, -0.01102910190820694, 0.013636705465614796, -0.003189658746123314, -0.02358817495405674, -0.008221935480833054, 0.012865067459642887, -0.0036087380722165108, 0.010583413764834404, -0.002551061799749732, 0.014341822825372219, 0.005458008497953415, -0.013304103165864944, -0.014794162474572659, 0.011614481918513775, -0.03203628212213516, 0.004054425284266472, -0.013304103165864944, 0.008461409248411655, 0.011754174716770649, -0.00884722825139761, 0.012299642898142338, 0.0026275604031980038, -0.019956154748797417, 0.031663764268159866, -0.003595433896407485, -0.024373115971684456, 0.006385969463735819, -0.0031314531806856394, 0.006316123064607382, 0.0026292232796549797, 0.009253003634512424, -0.018665656447410583, -0.011554613709449768, 0.0027240151539444923, 0.019570335745811462, 0.011581221595406532, -0.012312947772443295, 0.016550304368138313, -0.018625743687152863, 0.0070312186144292355, 0.037650611251592636, -0.027433060109615326, 0.017002644017338753, -0.0023731193505227566, 0.011281879618763924, -0.010876104235649109, 0.025197971612215042, 0.0031414313707500696, 0.020009370520710945, 0.01831975020468235, -0.01327749527990818, -0.00035359812318347394, 0.001844281330704689, 0.0053183152340352535, 0.013111193664371967, 0.0019340839935466647, -0.010204247198998928, 0.02372121624648571, 0.001194874756038189, 0.012346208095550537, 0.02696741744875908, 0.00014935934450477362, -0.024878673255443573, 0.015153373591601849, -0.014421647414565086, 0.010856147855520248, -0.008720839396119118, -0.007130999118089676, -0.006435859948396683, -0.010882756672799587, -0.030093880370259285, 0.005467986222356558, -0.015632322058081627, -0.002213470172137022, -0.0015424444573000073, 0.01705585978925228, 0.012811851687729359, 0.02129986882209778, 0.007802856620401144, -0.010949277319014072, -0.009705343283712864, -0.021259956061840057, 0.04826728627085686, 0.04092342033982277, -0.02173890359699726, -0.033340081572532654, 0.012166602537035942, 0.0037617350462824106, 0.020195629447698593, -0.006232972256839275, -0.016058051958680153, 0.00595358619466424, -0.03807634487748146, 0.022244460880756378, 0.012978152371942997, 0.0016239320393651724, 0.015379543416202068, -0.007955853827297688, -0.025317708030343056, 0.006259580608457327, -0.0053116632625460625, 0.035761430859565735, -0.03951318562030792, -0.002095396164804697, -0.002645853441208601, -0.02836434729397297, -0.015499279834330082, -0.025809960439801216, -0.00353889144025743, -0.029242418706417084, -0.045712899416685104, 0.018213316798210144, 0.014594601467251778, -0.01584518700838089, 0.005853805225342512, -0.007623251061886549, 0.007749639917165041, 0.008494669571518898, -0.005966890137642622, 0.00027335775666870177, -0.00010726432810770348, 0.006143169477581978, -0.014594601467251778, 0.027539493516087532, -0.003977926913648844, -0.00999138131737709, -0.02030206099152565, 0.007723032031208277, -0.005245142616331577, -0.024373115971684456, -0.023016098886728287, -0.009406001307070255, -0.007004610262811184, 0.0013137802015990019, -0.004187466576695442, -0.005910347681492567, -0.023428525775671005, -0.007816161029040813, -0.04483482614159584, -0.027486277744174004, 0.013836267404258251, -0.05201904475688934, -0.014900595881044865, 0.04542020708322525, -0.014953811652958393, -0.007609947118908167, -0.020554838702082634, -0.16720597445964813, 0.03357955440878868, 0.028231306001544, -0.0036852366756647825, 0.027832183986902237, 0.025597093626856804, 0.022031594067811966, -0.0014484842540696263, -0.028257915750145912, -0.010876104235649109, 0.0240804273635149, 0.0020438428036868572, -0.027699142694473267, -0.031850021332502365, -0.029508501291275024, 0.01145483274012804, -0.014980420470237732, 0.00047021688078530133, 0.02583656832575798, 0.006106583401560783, 0.03299417719244957, -0.037118446081876755, 0.02296288125216961, -0.012279687449336052, -0.022843144834041595, 0.015140069648623466, -0.020355278626084328, -0.007197519764304161, -0.005088819656521082, -0.017947234213352203, 0.006149821449071169, -0.015459368005394936, 0.016603520140051842, 0.003001738339662552, 0.02215133234858513, -0.01278524287045002, -0.00979182031005621, 0.005161991808563471, -0.004989038687199354, -0.0009928187355399132, 0.01415556576102972, 0.024905281141400337, 0.019650159403681755, -0.0013545240508392453, -0.01359679363667965, 0.03956640139222145, 0.0006980496691539884, -0.012485900893807411, 0.018106885254383087, 0.0012115049175918102, -0.011055709794163704, -0.01480746641755104, -0.007683119736611843, -0.01998276263475418, 0.019743289798498154, 0.01424869429320097, 0.009286263957619667, 0.017135685309767723, -0.0017727717058733106, -0.05028950795531273, -0.010723107494413853, -0.013024716638028622, -0.0001698351843515411, -0.01998276263475418, -0.009958120994269848, -0.015698840841650963, -0.006562248803675175, 0.004120945930480957, -0.01339058019220829, -0.00039808370638638735, 0.0005961901042610407, 0.005517876707017422, 0.013849571347236633, 0.012199862860143185, 0.00013771824887953699, -0.0010726433247327805, -0.019729984924197197, -0.005780632607638836, 0.00436707166954875, 0.02498510479927063, 0.013942699879407883, 0.044409096240997314, 0.0004922518273815513, -0.0007886838866397738, -0.016058051958680153, 0.010397156700491905, 0.004333811812102795, -0.03602750971913338, 0.024053817614912987, 0.006918133702129126, 0.02515805885195732, -0.022723408415913582, -0.0203951895236969, -0.018825305625796318, -0.019437294453382492, -0.005936956033110619, -0.010995841585099697, 0.0007583338883705437, -0.005215208511799574, -0.017747674137353897, 0.022710103541612625, -0.012851763516664505, -0.017973843961954117, -0.009153222665190697, 0.03746435418725014, 0.037384528666734695, -0.012080125510692596, 0.029854407534003258, 0.05090149864554405, 0.02515805885195732, -0.014860683120787144, 0.02934885211288929, -0.0062928409315645695, 0.048772841691970825, 0.011521353386342525, 0.023481741547584534, -0.010111118666827679, -0.021486125886440277, 0.004779499024152756, 0.01607135683298111, 0.018213316798210144, -0.016004836186766624, -0.004466852638870478, 0.02894972823560238, 0.012519161216914654, -0.015725450590252876, -0.08009070158004761, -0.018466094508767128, -0.01782749779522419, 0.04919857159256935, -0.034723710268735886, 0.01428860705345869, -0.0034623928368091583, 0.043504416942596436, -0.02341522090137005, 0.018519312143325806, -0.011953736655414104, -0.014674426056444645, -0.004170836415141821, -0.0018143471097573638, -0.008335020393133163, 0.011767479591071606, 0.0020754400175064802, -0.01325753889977932, 0.004313855431973934, 0.0035921079106628895, 0.017228813841938972, -0.029907623305916786, -0.003908080514520407, 0.00017659118748269975, -0.0013054651208221912, -0.017215508967638016, -0.022989491000771523, 0.004390353802591562, -0.0044535486958920956, 0.007224128115922213, 0.020102499052882195, -0.005428073927760124, -0.011707610450685024, -0.007723032031208277, -0.024732327088713646, 0.004307203460484743, -0.009938164614140987, 0.00796915777027607, 0.010483632795512676, -0.002650842536240816, 0.0008606091723777354, 0.00974525511264801, 0.01962355151772499, -0.0021669059060513973, -0.018559223040938377, -0.00907339807599783, -0.019078083336353302, 0.02016901969909668, -0.01535293459892273, -0.004666414111852646, 0.012685461901128292, -0.002913598669692874, -0.035442132502794266, -0.002020560670644045, 0.028390955179929733, -0.005630961619317532, 0.04959769546985626, 0.02439972572028637, -0.011654394678771496, 0.012678810395300388, -0.007084434852004051, -0.006811700761318207, 0.0006968023953959346, 0.017175596207380295, 0.004616523627191782, 0.004293899051845074, -0.0044635264202952385, -0.02354826219379902, -0.014275302179157734, -0.03307399898767471, -0.006582205183804035, -0.002351500326767564, -0.033739205449819565, -0.012638897635042667, -0.029109377413988113, 0.018479399383068085, 0.0010177638614550233, -0.015406151302158833, 0.012505857273936272, -0.023747824132442474, 0.007450297940522432, -0.014368431642651558, -0.014567992649972439, -0.018851913511753082, 0.03443101793527603, 0.022244460880756378, 0.016364047303795815, 0.0014784184750169516, 0.003908080514520407, -0.0328611359000206, -0.02060805633664131, 0.0006165620288811624, -0.00247622630558908, -0.019157908856868744, -0.00762990303337574, -0.002582659013569355, -0.004945800174027681, 0.005537833087146282, -0.0029734671115875244, 0.012392772361636162, -0.0271935872733593, -0.022044898942112923, -0.06827665865421295, 0.034776926040649414, 0.014128957875072956, -0.02201829105615616, 0.017361855134367943, -0.022922970354557037, -0.0016746539622545242, -0.025357620790600777, -0.008188675157725811, 0.032701484858989716, -0.01620439812541008, 0.019690072163939476, 0.007683119736611843, -0.007264040410518646, -0.008807316422462463, -0.017255421727895737, 0.013204322196543217, 0.0011965377489104867, -0.01269211433827877, 0.008361629210412502, -0.023973993957042694, 0.004067729692906141, 0.01402252446860075, 0.029987448826432228, -0.022364197298884392, 0.022922970354557037, -0.010523545555770397, 0.03922049701213837, -0.0002939375408459455, -0.03565499559044838, 0.021313173696398735, -0.015179981477558613, 0.027938617393374443, -0.0021968400105834007, 0.03051961213350296, 0.0031048450618982315, -0.009978077374398708, 0.023375310003757477, 0.006944742053747177, 0.02592969685792923, -0.019078083336353302, -0.03467049449682236, 0.023388613015413284, -0.003801647573709488, 0.004197444301098585, 0.007995765656232834, -0.04281260445713997, -0.004872627556324005, 0.0185991358011961, 0.008015722036361694, 0.027433060109615326, 0.011694306507706642, -0.009751907549798489, -0.022989491000771523, -0.024093730375170708, -0.008993573486804962, -0.00045940731070004404, 0.04339798539876938, -0.004576611332595348, 0.007210823707282543, 0.043504416942596436, -0.006891525350511074, 0.009106658399105072, -0.029428675770759583, 0.025490662083029747, -0.02547735720872879, -0.015313022769987583, -0.030493004247546196, 0.006346057169139385, -0.023481741547584534, -0.0075966427102684975, -0.017441678792238235, 0.019117996096611023, -0.0015599060570821166, 0.024878673255443573, 0.008348324336111546, -0.02083422616124153, 0.0053183152340352535, 0.0012048528296872973, 0.0061265393160283566, 0.0006265401025302708, -0.011222011409699917, 0.00014239548181649297, 0.015725450590252876, 0.034138329327106476, 0.026807768270373344, -0.010849496349692345, 0.013497012667357922, 0.010616674087941647, -0.016270918771624565, -0.023827647790312767, -0.00022118071501608938, -0.0025061604101210833, -0.005324967205524445, 0.009153222665190697, 0.012725374661386013, 0.006844961084425449, 0.01741507090628147, -0.00046190182911232114, 0.0022417414002120495, -0.0002132813970092684, -0.000900521466974169, -0.022856449708342552, -0.028923120349645615, 0.009080050513148308, -0.006768462248146534, 0.0033676011953502893, -0.02326887659728527, 0.005471312440931797, 0.022071506828069687, -0.01620439812541008, -0.02179212123155594, 0.006272884551435709, 0.017441678792238235, -0.00956565048545599, 0.02160586416721344, 0.006465794052928686, -0.033340081572532654, -0.0202089324593544, 0.00638264324516058, 0.003372590057551861, 0.033207040280103683, 0.008501322008669376, -0.01474094670265913, 0.03733131289482117, 0.016217701137065887, 0.021765513345599174, -0.009851688519120216, 0.012652202509343624, -0.016457175835967064, 0.02102048322558403, 0.022537151351571083, -0.015273110009729862, -0.021579254418611526, -0.01917121186852455, -0.016643432900309563, -0.010250811465084553, 0.00794920139014721, -0.020222237333655357, 0.08179362863302231, -0.0014143924927338958, -0.0022932947613298893, 0.0032112780027091503, 0.009060094133019447, 0.010131074115633965, 0.0030599436722695827, 0.023215660825371742, -0.010603370144963264, -0.0328611359000206, 0.04204096645116806, -0.00896031316369772, 0.00365197635255754, 0.0019108018605038524, -0.014567992649972439, 0.013769746758043766, -0.0012821829877793789, 0.018532615154981613, 0.003997882828116417, 0.0006988811655901372, -0.0036453241482377052, 0.00017939750978257507, 0.01625761389732361, -0.01945059932768345, -0.008873837068676949, -0.012778591364622116, 0.033473122864961624, 0.014967115595936775, -0.014674426056444645, -0.022138027474284172, 0.003632020205259323, 0.017202205955982208, -0.010882756672799587, -0.02398729883134365, -0.01503363624215126, 0.015565800480544567, -0.018984954804182053, -0.013423839583992958, 0.028523996472358704, 0.016324134543538094, -0.0007450297707691789, 0.00674185436218977, -0.016231006011366844, -0.016058051958680153, 0.009718647226691246, -0.003402524394914508, 0.0017677827272564173, -0.014195477589964867, -0.03533569723367691]","[0.0004486605466809124, 0.023761767894029617, 0.01111106388270855, -0.018783601000905037, -0.0026494627818465233, 0.013394862413406372, -0.015627339482307434, -0.011495973914861679, -0.018809260800480843, -0.013471844606101513, 0.016948863863945007, 0.007043850142508745, 0.007845745421946049, 0.0035796617157757282, -0.0037753242067992687, -0.001308693434111774, 0.009994825348258018, 0.006838565226644278, 0.010552944615483284, -0.02909918501973152, -0.026353495195508003, -0.011329179629683495, -0.003189940471202135, 0.01671791821718216, -0.023107420653104782, -0.0067359223030507565, 0.015049975365400314, -0.029894664883613586, -0.008923493325710297, -0.005202698055654764, 0.005433644168078899, -0.0067359223030507565, -0.01203484833240509, -0.03946609050035477, -0.030664484947919846, 0.0069540380500257015, -0.007762348745018244, 0.0011964280856773257, -0.006565920542925596, -0.01827038824558258, 0.03469320759177208, 0.004404010251164436, -0.0181164238601923, -0.02261986956000328, -0.0072876266203820705, 0.028739934787154198, 0.0015276109334081411, -0.028380686417222023, -0.009994825348258018, -0.007140077650547028, 0.02010512538254261, -0.0027376713696867228, -0.015280921012163162, -0.005032696295529604, 0.007698196917772293, 0.007832915522158146, 0.005549116991460323, 0.007338947616517544, 0.0015380355762317777, -0.0010889740660786629, -0.021580612286925316, 0.008532168343663216, 0.01773151382803917, -0.0012830328196287155, -0.0027055954560637474, 0.004343066364526749, 0.016102062538266182, 0.017077166587114334, 0.0072876266203820705, -0.0031578645575791597, 0.015781303867697716, 0.015139787457883358, 0.0019710592459887266, 0.018526993691921234, 0.020759470760822296, -0.01923266239464283, -0.0019822856411337852, 0.0006274832412600517, -0.005478550214320421, -0.006104028783738613, 0.017385095357894897, -0.006774413399398327, -0.023787429556250572, 0.017603211104869843, 0.00524439662694931, 0.014613743871450424, 0.011014836840331554, 0.03648945316672325, -0.035052455961704254, -0.02401837520301342, 0.013805433176457882, 0.0034417356364428997, 0.03618152439594269, 0.011989941820502281, 0.011848808266222477, -0.003239657962694764, -0.010232186876237392, 0.04847298189997673, 0.002657481702044606, -0.0037432482931762934, 0.005391945596784353, 0.006148934829980135, -0.009154438972473145, -0.009853691793978214, -0.017410755157470703, 0.003589284373447299, 0.028919560834765434, -0.016743578016757965, -0.006947622634470463, -0.019001716747879982, -0.01889907382428646, 0.04231442138552666, -0.014190343208611012, -0.011342010460793972, 0.0030295613687485456, -0.012644288130104542, 0.00636705057695508, -0.02933013066649437, -0.015473376028239727, -0.00841028057038784, 0.02469838224351406, -0.007486496586352587, 0.019450778141617775, -0.010309169068932533, 0.012855988927185535, -0.0038298529107123613, -0.026738403365015984, -0.0012004375457763672, -0.009115948341786861, -0.029458433389663696, 0.031049394980072975, 0.04585559293627739, 0.022311940789222717, -0.01309335045516491, -0.021875709295272827, 0.006190633401274681, -0.01724396087229252, 0.023800259456038475, -0.011784656904637814, -0.025865942239761353, 0.00416664918884635, 0.025545183569192886, 0.01841152086853981, -0.0033583384938538074, 0.0017096413066610694, 0.0029605983290821314, 0.0381830558180809, -0.014459780417382717, -0.015383563935756683, 0.0006848187767900527, 0.026507457718253136, -0.016294516623020172, -0.009006890468299389, -0.009513688273727894, -0.006030254531651735, 0.01966889388859272, -0.014408458955585957, 0.017949629575014114, 0.0019838896114379168, -0.006960452999919653, 0.012156736105680466, 0.013228068128228188, 0.015114126726984978, -0.0039966474287211895, -0.0038073998875916004, 0.020528525114059448, 0.021952692419290543, -0.0246470607817173, 0.0009045381448231637, 0.0012613816652446985, -0.003199563128873706, 0.011098233982920647, 0.007781594060361385, -0.002352761570364237, 0.018719449639320374, 0.016884712502360344, 0.0004899581545032561, -0.01687188260257244, -0.0017080374527722597, -0.004567597061395645, -0.0007882632780820131, 0.0006715874769724905, 0.030459199100732803, 0.022991947829723358, -0.014806198887526989, 0.023107420653104782, 0.010649172589182854, -0.008448771201074123, 0.012727685272693634, 0.0023864409886300564, 0.03897853568196297, 0.030946752056479454, -0.012740516103804111, 0.00804461631923914, -0.6306362748146057, -0.02822672203183174, 0.0019149264553561807, -0.037079647183418274, -0.014459780417382717, 0.035488687455654144, -0.002567669376730919, 0.012432588264346123, -0.006232331972569227, 0.01444694958627224, -0.014164682477712631, 0.02083645388484001, 0.010989176109433174, -0.024223659187555313, 0.005860252305865288, -0.01869378797709942, -0.007563478779047728, -0.01778283528983593, -0.017282452434301376, -0.008718208409845829, 0.018488503992557526, 0.02087494358420372, 0.0011058138916268945, -0.009244251996278763, -0.003717587562277913, -0.008108767680823803, -0.010418226942420006, -0.024518758058547974, -0.010443887673318386, 0.02040022239089012, -0.0260968878865242, 0.003900419920682907, 0.014819028787314892, -0.0050551495514810085, 0.038875896483659744, 0.002125023165717721, -0.003361545968800783, 0.004901185631752014, 0.0011691636173054576, 0.031767893582582474, -0.008281976915895939, -0.01411336101591587, 0.021465139463543892, 0.0030856940429657698, -0.009545763954520226, -0.0029958817176520824, -0.001635064953006804, -0.008731038309633732, -0.009815201163291931, 0.031100716441869736, 0.014690726064145565, -0.005882705561816692, -0.023505160585045815, 0.009128778241574764, 0.0006463277968578041, -0.008006124757230282, 0.015768473967909813, 0.010604266077280045, -0.002800219226628542, 0.03885023295879364, -0.0015500640729442239, 0.003348715603351593, -0.03276865929365158, -0.007730272598564625, -0.001095389248803258, -0.009744633920490742, -0.0029910702724009752, 0.008365374058485031, -0.011797486804425716, -0.011431822553277016, 0.010321998968720436, -0.01788547821342945, -0.01493450254201889, 0.0025404049083590508, -0.00942387618124485, 0.033076588064432144, 0.0181292537599802, -0.026084057986736298, 0.0034000370651483536, 0.004702315200120211, 0.024441774934530258, -0.01898888684809208, -0.04875524714589119, -0.02725161798298359, 0.03233242779970169, -0.004333443474024534, -0.01401071809232235, -0.009847276844084263, -0.004067214205861092, 0.004012685269117355, 0.005382322706282139, 0.008089521899819374, -0.013067689724266529, 0.006046292372047901, 0.005331001244485378, 0.025455370545387268, -0.0027200295589864254, 0.015717152506113052, 0.03328187018632889, -0.04683069884777069, -0.02599424496293068, -0.010495208203792572, 0.001663131290115416, 0.02686670795083046, 0.03392338752746582, 0.0041121202521026134, -0.013843923807144165, -0.0011523239081725478, 0.03441094234585762, -0.02083645388484001, 0.01661527529358864, -0.010501624085009098, 0.005298925563693047, -0.006447239778935909, -0.0077366880141198635, -0.033949047327041626, -0.009699728339910507, -0.016512632369995117, -0.0003079278685618192, -0.017988121137022972, 0.01614055223762989, 0.008031785488128662, 0.0318961963057518, -0.01624319516122341, 0.004962129518389702, 0.011271443217992783, -0.023030439391732216, 0.011438237503170967, -0.015434885397553444, 0.002048041205853224, 0.007749518379569054, -0.013612978160381317, 0.0012886461336165667, -0.023415349423885345, 0.0023944599088281393, -0.011637107469141483, -0.0013279389822855592, -0.012618628330528736, 0.021580612286925316, -0.002907673129811883, -0.013689960353076458, 0.004477784503251314, 0.0019678515382111073, 0.00208973977714777, -0.00722347479313612, -0.00794838834553957, -0.02807275764644146, 0.0038362680934369564, -0.01938662678003311, 0.022696850821375847, -0.012150321155786514, -0.004606087692081928, -0.017128488048911095, 0.0011787863913923502, -0.005016658455133438, -0.01841152086853981, 0.011605031788349152, -0.015242430381476879, -0.016987355425953865, -0.04180121049284935, 0.0009831239003688097, 0.02861163206398487, -0.005340624134987593, 0.005404775962233543, 0.010007656179368496, 0.0038555136416107416, -0.010039731860160828, 0.008493677712976933, -0.02401837520301342, -0.011470313183963299, -0.000547694624401629, 0.0027569166850298643, 0.00986010767519474, 0.012836743146181107, -0.014896010980010033, 0.014575253240764141, -0.022748172283172607, -0.004596465267241001, -0.00291248457506299, -0.015319411642849445, 0.003881174372509122, 0.015075636096298695, -0.024082526564598083, -0.012163151055574417, 0.03589925915002823, 0.007557063363492489, 0.004926845896989107, 0.034000370651483536, -0.013240898959338665, 0.01874510943889618, 0.027970116585493088, 0.006017424166202545, -0.006633279845118523, 0.024557247757911682, -0.0005384728428907692, 0.005462512373924255, 0.03392338752746582, -0.005116093438118696, -0.0166794266551733, 0.04167290776968002, 0.025044800713658333, 0.009199345484375954, 0.011418992653489113, -0.0058955359272658825, -0.00345456600189209, -0.024621400982141495, 0.01007822249084711, -0.01977153681218624, 0.033897727727890015, 0.007031019777059555, -0.0017802080838009715, -0.03954307362437248, 0.004968544468283653, -0.009231421165168285, 0.011091819033026695, 0.006447239778935909, 0.0021715331822633743, 0.022196467965841293, -0.0025339899584650993, 0.002999089192599058, 0.016538294032216072, 0.013869584538042545, 0.013587317429482937, -0.01200918760150671, 0.014896010980010033, 0.025237256661057472, 0.01685905084013939, 0.0030584295745939016, 0.008955569006502628, -0.029509754851460457, -0.014511100947856903, -0.0017753966385498643, -0.00017551488417666405, 0.008737453259527683, 0.023594973608851433, -0.008981229737401009, 0.027867473661899567, -0.03407735377550125, 0.014318646863102913, 0.021914200857281685, -0.020464373752474785, 0.02185004949569702, 0.01111106388270855, -0.029022201895713806, 0.02740558050572872, 0.03561699017882347, 0.05470852181315422, -0.005407983437180519, -0.017551889643073082, 0.006780828349292278, -0.011848808266222477, 0.01351033616811037, -0.014177512377500534, 0.007544232998043299, 0.008846511133015156, 0.0004414434952195734, -0.0020785131491720676, 0.012143906205892563, 0.027841811999678612, 0.022247789427638054, -0.01893756538629532, 0.009565009735524654, 0.028278043493628502, -0.003942118491977453, -0.009892183355987072, -0.01687188260257244, 0.0038843818474560976, 0.005783270578831434, -0.00018072720558848232, -0.013497505336999893, -0.019887009635567665, -0.021927030757069588, 0.025968585163354874, -0.018680958077311516, 0.04151894152164459, 0.032204125076532364, -0.015576018951833248, 0.000803098373580724, 0.003342300420626998, 0.0034994720481336117, -2.1713827663916163e-05, -0.014100531116127968, 0.015717152506113052, 0.005549116991460323, 0.014434119686484337, -0.01020011119544506, -0.0061970483511686325, -8.635412086732686e-05, -0.03774682432413101, 0.02599424496293068, -0.0007329325308091938, 0.01370279025286436, 0.0034513582941144705, 0.009282742626965046, -0.010475963354110718, 0.018629636615514755, 0.022735342383384705, 0.004580427426844835, 0.00794838834553957, 0.003916457761079073, 0.00524439662694931, -0.0015957721043378115, 0.004702315200120211, -0.018526993691921234, 0.041775550693273544, 0.011746165342628956, 0.004881939850747585, -0.04305858165025711, -0.0009486423805356026, -0.00988576840609312, -0.0005480956169776618, 0.006553090177476406, 0.005882705561816692, -0.011418992653489113, 0.010662002488970757, -0.008474431931972504, -0.042494047433137894, -0.014652234502136707, 0.008583489805459976, 0.01647414080798626, -0.009500858373939991, -0.016102062538266182, -0.004243630915880203, 0.008391034789383411, 0.050423189997673035, 0.04136497899889946, 0.011977111920714378, 0.011470313183963299, -0.04326386749744415, 0.026892367750406265, -0.02866295352578163, -0.021375326439738274, 0.008391034789383411, -0.0027376713696867228, -0.003980609588325024, -0.017628870904445648, -0.002594933845102787, -0.009000475518405437, 0.011502389796078205, 0.00043823590385727584, 0.026943689212203026, -0.028047097846865654, -0.017757173627614975, -0.018103593960404396, -0.017616041004657745, 0.034179992973804474, 0.01227220892906189, -0.020939094945788383, 0.009840861894190311, 0.0231972336769104, -0.0016615275526419282, 0.021901370957493782, 0.010668418370187283, -0.02948409505188465, -0.02473687380552292, 0.03828569874167442, 0.002553235273808241, 0.00937255471944809, -0.0034706038422882557, 0.041287995874881744, 0.0017032261239364743, 0.019681723788380623, -0.02329987660050392, -0.01662810519337654, 0.002176344394683838, 0.0103861503303051, -0.0005148169002495706, 0.0037753242067992687, 0.007582724094390869, -0.01661527529358864, 0.003675888990983367, 0.02300477959215641, 0.005221943836659193, -0.03628416731953621, -0.0006435211398638785, -0.0038843818474560976, -0.030715806409716606, 0.01490884181112051, 0.004785712342709303, 0.016268856823444366, -0.013253728859126568, -0.028791256248950958, -0.0022292695939540863, -0.04811372980475426, -0.018963225185871124, -0.009597085416316986, 0.017141317948698997, -0.005398360546678305, -0.01687188260257244, -0.023787429556250572, -0.011168801225721836, 0.006440824829041958, -0.021785898134112358, -0.008031785488128662, 0.017898308113217354, -0.015293750911951065, -0.04174988716840744, 0.021093059331178665, 0.009879352524876595, 0.00013221251720096916, 0.033949047327041626, -0.02508329227566719, 0.013446183875203133, 0.025096122175455093, -0.019848518073558807, -0.046368807554244995, 0.017513398081064224, -0.012259379029273987, -0.02904786355793476, 0.015729982405900955, 0.010668418370187283, 0.005343831609934568, -0.015960928052663803, 0.025070462375879288, -0.014023548923432827, 0.01778283528983593, 0.020939094945788383, -0.04454689845442772, -0.02057984657585621, 0.02188854105770588, -0.007300456985831261, 0.027431242167949677, -0.012118245474994183, -0.011688428930938244, -0.0027312561869621277, -0.04236574470996857, 0.02256854809820652, -0.02909918501973152, -0.006806489080190659, -0.00968689750880003, 0.013369201682507992, 0.002211627783253789, -0.012753346003592014, -0.015242430381476879, 0.027277277782559395, -0.018783601000905037, -0.013305050320923328, -0.005491380579769611, 0.032742999494075775, 0.018283218145370483, 0.003260507248342037, 0.05537569522857666, 0.02531423792243004, -0.02256854809820652, -0.027328599244356155, -0.03492415323853493, 0.031767893582582474, 0.014742047525942326, -0.013138256035745144, -0.02981768362224102, 0.004099289886653423, -0.03920948505401611, -0.012791837565600872, -0.023787429556250572, 0.024044035002589226, -0.006889886222779751, -0.01403637882322073, -0.004545143805444241, -0.008544998243451118, -0.0071593234315514565, 0.014819028787314892, 0.022016843780875206, -0.012669948861002922, -0.003313432214781642, -0.006755168084055185, -0.005497795529663563, -0.012548061087727547, -0.035155098885297775, -0.006370258051902056, -0.03638681024312973, 0.019502099603414536, 0.0166665967553854, -0.002601349027827382, 0.016705088317394257, 0.00565496739000082, 0.0010472754947841167, 0.004657409153878689, -0.019604742527008057, 0.006915546953678131, -0.04595823585987091, -0.013920905999839306, -0.01444694958627224, 0.018642466515302658, 0.014985823072493076, 0.03328187018632889, -0.011322764679789543, 0.007788009475916624, -0.0027216332964599133, 0.006351012736558914, 0.0012694005854427814, -0.006033462006598711, -0.004744013771414757, -0.02054135501384735, 0.013664299622178078, 0.034616224467754364, 0.007941973395645618, 0.025160273537039757, -0.024082526564598083, 0.022311940789222717, 0.010713323950767517, -0.01928398385643959, -0.016499802470207214, 0.007755933329463005, -0.02474970370531082, 0.006671770941466093, 0.01275976188480854, -0.0023415349423885345, -0.017269622534513474, -0.016217535361647606, -0.007454420905560255, 0.016102062538266182, -0.0003660653019323945, 0.01121370680630207, -0.007120832335203886, 0.03256337344646454, 0.0033519233111292124, -0.00790348183363676, 0.002280590822920203, 0.018924733623862267, -0.03494981303811073, -0.019938331097364426, -0.018283218145370483, 0.019258322194218636, 0.014023548923432827, 0.031973179429769516, 0.020374560728669167, 0.004647786263376474, 0.015858285129070282, -0.02285081520676613, 0.02807275764644146, -0.015858285129070282, 0.02637915499508381, 0.027431242167949677, -0.0222221277654171, -0.007492911536246538, -0.02594292350113392, 0.005125716328620911, 0.009930673986673355, 0.004788919817656279, 0.024044035002589226, -0.0063413898460567, 0.013266559690237045, -0.032204125076532364, -0.028355024755001068, 0.00561647629365325, -0.02019493654370308, 0.028688613325357437, 0.009532934054732323, 0.026250852271914482, 0.011470313183963299, -0.019014546647667885, 0.004096082411706448, -0.006889886222779751, -0.0018170952098444104, -0.023210063576698303, 0.014216003939509392, 0.04033855348825455, -0.008955569006502628, -0.01297787670046091, -0.004070421680808067, -0.00217474065721035, -0.010617096908390522, 0.0008828869904391468, -0.005606853403151035, -0.019733045250177383, 0.005013450980186462, -0.008442356251180172, 0.017821326851844788, -0.02078513242304325, 0.04223744198679924, -0.02483951486647129, 0.01401071809232235, -0.009706143289804459, 0.010642757639288902, -0.02309459075331688, 0.010969930328428745, -0.018783601000905037, 0.03348715603351593, 0.030818449333310127, 0.018732279539108276, -0.014780538156628609, -0.02155495248734951, -0.005626099184155464, 0.012188811786472797, 0.017949629575014114, 0.023351198062300682, -0.025686318054795265, 0.0036213602870702744, 0.029355790466070175, 0.03831135854125023, -0.011034082621335983, -0.03292262181639671, 0.021298345178365707, 0.018142083659768105, 0.0023046478163450956, 0.0017641701269894838, -0.00757630867883563, -0.027841811999678612, 0.018924733623862267, -0.004727975931018591, -0.01061068195849657, 0.010771060362458229, -0.03348715603351593, -0.008577074855566025, 0.03956873342394829, 0.01154729537665844, -0.0020287956576794386, 0.007864991202950478, -0.007929142564535141, 0.002110589062795043, 0.0008604339091107249, 0.00162143271882087, 0.005542702041566372, 0.02295345813035965, -0.0018491711234673858, -0.01614055223762989, -0.003990232013165951, 0.014677895233035088, 0.01914284937083721, 0.0032813565339893103, 0.029201827943325043, 0.03890155628323555, -0.02614820934832096, 0.02049003355205059, 0.004933261312544346, 0.014690726064145565, -0.04326386749744415, 0.01442128885537386, -0.016217535361647606, -0.03831135854125023, 0.007961219176650047, -0.013612978160381317, -0.028252383694052696, -0.039363447576761246, 0.019104359671473503, 0.004157026298344135, -0.024044035002589226, -0.01526809111237526, 0.02122136391699314, 0.02386441081762314, 0.022157976403832436, -0.02469838224351406, -0.03228110447525978, 0.0037657013162970543, -0.011386916041374207, -0.013548826798796654, 0.013895245268940926, -0.010475963354110718, -0.009629161097109318, 0.001130672637373209, 0.02314591221511364, 0.003653435967862606, -0.005019865930080414, -0.008301222696900368, 0.01454959250986576, 0.007537818048149347, -0.029253149405121803, -0.001961436355486512, -0.02117004245519638, -0.014228833839297295, -0.01715414971113205, 0.007698196917772293, 0.024813855066895485, -0.028483329340815544, -0.022260619327425957, 0.020015312358736992, -4.350283052190207e-05, 0.020913435146212578, -0.009526519104838371, -0.003695134539157152, -0.014870350249111652, -0.01608923263847828, -0.020862113684415817, -0.021683255210518837, -0.022722510620951653, 0.03846532478928566, 0.0063445973210036755, -0.02518593519926071, -0.008403864689171314, -0.025788959115743637, -0.051629241555929184, -0.0013191180769354105, -0.010058977641165257, -0.01232353039085865, 0.02981768362224102, -0.008281976915895939, -0.016640935093164444, 0.05778779834508896, 0.022594207897782326, 0.03271733596920967, -0.027379920706152916, 0.0013070896966382861, 0.010110299102962017, 0.011008421890437603, -0.0038490984588861465, 0.006806489080190659, 0.009802371263504028, -0.007614799775183201, 0.03992798179388046, 0.007877822034060955, -0.02329987660050392, 0.018231896683573723, -0.01825755648314953, -0.019656062126159668, -0.010129543952643871, -0.014998653903603554, 0.005478550214320421, 0.002466630656272173, 0.029073523357510567, -0.04813939332962036, -0.01947643794119358, -0.001768981572240591, -0.016692256554961205, 0.001236522919498384, -0.00908387266099453, 0.0067359223030507565, -0.013080519624054432, 0.0043879724107682705, -0.011617862619459629, -0.02179872803390026, -0.009205760434269905, -0.00023936580691952258, 0.010161619633436203, -0.005148169118911028, -0.009828031063079834, 0.04031288996338844, -0.011656353250145912, 0.00326852616854012, -0.004407217726111412, 0.009526519104838371, -0.027097653597593307, -0.02117004245519638, 0.006254785228520632, -0.001990304794162512, -0.04180121049284935, 0.0033230551052838564, 0.02019493654370308, -0.009731804020702839, -0.004121743142604828, -0.0034064522478729486, 0.008679716847836971, -0.011823147535324097, 0.0020592676009982824, -0.006225917022675276, -0.004946091677993536, 0.019874177873134613, -0.007659705821424723, -0.012317115440964699, 0.017808495089411736, -0.017577549442648888, -0.01120729185640812, -0.032691676169633865, 0.009571424685418606, 0.02159344218671322, -0.016974523663520813, -0.037182290107011795, 0.012002771720290184, 0.010867288336157799, -0.012201642617583275, 0.007640460506081581, 0.20836453139781952, 0.0034513582941144705, 0.009167269803583622, 0.03361545875668526, -0.008820850402116776, 0.013471844606101513, -0.008808020502328873, -0.00504873413592577, -0.022991947829723358, -0.013651469722390175, 0.015422054566442966, 0.02140098810195923, -0.019412286579608917, -0.0007064699311740696, -0.003788154339417815, -0.04123667627573013, -0.012265793979167938, -0.024852346628904343, -0.02038739249110222, -0.015229599550366402, 0.02328704670071602, 0.01605074107646942, -0.01348467543721199, -0.012426173314452171, 0.021054569631814957, 0.010860873386263847, -0.021927030757069588, -0.012047678232192993, 0.005273264832794666, 0.013972227461636066, -0.005783270578831434, 0.00019075089949183166, 0.018090762197971344, 0.009019720368087292, -0.00838461983948946, -0.010007656179368496, 0.02637915499508381, 0.00949444342404604, -0.0007782396278344095, 0.008557829074561596, 0.006325352005660534, -0.00105128507129848, 0.01186163816601038, -0.04508577287197113, -0.01348467543721199, 0.006665355525910854, -0.009212175384163857, -0.010854457505047321, 0.0018812469206750393, 0.013394862413406372, -0.008840096183121204, -0.03253771364688873, 0.028047097846865654, 0.017616041004657745, 0.004513068124651909, -0.008006124757230282, 0.02986900508403778, 0.01874510943889618, 0.012406927533447742, 0.016204705461859703, -0.00648573087528348, 0.02040022239089012, -0.0008371789008378983, 0.03518075868487358, -0.014151852577924728, 0.014806198887526989, -0.01186163816601038, 0.006646110210567713, 0.006280445493757725, 0.020567016676068306, -0.0017433208413422108, -0.020477203652262688, 0.023235725238919258, 0.012932971119880676, 0.011374086141586304, -0.02594292350113392, 0.025968585163354874, 0.027713509276509285, 0.02478819340467453, 0.033461496233940125, -0.02938145212829113, -0.01913001947104931, -0.03397471085190773, -0.012695609591901302, -0.016268856823444366, 0.006469693034887314, 0.0061104437336325645, 0.013003537431359291, -0.012740516103804111, -0.017667362466454506, -0.02063116803765297, -0.010719738900661469, -0.014074870385229588, -0.01720547117292881, -0.0027023879811167717, 0.016179043799638748, -0.001876435475423932, 0.024634230881929398, -0.011919374577701092, -0.01773151382803917, -0.0055330791510641575, 0.06374107301235199, -0.026738403365015984, 0.011329179629683495, -0.0031193734612315893, -0.004288537427783012, 0.020515695214271545, 0.0016470934497192502, -0.008583489805459976, 0.004856279119849205, 0.013292220421135426, -0.015576018951833248, 0.007569893728941679, -0.008352544158697128, 0.017513398081064224, -0.010706909000873566, 0.0018154914723709226, -0.03310224786400795, 0.009154438972473145, -0.013805433176457882, -0.018591145053505898, 0.002575688296929002, -0.013394862413406372, 0.002288609743118286, 0.007332532666623592, -0.016782069578766823, 0.00034862407483160496, -0.010187280364334583, -0.007813669741153717, -0.018719449639320374, 0.010475963354110718, -0.029304469004273415, -0.010289923287928104, -0.012746931053698063, -0.02227344922721386, -0.004772881977260113, -0.0038683440070599318, 0.00033378900843672454, -0.013279389590024948, 0.01058502122759819, 0.01447261031717062, 0.0020127578172832727, -0.014742047525942326, -0.007775179110467434, -0.0038619288243353367, 0.010225771926343441, 0.029022201895713806, -0.0017433208413422108, -0.02474970370531082, -0.01236843690276146, -0.020066633820533752, 0.0014883180847391486, 0.015729982405900955, -0.0031739023979753256, 0.019001716747879982, -0.027867473661899567, -0.02228628098964691, -0.02474970370531082, 0.01691037230193615, -0.01488318108022213, -0.025724807754158974, 0.029509754851460457, 0.010552944615483284, 2.2666077711619437e-05, -0.03294828161597252, -0.024967819452285767, -0.15919871628284454, 0.013689960353076458, 0.005407983437180519, -0.03464188799262047, 0.026302173733711243, 0.022773832082748413, 0.01825755648314953, 0.01788547821342945, -0.013933736830949783, -0.005584400612860918, 0.014754877425730228, -0.013279389590024948, -0.009898598305881023, -0.0072555504739284515, -0.028996542096138, 0.006755168084055185, -0.014254494570195675, 0.02040022239089012, 0.026687083765864372, 0.018834922462701797, 0.021465139463543892, 0.0019790781661868095, 0.018783601000905037, 0.0013335522962734103, 0.008243486285209656, 0.014767708256840706, -0.004089666996151209, -0.003704757196828723, -0.00723630515858531, -0.03797777369618416, -0.0038426832761615515, 0.0017802080838009715, -0.0004963733372278512, 0.012214472517371178, -0.018860582262277603, -0.02038739249110222, 0.006838565226644278, 0.018732279539108276, -0.017333773896098137, 0.01720547117292881, 0.03161392733454704, 0.010135959833860397, 0.001599781564436853, 0.00944953691214323, -0.011194461025297642, 0.014613743871450424, 0.02415950782597065, 0.01638432964682579, -0.029561076313257217, 0.00253078225068748, 0.004634955897927284, -0.026135379448533058, -0.008512922562658787, -0.01874510943889618, 0.008378203958272934, 0.0005196282872930169, -0.0005657373112626374, 0.03638681024312973, -0.018526993691921234, -0.011329179629683495, -0.014382798224687576, -0.045496344566345215, 0.0023110629990696907, 0.0002862767141778022, -0.00901330541819334, -0.0016583199612796307, -0.012811082415282726, 0.013446183875203133, -0.03464188799262047, 0.005132131278514862, -0.00034441411844454706, -0.019784366711974144, -0.010431056842207909, 0.015191108919680119, -0.0034385279286652803, -0.004461746662855148, -0.02049003355205059, -0.025442540645599365, -0.012894479557871819, 0.0015620924532413483, -0.006607619114220142, 0.01444694958627224, 0.005610060878098011, 0.021093059331178665, 0.021080229431390762, 0.02073381096124649, 0.007056680507957935, 0.007140077650547028, 0.0014241664903238416, 0.0024762533139437437, 0.016012249514460564, -0.0003935302374884486, -0.02140098810195923, -0.013766942545771599, 0.013664299622178078, -0.004686277359724045, 0.005359869450330734, -0.012336360290646553, 0.008468016982078552, -0.0024056865368038416, 0.017359433695673943, 0.008185749873518944, -0.018591145053505898, 0.01111106388270855, 0.04326386749744415, -0.004567597061395645, -0.034770190715789795, 0.011823147535324097, 0.03992798179388046, -0.014844689518213272, -0.03741323575377464, 0.0297150406986475, -0.005731949117034674, 0.02494215779006481, 0.022748172283172607, 0.018591145053505898, 0.003977401647716761, -0.025968585163354874, 0.0018860582495108247, -0.0033743763342499733, 0.01638432964682579, -0.00023254970437847078, -0.007832915522158146, -0.005391945596784353, 0.012464663945138454, -0.015178278088569641, -0.11075139045715332, -0.04644578695297241, -0.0005785676185041666, 0.008891417644917965, 0.01605074107646942, 0.0014369967393577099, -0.006193840876221657, 0.03069014474749565, -0.014408458955585957, 0.02773916907608509, -0.016563953831791878, -0.024801025167107582, -0.00419230991974473, -0.006870640907436609, 0.008532168343663216, -0.014819028787314892, -0.01490884181112051, -0.017462076619267464, -0.000803098373580724, 0.027816152200102806, 0.007749518379569054, -0.02106739953160286, 0.007480081636458635, 0.024082526564598083, -0.004169856663793325, 0.006697431206703186, -0.02933013066649437, 0.006216294132173061, 0.023171573877334595, 0.0023848372511565685, -0.014177512377500534, -0.02169608511030674, -0.0008299618493765593, -0.00794838834553957, 0.015717152506113052, -0.006601203698664904, -0.024865176528692245, -0.004596465267241001, 0.043032921850681305, -0.015011483803391457, -0.0026622931472957134, 0.005032696295529604, -0.004856279119849205, -0.009507273323833942, 0.007890651933848858, 0.009892183355987072, 0.010591436177492142, 0.03643813356757164, 0.0021218154579401016, -0.021182872354984283, -0.05132131278514862, 0.0017304904758930206, -0.029458433389663696, -0.030125610530376434, 0.03846532478928566, 0.00395174091681838, -0.004846656695008278, -0.006601203698664904, 0.005424021277576685, 0.00030732646700926125, -0.02092626504600048, 0.00975746475160122, 0.01893756538629532, -0.013119010254740715, 0.00021450704662129283, 0.004035138059407473, -0.014870350249111652, 0.014049209654331207, -0.007871406152844429, -0.006838565226644278, -0.0023254971019923687, 0.013420523144304752, -0.019027376547455788, 0.026302173733711243, -0.013163916766643524, -0.019207000732421875, -0.02595575340092182, -0.02473687380552292, -0.005093640182167292, -0.004500237759202719, -0.00010284309973940253, -0.025930093601346016, 0.009000475518405437, -0.01802661083638668, 0.032845638692379, 0.01256089098751545, 0.03305092453956604, -0.00400947779417038, 0.014677895233035088, -0.031536947935819626, 0.005016658455133438, 0.02358214370906353, 0.03015127219259739, -0.01546054519712925, -0.025301408022642136, -0.03030523471534252, 0.0024778570514172316, 0.0031819213181734085, 0.0009863314917311072, -0.005898743402212858, -0.015640169382095337, -0.013946566730737686, -0.012079753912985325, 0.007133662700653076, 0.001797849778085947, -0.027893133461475372, 0.017359433695673943, -0.010398981161415577, 0.013253728859126568, 0.021619103848934174, -0.002238892251625657, -0.01338203251361847, -0.018052272498607635, 0.02580179087817669, -0.02261986956000328, -0.016602445393800735, -0.02329987660050392, 0.01832170970737934, 0.012503154575824738, -0.011816732585430145, 0.027097653597593307, -0.016204705461859703, -0.02527574636042118, -0.03112637624144554, -0.00448099197819829, 0.010257847607135773, -0.019874177873134613, 0.027431242167949677, 0.002901257947087288, 0.017462076619267464, -0.02884257771074772, -0.028380686417222023, 0.015524697490036488, -0.016166213899850845, -0.002126626903191209, 0.015062805265188217, -0.014819028787314892, -0.004096082411706448, 0.02111872099339962, 0.01879643090069294, 0.031331662088632584, 0.06091839820146561, -0.017115658149123192, -0.035693973302841187, 0.01705150678753853, -0.03523208200931549, -0.022991947829723358, 0.01680772937834263, -0.035052455961704254, -0.0010577001376077533, 0.014626574702560902, -0.00821140967309475, 0.021516460925340652, 0.008949154056608677, -0.02922748774290085, -0.012605797499418259, -0.015883946791291237, -0.06230407580733299, 0.011034082621335983, 0.013920905999839306, 0.005699873436242342, 0.008705377578735352, 0.028252383694052696, 0.0057511948980391026, 0.01938662678003311, -0.024954987689852715, 0.018283218145370483, 0.021721746772527695, 0.011900129728019238, 0.0381830558180809, 0.023890070617198944, -0.022004013881087303, 0.010976346209645271, -0.010232186876237392, 0.01488318108022213, 0.00507439486682415, 0.023979883641004562, 0.034231316298246384, -0.00237361085601151, -0.03246073052287102, 0.011803901754319668, 0.004144195932894945, 0.002216439228504896, 0.012862403877079487, -0.01348467543721199, 0.021093059331178665, 0.02204250358045101, 0.01162427756935358, 0.0017721890471875668, 0.005940441973507404, 0.005783270578831434, 0.0025131406728178263, -0.02111872099339962, -0.0025901226326823235, -0.030869770795106888, -0.012387681752443314, -0.004849864169955254, -0.024570079520344734, -0.006607619114220142, -0.02720029652118683, 0.0034449431113898754, 0.005270057357847691, 0.008294806815683842, 0.006569128017872572, 0.010392566211521626, -0.011059743352234364, -0.012644288130104542, 0.0009678878705017269, -0.004586842376738787, -0.02000248245894909, -0.03446226194500923, 0.03210148215293884, -0.016294516623020172, -0.005927611608058214, -0.005542702041566372, 0.0003532349655870348, 0.02483951486647129, 0.00843594130128622, -0.005353454500436783, -0.019630402326583862, -0.009847276844084263, 0.012644288130104542, -0.006594788748770952, 0.012336360290646553, 0.037567202001810074, -0.02676406502723694, 0.013985058292746544, 0.01546054519712925, -0.00013371607929002494, -0.022940626367926598, -0.011072573252022266, -0.006193840876221657, -0.005927611608058214, 0.012387681752443314, -0.010328413918614388, -0.013908076100051403, 0.013016368262469769, -0.01203484833240509, -0.006998944096267223, 0.01687188260257244, 0.011046912521123886, 0.043494813144207, 0.012791837565600872, 0.0009943504119291902, 0.0005994169041514397, -0.02159344218671322, 0.023312706500291824, 0.006479315925389528, 0.012105414643883705, 0.006774413399398327, -0.011797486804425716, 0.04162158444523811, -0.0016647351440042257, 0.013997888192534447, -0.02015644498169422, 0.013042028993368149, -0.0089363232254982, 0.0062291244976222515, 0.007954803295433521, 0.007659705821424723, 0.025737639516592026, 0.029124844819307327, 0.024582909420132637, 0.003817022778093815, 0.007415929809212685, -0.007050265558063984, -0.0009205760434269905, 0.003746455768123269, -0.011829562485218048, -0.006187425926327705, -0.05404134467244148, -0.006203463766723871, -0.006588373798877001, 0.005449682008475065, -0.018873412162065506, 0.002944560255855322, 0.0015588848618790507, 0.00874386914074421, 0.02068248949944973, 0.03281997889280319, -0.0003967377997469157, 0.027508223429322243, 0.03233242779970169, -0.013561656698584557, -0.010687663219869137, -0.03205015882849693, 0.02518593519926071, -0.0013640242395922542, -0.002957390621304512, -0.013920905999839306]"
7214,"spring mongotemplate query append an array is creating array of array<p>I need to append my field in mongodb</p>
<p>I am using below mongotemplate query for testing</p>
<pre><code>List&lt;String&gt; dataList = Arrays.asList(&quot;Hello&quot;, &quot;World!&quot;, &quot;How&quot;, &quot;Are&quot;, &quot;You&quot;);

Update update = new Update();
     
update.push(&quot;mylist&quot;, dataList);
UpdateResult upResult = null;
query = new Query(Criteria.where(&quot;myId&quot;).is(appenModel.getMyId()));
try {
upResult = mongoTemplate.updateFirst(query, update, AppenModel.class);
logger.info(&quot;Updated Successfully&quot;);
} catch (Exception e) {
logger.error(&quot;Update is failed&quot;, e);
}
</code></pre>
<p>for testing purpose I am calling above code multiple times but its getting appended in my collection as a extra array .</p>
<p>It is updating as Array of Array</p>
<pre><code>{
_id:5d5d55cde95b5c58740ec2d4
myId:123
   mylist:[[&quot;Hello&quot;, &quot;World!&quot;, &quot;How&quot;, &quot;Are&quot;, &quot;You&quot;,&quot;Hello&quot;, &quot;World!&quot;, &quot;How&quot;, &quot;Are&quot;, &quot;You&quot;,&quot;Hello&quot;, &quot;World!&quot;, &quot;How&quot;, &quot;Are&quot;, &quot;You&quot;]]
}
</code></pre>
<p>my expectation is</p>
<pre><code>{
myId:123
_id:5d5d55cde95b5c58740ec2d4
mylist:[&quot;Hello&quot;, &quot;World!&quot;, &quot;How&quot;, &quot;Are&quot;, &quot;You&quot;,&quot;Hello&quot;, &quot;World!&quot;, &quot;How&quot;, &quot;Are&quot;, &quot;You&quot;,&quot;Hello&quot;, &quot;World!&quot;, &quot;How&quot;, &quot;Are&quot;, &quot;You&quot;]
}
</code></pre>
","I use aws-cli for provisioning. Here is an example of the permissions I'm setting:

```aws lambda add-permission \
--region ${REGION} \
--function-name ${FUNCTION_ARN}:PROD \
--statement-id sns-invoke \
--action lambda:invokeFunction \
--principal sns.amazonaws.com \
--source-arn arn:aws:sns:us-west-2:${ACCT_NUM}:prod-reducer-us-west-2```

This is giving the production topic the ability to invoke the PROD alias of the lambda function.","Embed Field: spring mongotemplate query append an array is creating array of array<p>I need to append my field in mongodb</p>
<p>I am using below mongotemplate query for testing</p>
<pre><code>List&lt;String&gt; dataList = Arrays.asList(&quot;Hello&quot;, &quot;World!&quot;, &quot;How&quot;, &quot;Are&quot;, &quot;You&quot;);

Update update = new Update();
     
update.push(&quot;mylist&quot;, dataList);
UpdateResult upResult = null;
query = new Query(Criteria.where(&quot;myId&quot;).is(appenModel.getMyId()));
try {
upResult = mongoTemplate.updateFirst(query, update, AppenModel.class);
logger.info(&quot;Updated Successfully&quot;);
} catch (Exception e) {
logger.error(&quot;Update is failed&quot;, e);
}
</code></pre>
<p>for testing purpose I am calling above code multiple times but its getting appended in my collection as a extra array .</p>
<p>It is updating as Array of Array</p>
<pre><code>{
_id:5d5d55cde95b5c58740ec2d4
myId:123
   mylist:[[&quot;Hello&quot;, &quot;World!&quot;, &quot;How&quot;, &quot;Are&quot;, &quot;You&quot;,&quot;Hello&quot;, &quot;World!&quot;, &quot;How&quot;, &quot;Are&quot;, &quot;You&quot;,&quot;Hello&quot;, &quot;World!&quot;, &quot;How&quot;, &quot;Are&quot;, &quot;You&quot;]]
}
</code></pre>
<p>my expectation is</p>
<pre><code>{
myId:123
_id:5d5d55cde95b5c58740ec2d4
mylist:[&quot;Hello&quot;, &quot;World!&quot;, &quot;How&quot;, &quot;Are&quot;, &quot;You&quot;,&quot;Hello&quot;, &quot;World!&quot;, &quot;How&quot;, &quot;Are&quot;, &quot;You&quot;,&quot;Hello&quot;, &quot;World!&quot;, &quot;How&quot;, &quot;Are&quot;, &quot;You&quot;]
}
</code></pre>; Answer: I use aws-cli for provisioning. Here is an example of the permissions I'm setting:

```aws lambda add-permission \
--region ${REGION} \
--function-name ${FUNCTION_ARN}:PROD \
--statement-id sns-invoke \
--action lambda:invokeFunction \
--principal sns.amazonaws.com \
--source-arn arn:aws:sns:us-west-2:${ACCT_NUM}:prod-reducer-us-west-2```

This is giving the production topic the ability to invoke the PROD alias of the lambda function.","[-0.02964053489267826, 0.046539172530174255, 0.018868332728743553, -0.015635313466191292, -0.02386728674173355, 0.03200417011976242, 0.007878785952925682, -0.02753499709069729, -0.021340642124414444, -0.017632178962230682, 0.0007280235295183957, -0.011145764961838722, -0.0033960281871259212, -0.005450625438243151, -0.007871993817389011, 0.005637406837195158, 0.019343776628375053, 0.007002610247582197, -0.02460082806646824, -0.011845346540212631, -0.019167182967066765, 0.017686516046524048, -0.005729099735617638, 0.007240332197397947, -0.02820061892271042, -0.006622255314141512, 0.029586197808384895, -0.02195192687213421, -0.01368599385023117, 0.02367710880935192, 0.027901768684387207, 0.019466033205389977, -0.0027881392743438482, -0.03847020864486694, -0.011858930811285973, -0.017781604081392288, -0.0020172407384961843, -0.004329936113208532, 0.040942516177892685, -0.014901772141456604, 0.019751301035284996, -0.0036541263107210398, 0.0026573920622467995, -0.028091946616768837, -0.03151514381170273, 0.03197700157761574, -0.0005200168234296143, -0.03097177855670452, -0.00790595356374979, 0.007838033139705658, 0.02423405833542347, 0.014127478003501892, -0.05938974395394325, 0.013903339393436909, -0.0036303543020039797, -0.010208460502326488, 0.015703234821558, 0.03113478794693947, 0.018297800794243813, -0.006771680433303118, 0.014684426598250866, 0.02499476820230484, 0.0013983146054670215, 0.001406804658472538, -0.003446968737989664, -0.008897594176232815, 0.011098220013082027, 0.00300548505038023, 0.008972306735813618, 0.00083966797683388, 0.01968337967991829, 0.023975959047675133, -0.009176068007946014, -0.012592473067343235, 0.020593514665961266, -0.001535853836685419, -0.000868109695147723, -0.0032805632799863815, 0.01117293257266283, 0.013088293373584747, 0.0035929977893829346, -0.011166141368448734, -0.01083333045244217, 0.03480249643325806, 0.007206371985375881, 0.010018283501267433, -0.016450360417366028, 0.030618591234087944, 0.0055762785486876965, -0.013767498545348644, 0.004917448852211237, 0.018420057371258736, 0.03178682550787926, -0.005111022386699915, 0.008109715767204762, 0.028934160247445107, -0.008361021988093853, 0.05289653688669205, -0.012612848542630672, -0.01363844983279705, -0.02547021210193634, 0.007973873987793922, -0.030129563063383102, -0.008646287955343723, -0.011261229403316975, -0.0036880867555737495, 0.017374079674482346, 0.015431552194058895, -0.000787878583651036, -0.007287876680493355, -0.019194351509213448, 0.0018304592231288552, 0.010473350994288921, -0.03135213255882263, -0.011879307217895985, -0.032357357442379, 0.01901775784790516, -0.053711581975221634, -0.031759656965732574, -0.010717865079641342, 0.018433641642332077, 0.027018800377845764, 0.0320313386619091, -0.01571681909263134, 0.033389750868082047, 0.007376173511147499, -0.008469694294035435, -0.019859973341226578, 0.013414311222732067, -0.004652558825910091, 0.03436780720949173, 0.009427374228835106, 0.00042726279934868217, 0.020484842360019684, 0.005392892751842737, 0.003674502484500408, -0.006109454669058323, 0.009624344296753407, -0.04102402180433273, -0.025809815153479576, 0.03216718137264252, 0.02811911329627037, 0.011050675995647907, -0.008924762718379498, -0.027005216106772423, 0.017754435539245605, 0.00904022715985775, -0.015839075669646263, 0.008585159666836262, -0.005844564642757177, 0.00624869205057621, -0.0009330587927252054, 0.009957155212759972, 0.008632703684270382, -0.014562169089913368, -0.009882442653179169, -0.007641063537448645, -0.007994250394403934, 0.0015035915421321988, 0.013278470374643803, 0.02708672173321247, -0.007491638418287039, 0.003277167212218046, 0.01093521062284708, -0.014127478003501892, 0.03262903913855553, 0.0035148891620337963, -0.020607098937034607, -0.006679987534880638, -0.020783692598342896, 0.009685472585260868, 0.017251823097467422, -0.027195394039154053, 0.007933122105896473, -0.012809818610548973, -0.000572655291762203, 0.006557730492204428, 0.01627376675605774, -0.018813995644450188, -0.015825491398572922, -0.002341561485081911, 0.007851617410779, -0.0026115458458662033, 0.04903864860534668, -0.02329675294458866, -0.03300939500331879, -0.015567393973469734, -0.012470215559005737, -0.003623562166467309, -0.004017501603811979, 0.028743982315063477, 0.02234586514532566, 0.005433645099401474, -0.0179989505559206, -0.6003091335296631, -0.010751825757324696, 0.015947747975587845, -0.004645766690373421, -0.00927115697413683, -0.02015882357954979, 0.011397071182727814, -0.0041839065961539745, -0.03295505791902542, 0.027100306004285812, -0.03056425414979458, 0.018107622861862183, 0.007376173511147499, -0.008788920938968658, 0.010025075636804104, -0.013271678239107132, 0.00923040509223938, -0.02567397430539131, -0.010677113197743893, 0.0026217338163405657, -0.010025075636804104, 0.023894455283880234, 0.025687558576464653, 0.0029103963170200586, -0.014263318851590157, -0.0007072229054756463, -0.015553809702396393, 0.006323404610157013, -0.006116246804594994, 0.04507208615541458, -0.02782026305794716, 0.018324969336390495, -0.0008613176760263741, 0.00904022715985775, 0.06199789047241211, 0.002676070202142, -0.04088817909359932, -0.0014416140038520098, -0.016898635774850845, 0.031406469643116, -0.014915356412529945, -0.007505222223699093, 0.0021310078445822, 0.01714315079152584, -0.004584637936204672, 0.005909088999032974, 0.014698009938001633, 0.004907260648906231, 0.01912643201649189, -0.017251823097467422, 0.0209331177175045, 0.013719954527914524, -0.0085240313783288, 0.000504734693095088, -0.0029511486645787954, -0.0015918882563710213, 0.01628735102713108, -0.012341166846454144, 0.03746498376131058, 0.016070006415247917, -6.19775164523162e-05, 0.024777421727776527, -0.031189123168587685, -0.008897594176232815, -0.03406895697116852, 0.01573040336370468, -0.012857362627983093, -0.005474397446960211, 0.016640538349747658, -0.02945035696029663, 0.001275208662264049, -0.0026047537103295326, -0.010514103807508945, -0.014018804766237736, 0.013991636224091053, 0.02623092196881771, 0.0017005611443892121, 0.0027456888929009438, -0.010344302281737328, 0.006252088118344545, 0.025103440508246422, -0.02507627196609974, -0.01476593129336834, 0.010201669298112392, -0.023052239790558815, 0.017020894214510918, -0.021802501752972603, -0.01392371580004692, 0.013095084577798843, -0.017102397978305817, 0.017020894214510918, 0.01589341275393963, -0.01789027638733387, -0.00568155525252223, -0.0021938341669738293, 0.009332285262644291, 0.01674921065568924, 0.011023507453501225, 0.016694875434041023, -0.025497380644083023, -0.029287347570061684, -0.004588034003973007, -0.009773769415915012, 0.019452450796961784, 0.0478975810110569, 0.007050154730677605, -0.014032389037311077, 0.012592473067343235, 0.022753389552235603, -0.026950880885124207, -0.007389757316559553, 0.017183903604745865, -0.016056422144174576, 0.0068022445775568485, -0.009434166364371777, -0.030238235369324684, 0.011274813674390316, -0.001537551754154265, 0.012150988914072514, -0.004812172148376703, 0.02556530013680458, 0.030428413301706314, 0.01373353786766529, -0.02612224966287613, 0.0025317389518022537, 0.0017268803203478456, -0.002789837308228016, -0.005864940583705902, 0.034503646194934845, 0.026733534410595894, -0.0007734454120509326, -0.01837930455803871, 0.04211074858903885, -0.02364994026720524, 0.01273510605096817, -0.020851613953709602, 0.017170319333672523, 0.004672934766858816, 0.04422987252473831, -0.0076071033254265785, 0.016599785536527634, 0.000297789229080081, 0.018338551744818687, -0.012327582575380802, 0.01046655885875225, -0.0122528700158, -0.04754439741373062, -0.0049989535473287106, -0.023432595655322075, -0.008721000514924526, -0.026244506239891052, 0.009583591483533382, 0.02216927334666252, 0.016124341636896133, -0.009148900397121906, -0.003919016569852829, -0.012395502999424934, -0.029993722215294838, -0.009013058617711067, -0.04746289178729057, 0.0021513840183615685, 0.029097169637680054, -0.023975959047675133, -0.011566872708499432, -0.012198533862829208, -0.014290486462414265, -0.016110757365822792, 0.0018117810832336545, 0.00306321750395, -0.020484842360019684, 0.007688608020544052, -0.0016513187438249588, -0.02055276371538639, -0.0006286897114478052, -0.004723875317722559, 0.0009296627249568701, -0.053630080074071884, -0.0043876683339476585, -0.0025334369856864214, -0.01083333045244217, 0.006989025976508856, 0.006639235187321901, 0.03186832740902901, 0.007002610247582197, 0.020810861140489578, 0.005610238760709763, 0.009298325516283512, 0.0018695135368034244, -0.017306160181760788, 0.03703029081225395, -0.004703498911112547, 0.03292788937687874, -0.0199822299182415, -0.008951930329203606, -0.022182855755090714, 0.0046967072412371635, 0.01827063225209713, 0.006669799331575632, 0.0031922664493322372, 0.0037560071796178818, 0.014480664394795895, 0.015662482008337975, 0.02602715976536274, -0.011777426116168499, 0.008177636191248894, -0.017061645165085793, -0.006418493576347828, -0.002178552094846964, 0.029857881367206573, 0.007131659425795078, 0.013991636224091053, -0.013190173543989658, 0.0025317389518022537, 0.006639235187321901, -0.017971782013773918, 0.02017240785062313, -0.002942658495157957, -0.02423405833542347, 0.0010612588375806808, 0.012830195017158985, -0.016355272382497787, -0.0022770368959754705, 0.01846081018447876, 0.010622776113450527, -0.013522984459996223, -0.005739287938922644, 0.004944616928696632, 0.03040124475955963, -0.008727792650461197, -0.0033026374876499176, -0.007328629028052092, 0.005314784124493599, 0.0179989505559206, 0.023133745416998863, 0.009074187837541103, -0.013835418969392776, 0.017971782013773918, -0.018718907609581947, 0.03947543352842331, -0.013298846781253815, 0.007994250394403934, 0.016110757365822792, 0.011994771659374237, -0.028716815635561943, 0.03689445182681084, 0.015676066279411316, 0.021422145888209343, 0.01674921065568924, 0.013882963918149471, 0.018868332728743553, -0.023989543318748474, 0.005263843573629856, -0.02169382944703102, 0.010853705927729607, 0.01505119726061821, -0.008170844055712223, 0.0058038122951984406, 0.008714208379387856, 0.025877734646201134, 0.0391765832901001, 0.008320269174873829, -0.025252865627408028, -0.0036167700309306383, -0.024288393557071686, 0.017591426149010658, 0.01693938858807087, 0.006557730492204428, -0.007158827502280474, -0.014141061343252659, -0.023554852232336998, -1.7195709460793296e-06, -0.007722568232566118, 0.010969171300530434, -0.03847020864486694, -0.004082025960087776, -0.012205325998365879, 0.009121731854975224, 0.02176174893975258, 0.02282130904495716, 0.02128630504012108, -0.013753914274275303, -0.00325509300455451, 0.0010756920091807842, -0.0017574445810168982, -0.0038952443283051252, -0.0067920563742518425, -0.012205325998365879, 0.024587243795394897, 0.003922412637621164, 0.010901250876486301, 0.004465776961296797, 0.010785785503685474, 0.011431030929088593, 0.004306163638830185, -0.011451407335698605, 0.027249731123447418, 0.030346907675266266, 0.00969905685633421, 0.04960918053984642, 0.00773615250363946, 0.003273771144449711, 0.02508985623717308, -0.03415045887231827, -0.010778993368148804, 0.022794142365455627, 0.0031566082034260035, 0.0046967072412371635, -0.02858097292482853, 0.014086725190281868, 0.013692785985767841, -0.021720996126532555, -0.023826533928513527, -0.004126174375414848, 0.011621208861470222, 0.020960286259651184, -0.01723823882639408, -0.008001042529940605, 0.023826533928513527, 0.0072199562564492226, 0.010663528926670551, -0.012402295134961605, -0.03186832740902901, -0.02301148697733879, 0.04251827299594879, 0.006934689823538065, 0.03534586355090141, 0.007077322807163, 0.0020376169122755527, -0.012823402881622314, -0.0020376169122755527, -0.012429463677108288, -0.02548379637300968, 0.015187038108706474, -0.03113478794693947, -0.016233015805482864, 0.006415097508579493, -0.003452062839642167, -0.007179203908890486, 0.023500515148043633, 0.008605536073446274, -0.008035003207623959, -0.01988714188337326, -0.027901768684387207, -0.028064778074622154, -0.0028390795923769474, 0.0085240313783288, 0.03879622742533684, 0.03540019690990448, 0.01434482354670763, 0.01789027638733387, 0.009135316126048565, -0.02271263673901558, 0.02612224966287613, -0.02953186258673668, 0.0010858799796551466, -0.00029566671582870185, 0.032221514731645584, 0.015132701955735683, 0.009454542770981789, 0.04363217204809189, 0.01179101038724184, -0.026393931359052658, 0.00095258594956249, 0.0045676580630242825, -0.009549631737172604, 0.023147327825427055, -0.0005688347155228257, 0.008476486429572105, 0.012293621897697449, -0.014045973308384418, -0.009692264720797539, -0.009488502517342567, -0.0006235956680029631, 0.011587248183786869, -0.009019850753247738, -0.0194252822548151, -0.043496329337358475, -0.0020274289418011904, 0.03287355229258537, 0.021612323820590973, -0.006904125679284334, -0.017007309943437576, -0.014983276836574078, -0.025918487459421158, -0.013658825308084488, 0.00215477985329926, 0.032710544764995575, -0.00885684136301279, -0.01592058129608631, -0.04230092838406563, -0.03401461988687515, 0.019846389070153236, -0.015513056889176369, 0.007342213299125433, -0.016056422144174576, -0.0272768996655941, -0.02489967830479145, 0.018990589305758476, 0.04512642323970795, 0.008184428326785564, 0.01088087446987629, 0.017944613471627235, -0.0023381654173135757, -0.0007420321926474571, -0.004442004952579737, -0.022699052467942238, 0.025334371253848076, -0.009325494058430195, -0.010595608502626419, -0.014195398427546024, -0.0034062163904309273, 0.011159349232912064, -0.02128630504012108, 0.0029986929148435593, -0.022373033687472343, 0.005253655835986137, 0.011709505692124367, 0.0016411306569352746, 0.005841168574988842, 0.014915356412529945, 0.007213164120912552, 0.016165094450116158, -0.002862851833924651, 0.011526119895279408, 0.005199319217354059, 0.001650469726882875, -0.0161786787211895, -0.0036269582342356443, -0.008204804733395576, 0.003531869500875473, 0.020756524056196213, 0.01674921065568924, -0.016314519569277763, -0.01041901484131813, -0.007253916468471289, 0.005039705894887447, 0.014684426598250866, 0.004645766690373421, 0.014711594209074974, 0.018963422626256943, 0.007118075154721737, 0.024560077115893364, -0.01254492811858654, 0.004326540045440197, -0.010276381857693195, -0.029205843806266785, 0.02329675294458866, 0.002669278299435973, -0.01818912662565708, -0.0027371987234801054, 0.006533958483487368, -0.0008061322150751948, -0.028336459770798683, -0.012218909338116646, -0.007953498512506485, 0.014711594209074974, -0.006561126559972763, 0.00030627931118942797, -0.048821303993463516, 0.01231399830430746, -0.017251823097467422, 0.006061910651624203, 0.0058989012613892555, 0.00013297573605086654, -0.011933643370866776, -0.007756528444588184, -0.004948012996464968, -0.009603967890143394, 0.000873628247063607, -0.020389754325151443, -0.01231399830430746, 0.03048275038599968, -0.0016818830044940114, 0.011587248183786869, 0.005148378666490316, -9.943995246430859e-05, -0.016626954078674316, -0.014018804766237736, -0.018297800794243813, -0.03491117060184479, -0.01969696395099163, 0.003959768917411566, 0.028553806245326996, 0.003056425368413329, 0.05289653688669205, -0.02101462334394455, 0.05341273173689842, -0.011661960743367672, -0.015132701955735683, 0.02500835247337818, -0.009264364838600159, -0.02547021210193634, 0.004662747029215097, -0.018854748457670212, 0.015458720736205578, 0.023622771725058556, 0.02461441233754158, 0.002760970965027809, -0.004017501603811979, 0.02991221658885479, -0.03605223447084427, 0.0050634779036045074, -0.0038952443283051252, -0.055042825639247894, -0.027018800377845764, 0.03224868327379227, -0.029477525502443314, -0.01628735102713108, -0.025144193321466446, 0.012762274593114853, 0.019642626866698265, 0.004920844919979572, 0.024383483454585075, -0.024641580879688263, 0.029885048046708107, -0.004241639282554388, 0.002210814505815506, 0.006734324153512716, -0.01325809396803379, -0.006720739882439375, -0.008422150276601315, -0.004224658943712711, -0.004778211936354637, 0.02820061892271042, -0.004435212817043066, 0.007967081852257252, -0.0078108650632202625, 0.01790386065840721, -0.007423717994242907, 0.02451932430267334, -0.01950678601861, -0.02488609589636326, 0.012110237032175064, -0.019262272864580154, -0.00923040509223938, -0.019764885306358337, -0.016300935298204422, -0.014317655004560947, 0.021340642124414444, 0.02488609589636326, 0.014263318851590157, 0.005406477022916079, -0.0282277874648571, 0.00010570137965260074, 0.01731974445283413, -0.016871469095349312, 0.02499476820230484, 0.009502086788415909, 0.015662482008337975, 0.029287347570061684, 0.00124804035294801, -0.03284638375043869, 0.00696185790002346, 0.007627479266375303, 7.534938049502671e-05, 0.03352558985352516, 0.022780558094382286, -0.016070006415247917, -0.04338765889406204, -0.017605010420084, 0.004703498911112547, 0.014032389037311077, -0.00808933936059475, 0.013047540560364723, -0.006306424271315336, -0.015499472618103027, -0.001627546502277255, 0.024410651996731758, -0.051728300750255585, -0.014752347022294998, -0.01457575336098671, 0.0015231186989694834, 0.001502742525190115, -0.012341166846454144, -0.02764366939663887, 0.022277945652604103, -0.010969171300530434, 0.043876685202121735, 0.021041791886091232, -0.008456110022962093, -0.05284219980239868, -0.015743987634778023, -0.004149946384131908, 0.02291639894247055, -0.000669442059006542, 0.027480660006403923, -0.008496862836182117, 0.009386622346937656, 0.015214206650853157, 0.000873628247063607, -0.013264886103570461, -0.005790228024125099, 0.005151774734258652, 0.033172402530908585, -0.01639602519571781, 0.01486101932823658, -0.0030360491946339607, -0.012436255812644958, 0.014181814156472683, -0.020457673817873, -0.007627479266375303, -0.001736219390295446, -0.0059973858296871185, 0.006459245923906565, 0.031678151339292526, 0.01069748867303133, 0.012884531170129776, -0.009359453804790974, -0.0031277420930564404, -0.006163791287690401, 0.005223091691732407, -0.009780561551451683, 0.021327057853341103, -0.010704280808568, -0.028526637703180313, 0.016233015805482864, -0.01064994465559721, 0.020185992121696472, -0.017346912994980812, -0.00449973763898015, 0.013801459223031998, 0.013624865561723709, -0.010323925875127316, -0.008687039837241173, 0.02462799660861492, -0.022305114194750786, 0.0006223222007974982, 0.01854231394827366, -0.0006320857792161405, 0.005640802904963493, 0.007240332197397947, -0.026434684172272682, -0.048522450029850006, -0.008001042529940605, 0.007328629028052092, 0.018161959946155548, -0.023908039554953575, -0.02187042124569416, 0.02424764260649681, -0.01695297285914421, 0.007939914241433144, -0.013835418969392776, -0.038388703018426895, 0.017387663945555687, -0.024777421727776527, 0.006143415346741676, 0.0023891059681773186, -0.011138972826302052, -0.002358541591092944, -0.010806161910295486, 0.026760702952742577, -0.0014450100716203451, -0.04346916079521179, -0.02264471724629402, 0.012769065797328949, 0.014181814156472683, -0.004693311173468828, -0.01505119726061821, -0.03124346025288105, 0.0001979247754206881, -0.006173979490995407, 0.010731449350714684, -0.0035862058866769075, 0.013027164153754711, 0.0026675802655518055, 0.018487978726625443, 0.030428413301706314, 0.008109715767204762, -0.014412743970751762, -0.022970736026763916, -0.046620674431324005, -0.027765927836298943, -0.010765410028398037, -0.008775336667895317, -0.020294664427638054, 0.019832804799079895, -0.0034843250177800655, -0.016355272382497787, -0.03279205039143562, 0.007097699213773012, -0.03173248842358589, -0.035454533994197845, 0.003436780534684658, -0.002041012980043888, 0.045968636870384216, 0.013509400188922882, 0.002845871727913618, 0.03597073256969452, 0.013645241968333721, -0.005219695623964071, -0.02129988931119442, 0.006720739882439375, -0.027018800377845764, -0.01837930455803871, 0.0034333844669163227, -0.010677113197743893, -0.05036989226937294, 0.007573143113404512, 0.002297413069754839, -0.002365333726629615, 0.026923712342977524, 0.024913262575864792, -0.007505222223699093, -0.008225180208683014, -0.02109612710773945, 0.021001039072871208, -0.021897589787840843, -0.0033994242548942566, 0.01274189818650484, -0.020199576392769814, -0.008748169057071209, -0.003861284116283059, -0.017442001029849052, 0.00615699915215373, 0.008394981734454632, 0.018868332728743553, -0.024274809285998344, 0.034503646194934845, -0.011804594658315182, -0.01064994465559721, -0.005555902142077684, -0.03643259033560753, 0.03575338423252106, -0.01411389373242855, 0.023717861622571945, 0.0478975810110569, -0.01253813598304987, 0.0034096124581992626, -0.014168229885399342, 0.010914835147559643, -0.01277585793286562, -0.025062687695026398, 0.0372748076915741, -0.010208460502326488, 0.0018898897105827928, 0.007450886070728302, -0.0028322874568402767, -0.007240332197397947, -0.008456110022962093, 0.025728309527039528, -0.011478575877845287, -0.018107622861862183, -0.009733016602694988, -0.015839075669646263, -0.025999993085861206, -0.03993729129433632, -0.0011673846747726202, 0.0032007566187530756, 0.004102402366697788, 0.0005701082409359515, -0.01873249188065529, -0.006279256194829941, 0.0029902029782533646, 0.0023160912096500397, -0.027100306004285812, -0.05026121810078621, -0.00020567196770571172, 0.02907000109553337, -0.00030755280749872327, 0.001186062814667821, 0.21191217005252838, 0.00026680045993998647, 0.018121207132935524, 0.013489024713635445, -0.008496862836182117, 0.0063845328986644745, -0.005212903488427401, 0.00036273826844990253, -0.04270845279097557, -0.0089994752779603, 0.010099788196384907, -0.011043883860111237, -0.00021373752679210156, 0.0036473344080150127, 0.006041534245014191, -0.009665096178650856, -0.027956103906035423, -0.041866235435009, -0.021938342601060867, -0.02782026305794716, 0.03730197623372078, 0.008816089481115341, -0.00876175332814455, -0.0018813996575772762, 0.016491113230586052, -0.00012682043598033488, 0.00020492907788138837, -0.008537614718079567, 0.007145243231207132, 0.004058253951370716, -0.02263113297522068, 0.0016733929514884949, 0.01620584726333618, -0.013149421662092209, -0.013543360866606236, 0.0032364148646593094, 0.039421096444129944, 0.02983071282505989, 0.001105407252907753, 0.020484842360019684, 0.001798196928575635, -0.01646394468843937, 0.022549627348780632, -0.002784743206575513, -0.012164573185145855, 0.01655903458595276, -0.019370945170521736, -0.024492155760526657, -0.005454021506011486, 0.04289862886071205, -0.001825365237891674, -0.009671888314187527, 0.041214197874069214, 0.017197487875819206, 0.014888187870383263, -0.00743050966411829, 0.020131655037403107, 0.006554334424436092, -0.019859973341226578, 0.04958201199769974, -0.013475440442562103, 0.01780877262353897, 0.004204283002763987, 0.011220477521419525, -0.00030946306651458144, -0.009570007212460041, -0.006656215526163578, -0.00833385344594717, 0.022848477587103844, -0.008829673752188683, -0.012932075187563896, -0.02282130904495716, 0.023120161145925522, -0.0017557466635480523, -0.012993204407393932, -0.017958197742700577, 0.018786828964948654, 0.012083068490028381, 0.016151510179042816, 0.026434684172272682, -0.02734481915831566, -0.026380347087979317, -0.00511441845446825, -0.01084691472351551, -0.03257470205426216, 0.0006460943841375411, 0.006900729611515999, -0.00827951729297638, -0.022889230400323868, -0.014317655004560947, -0.00813688337802887, -0.0027202186174690723, -0.011329149827361107, 0.0025079669430851936, -0.01250417623668909, -0.004282391630113125, 0.017374079674482346, -0.023323921486735344, -0.0055762785486876965, -0.01874607615172863, -0.027874600142240524, 0.035454533994197845, 0.033933114260435104, 0.003419800428673625, -0.015445136465132236, 0.006941481959074736, -0.00637094909325242, 0.010256005451083183, 0.008782128803431988, -0.010269589722156525, 0.006146810948848724, -0.03561754524707794, -0.0033552758395671844, -0.023079408332705498, -0.00324320700019598, -0.007505222223699093, 0.013339598663151264, -0.0002213785919593647, 0.0009670190629549325, 0.008748169057071209, 0.0024145760107785463, -0.02756216563284397, 0.016586201265454292, -0.006516978144645691, -0.010486935265362263, -0.019044926390051842, -0.017102397978305817, 0.005413269158452749, -0.010806161910295486, -0.022495290264487267, 0.019710548222064972, -0.012932075187563896, -0.005820792634040117, -0.025918487459421158, 0.0016139624640345573, 0.025429459288716316, -0.022929983213543892, -0.041214197874069214, 0.025823399424552917, 0.008198012597858906, 0.020104486495256424, -0.010534479282796383, 0.03230302035808563, -0.00032198592089116573, 0.013706370256841183, -0.023256001994013786, 0.0048902807757258415, 0.005375912878662348, -0.017020894214510918, -0.019724132493138313, -0.014208982698619366, -0.006530562415719032, 0.007613895460963249, -0.017156735062599182, 0.01438557542860508, -0.024301977828145027, -0.0041940947994589806, -0.04754439741373062, -0.005416665226221085, 0.011159349232912064, -0.03787250816822052, 0.0066935718059539795, 0.029124338179826736, -0.0008091037161648273, -0.017292575910687447, -0.0388505645096302, -0.17137716710567474, 0.018420057371258736, 0.029803544282913208, -0.023731445893645287, -0.013713162392377853, 0.005776644218713045, 0.007939914241433144, -0.00627246405929327, -0.01457575336098671, -0.019900726154446602, 0.007063739001750946, -0.00674790795892477, -0.038280028849840164, -0.017605010420084, 0.0010909740813076496, 0.005409873090684414, -0.0006414248491637409, 0.0017659347504377365, 0.02896132878959179, 0.039964459836483, 0.008299892768263817, -0.032520364969968796, 0.011105012148618698, -0.004132966510951519, -0.026258090510964394, 0.017659347504377365, 0.03146080672740936, 0.03262903913855553, -0.005117814522236586, -0.01827063225209713, -0.005355536472052336, -0.004458985291421413, 0.027141056954860687, 0.008625911548733711, 0.006303028669208288, -0.0021004434674978256, -0.0053827050141990185, -0.023717861622571945, -0.004136362578719854, -1.0950864634651225e-05, 0.029504694044589996, 0.02413896843791008, -0.03200417011976242, 0.029993722215294838, 0.002669278299435973, 0.03420479595661163, 0.029423188418149948, -0.005926069337874651, 0.005151774734258652, -0.017727266997098923, -0.007804072927683592, -0.03868755325675011, 0.009929986670613289, 0.008551198989152908, 0.01206948421895504, 0.030835935845971107, 0.016233015805482864, 0.011431030929088593, -0.03086310438811779, -0.014181814156472683, 0.007444093935191631, -0.00837460532784462, -0.0060720983892679214, -0.005352140404284, -0.002372125629335642, -0.01092841848731041, -0.026339594274759293, 0.019832804799079895, -0.0259320717304945, 0.015839075669646263, -0.014996861107647419, 0.019955061376094818, 0.013230926357209682, -0.015961332246661186, 0.015784738585352898, 0.0011198403080925345, -0.01911284774541855, 0.01923510432243347, 0.011295190081000328, -0.0065984828397631645, -0.009766977280378342, 0.03287355229258537, -0.02583698369562626, 0.03067292645573616, -0.028336459770798683, 0.005080458242446184, 0.02442423440515995, 0.0008502805721946061, 0.0035862058866769075, 0.009726225398480892, 0.024560077115893364, -0.029586197808384895, -0.016260182484984398, -0.00637094909325242, 0.00601097010076046, 0.009617552161216736, -0.011498951353132725, 0.031678151339292526, -0.007043362595140934, 0.021231967955827713, 0.010357886552810669, -0.023921623826026917, -0.015078365802764893, 0.017577841877937317, 0.004859716631472111, -0.005922673270106316, 0.017740851268172264, -0.0015069874934852123, 0.043034471571445465, 0.001439915969967842, -0.03588922694325447, 0.02063426747918129, -0.010052243247628212, 0.03738347813487053, 0.0043978565372526646, 0.026910128071904182, 0.0030156730208545923, 0.013006788678467274, 0.002164968056604266, 0.008972306735813618, 0.03955693542957306, -0.036595601588487625, 0.005820792634040117, 0.017156735062599182, -0.003000390948727727, -0.0032941473182290792, -0.08210238069295883, -0.010446183383464813, 0.011335941962897778, 0.041866235435009, -0.041322872042655945, -0.01344827190041542, -0.011668752878904343, 0.010812954045832157, -0.018243463709950447, 0.02062068320810795, -0.04958201199769974, -0.039230916649103165, 0.002631921786814928, 0.028254956007003784, -0.003160004271194339, -0.003919016569852829, -0.009420582093298435, 0.02613583393394947, -0.029966553673148155, 0.032221514731645584, 0.015879828482866287, -0.025388706475496292, 0.017265407368540764, -0.023975959047675133, -0.011240853928029537, 0.012870946899056435, -0.011621208861470222, 0.008911178447306156, 0.030917441472411156, -0.02385370247066021, -0.0043978565372526646, -0.02177533321082592, 0.02159873954951763, 0.010792577639222145, -0.0018813996575772762, -0.010038659907877445, -0.0066833836026489735, -0.004740855656564236, 0.029124338179826736, -0.0023908040020614862, -0.008884009905159473, 0.022970736026763916, 0.004543885588645935, 0.004805380012840033, 0.004822360351681709, -0.03664993867278099, -0.014956108294427395, 0.033933114260435104, 0.013468648307025433, -0.02423405833542347, -0.016925804316997528, 0.003226226894184947, -0.025347955524921417, 0.005634010769426823, 0.01740124821662903, 0.020688604563474655, 0.02575547806918621, 0.023025071248412132, 0.0011580456048250198, 0.009352661669254303, -0.025904903188347816, -0.0011554986704140902, -0.03230302035808563, -0.020661436021327972, 0.02386728674173355, 0.03466665744781494, -0.00904022715985775, -0.017306160181760788, -0.003380746114999056, 0.0190313421189785, -0.02746707573533058, 0.01315621379762888, -0.0263260118663311, 0.015187038108706474, -0.029857881367206573, 0.019669795408844948, -0.01457575336098671, -0.021408561617136, 0.011723089963197708, -0.02253604307770729, -0.0007059493800625205, -0.006686779670417309, -0.012999996542930603, -0.008449317887425423, 0.03146080672740936, -0.004903864581137896, 0.025728309527039528, -0.025524549186229706, 0.005331764463335276, -0.04211074858903885, -0.013061124831438065, -0.0010578627698123455, 0.02185683697462082, -0.02583698369562626, -0.04135004058480263, 0.011668752878904343, -0.020865198224782944, 0.01636885665357113, 0.0012454934185370803, 0.004401252605021, -0.009821313433349133, -0.006357364822179079, -0.052326004952192307, 0.02006373554468155, -0.019859973341226578, -0.021259136497974396, -0.006503394339233637, -0.010079411789774895, -0.015227790921926498, -0.03037407621741295, 0.0019781864248216152, 0.013536568731069565, -0.01268756203353405, 0.026950880885124207, -0.004238243214786053, 0.0004402101621963084, -0.013740330003201962, -0.008123300038278103, 0.02508985623717308, 0.023052239790558815, 0.02347334660589695, 0.013373559340834618, -0.006832808721810579, 0.00731504475697875, 0.001089276047423482, -0.012375126592814922, -0.012320790439844131, -0.017591426149010658, 0.010670321062207222, 0.01581190712749958, -0.032710544764995575, -0.004360500257462263, 0.027412740513682365, -0.02650260366499424, -0.006853185128420591, 0.01529571134597063, -0.002545323222875595, -0.03227585181593895, 0.00044148368760943413, 0.030265403911471367, 0.014141061343252659, 0.0009432468214072287, -0.007335421163588762, -0.014874603599309921, 0.001610566396266222, 0.0029120941180735826, -0.026584109291434288, -0.006537354551255703, -0.0007551917806267738, 0.00107738992664963, 0.013122253119945526, 0.0006418493576347828, 0.03276488184928894, 0.017360497266054153, -0.009250780567526817, -0.01761859469115734, -0.024383483454585075, -0.033471252769231796, 0.013040748424828053, 0.024845343083143234, 0.0004440307093318552, 0.041132695972919464, 0.04768023639917374, 0.0008778733317740262, 0.029504694044589996, -0.007335421163588762, 0.0013202059781178832, -0.011661960743367672, -0.0009992812993004918, -0.0016733929514884949, 0.014602921903133392, -0.031569477170705795, 0.00876175332814455, -0.02858097292482853, 0.025429459288716316, 0.014371991157531738, 0.015676066279411316, 0.011206893250346184, -0.03002088889479637, -0.010778993368148804, 0.0259320717304945, 0.016993725672364235, 0.009189652279019356, -0.008231972344219685, -0.00242646224796772, 0.004034481476992369, 0.011403863318264484, 0.015431552194058895, 0.00613322714343667, -0.00019994116155430675, -0.009665096178650856, -0.0032058507204055786, -0.023704277351498604, 0.02074293978512287, -0.009719433262944221, 0.03162381425499916, -0.007688608020544052, -0.021068958565592766, -0.011003131978213787, -0.009834897704422474, 0.013760706409811974, -0.009637928567826748, 0.01592058129608631, 0.004136362578719854, -0.013346390798687935, 0.000992489280179143, -0.016233015805482864, -0.022006263956427574, -0.026923712342977524, -0.024166136980056763, -0.001197099918499589, 0.005847960710525513, -0.011193308979272842, -0.004744251258671284, -0.004129570443183184, 0.0041940947994589806, 0.0028254955541342497, 0.025402290746569633, -0.011050675995647907, -0.019669795408844948, -0.011193308979272842, 0.003952976781874895, 0.02782026305794716, -0.002156477887183428, 0.024098215624690056, -0.00023135442461352795, 0.02128630504012108, 0.029993722215294838, -0.02026749588549137, 0.0016997121274471283, 0.0013482231879606843, 0.004357104189693928, -0.0016649028984829783, 0.002319487277418375, -0.018977005034685135, -0.019927894696593285, -0.014847435988485813, -0.014236150309443474, 0.02567397430539131, 0.017482753843069077, -0.01960187591612339, 0.07982024550437927, -0.00591248506680131, 0.0053962888196110725, 0.028716815635561943, -0.0043740845285356045, 0.014168229885399342, 0.003708462929353118, 0.014901772141456604, -0.017482753843069077, -0.021068958565592766, 0.016722043976187706, -0.004520113579928875, -0.025144193321466446, -0.025918487459421158, -0.013489024713635445, -0.0024875907693058252, 0.0015944353071972728, 0.037627991288900375, -0.03086310438811779, 0.023025071248412132, 1.2323867849772796e-05, 0.005121210590004921, 0.02480459026992321, -0.014480664394795895, -0.011091427877545357, 0.01798536628484726, 0.019561123102903366, 0.0017141452990472317, -0.017360497266054153, -0.030428413301706314, -0.002448536455631256, 0.01809403859078884, -0.027100306004285812, -0.027113890275359154, -0.017835941165685654, -0.0029800147749483585, -0.0014280298491939902, 0.0066935718059539795, 0.013889755122363567, -0.011009923182427883, -0.011288397945463657, 0.014249734580516815, -0.023690693080425262, -0.03311806917190552, 0.017781604081392288, 0.011478575877845287, -0.00048520753625780344, -0.016776379197835922, -0.013692785985767841]","[-0.03220151364803314, 0.0607956126332283, 0.023713471367955208, -0.016710834577679634, -0.01982753910124302, 0.024960152804851532, 0.012625964358448982, -0.022718777880072594, -0.01179705373942852, -0.02074265666306019, -0.008746663108468056, 0.004631951916962862, -0.013090154156088829, 0.006737384479492903, -9.309701272286475e-05, 0.014403148554265499, 0.014867338351905346, 0.026047682389616966, -0.0213792584836483, -0.016405796632170677, -0.016206858679652214, 0.013547712936997414, -0.010543741285800934, 0.010543741285800934, -0.020981382578611374, -0.015079539269208908, 0.029045023024082184, -0.01612728275358677, -0.010742680169641972, 0.01151190884411335, 0.020769180729985237, 0.009363372810184956, -0.0024054981768131256, -0.04127310961484909, -0.01102119404822588, -0.02236068993806839, -0.007049054838716984, -0.01233418844640255, 0.03763916715979576, -0.023474745452404022, 0.019495975226163864, -0.005974786821752787, 0.0013950563734397292, -0.015901818871498108, -0.037718743085861206, 0.029018498957157135, -0.0070291608572006226, -0.03488055244088173, 0.003491370938718319, 0.004993356764316559, 0.028381895273923874, 0.010696261189877987, -0.04729431867599487, 0.007208205759525299, 0.0055205440148711205, -0.026923011988401413, 0.026896487921476364, 0.03315642103552818, 0.010285121388733387, -0.006273194681853056, 0.02254636585712433, 0.029549000784754753, -0.0045159044675529, 0.00581895187497139, -0.008740032091736794, -0.007884596474468708, 0.009005283936858177, -0.00751987611874938, 0.012818272225558758, 0.004356753546744585, 0.020159102976322174, 0.01513259019702673, -0.009515892714262009, -0.013090154156088829, 0.019774489104747772, 0.009005283936858177, -0.0034383207093924284, -0.004151183646172285, 0.007068948820233345, 0.009018545970320702, 0.0017655793344601989, -0.01019891444593668, 0.00029592105420306325, 0.027745291590690613, 0.01203578058630228, 0.016432320699095726, -0.017307650297880173, 0.036445535719394684, 0.0022098752669990063, -0.017798366025090218, 0.008136585354804993, 0.017254600301384926, 0.03023865446448326, -0.007778496015816927, 0.012931003235280514, 0.026869961991906166, -0.004187655635178089, 0.04503967985510826, -0.020358040928840637, -0.021578198298811913, -0.023302331566810608, 0.01212861854583025, -0.03830229490995407, -0.008832870051264763, -0.01211535558104515, -0.005702903959900141, 0.007427038159221411, 0.010245333425700665, -0.00969493668526411, -0.007281149737536907, -0.011836841702461243, 0.02172408625483513, 0.007672395557165146, -0.031989313662052155, -0.004174393136054277, -0.03140576183795929, 0.01850128173828125, -0.049416329711675644, -0.03358082100749016, -0.005062985233962536, 0.013494662940502167, 0.033633872866630554, 0.031299661844968796, -0.014827551320195198, 0.030875258147716522, -0.00022028296370990574, -0.010649842210114002, -0.025212140753865242, 0.003421742469072342, 0.0033802969846874475, 0.04129963740706444, 0.014655137434601784, 0.0042440216057002544, 0.02814316935837269, 0.008322261273860931, -0.008116691373288631, 0.00026753084966912866, 0.012373975478112698, -0.034800976514816284, -0.03384607285261154, 0.025371292605996132, 0.030689582228660583, 0.012639227323234081, -0.01273206528276205, -0.018129929900169373, 0.015238690190017223, 0.01462861243635416, -0.007625976577401161, -0.005066300742328167, -0.009515892714262009, 0.0030885206069797277, -0.010053026489913464, 0.012354082427918911, 0.015172377228736877, -0.02135273441672325, -0.0008985389722511172, -0.0049005188047885895, -0.014522511512041092, -0.0021070905495435, 0.0007186653674580157, 0.01694956235587597, -0.014376623556017876, 0.012499970383942127, 0.0017937623197212815, -0.01081562414765358, 0.02846147119998932, -0.0038129882887005806, -0.02053045481443405, -0.003148202085867524, -0.02893892303109169, -0.007917753420770168, 0.015251953154802322, -0.025954844430088997, -0.0005864541744813323, -0.01431031059473753, 0.004101449158042669, 0.010006607510149479, 0.019840801134705544, -0.011445595882833004, -0.0047281053848564625, -0.007287781219929457, -0.0028928976971656084, 0.0037466753274202347, 0.04344817250967026, -0.011359388940036297, -0.0361802838742733, -0.01710871234536171, -0.012964160181581974, -0.006555024068802595, -0.004628636408597231, 0.03498665243387222, 0.015928344801068306, -0.0003690723970066756, -0.010033132508397102, -0.6064707040786743, -0.01323604304343462, 0.011293076910078526, -0.0018335500499233603, -0.006564971059560776, -0.008368680253624916, 0.02185671217739582, -0.003590840147808194, -0.026617974042892456, 0.02254636585712433, -0.022891191765666008, 0.02862062118947506, 0.0059217363595962524, -0.00611072825267911, 0.006070940289646387, -0.00962862465530634, 0.02014584094285965, -0.024018511176109314, -0.008454887196421623, -0.001879969029687345, -0.018806321546435356, 0.02976120263338089, 0.021989338099956512, 0.0024336811620742083, -0.012274506501853466, -0.0057625859044492245, -0.021273158490657806, 0.004883940797299147, -0.01040448434650898, 0.04785134643316269, -0.026352722197771072, 0.014018534682691097, 0.002737062517553568, -0.0026624605525285006, 0.06217491999268532, -0.006637915037572384, -0.04124658554792404, 0.002810006495565176, -0.0006490368978120387, 0.020106052979826927, -0.007354093715548515, -0.014668400399386883, -0.004393225535750389, 0.010019870474934578, -0.008892551995813847, -0.0005715338047593832, 0.02875324711203575, 0.0032111993059515953, 0.01970817521214485, -0.018952209502458572, 0.04015905410051346, 0.0037499910686165094, -0.023965459316968918, -0.007360725197941065, 0.0010692945215851068, -0.005149192176759243, 0.0026392510626465082, -0.010265227407217026, 0.02909807302057743, 0.01742701418697834, 0.0028812929522246122, 0.01950923725962639, -0.018541069701313972, -0.0069230603985488415, -0.029867302626371384, 0.02473468892276287, -0.01950923725962639, -0.0057493229396641254, 0.03456225246191025, -0.03074263222515583, -0.00711536779999733, -0.011445595882833004, -0.01200262364000082, -0.005872001871466637, 0.018395181745290756, 0.026525136083364487, 9.775962826097384e-05, -0.0020689605735242367, -0.003260933794081211, 0.01008618250489235, 0.014840813353657722, -0.031007884070277214, -0.015013227239251137, 0.008030484430491924, -0.014787763357162476, 0.01827581785619259, -0.0086339320987463, -0.008163110353052616, 0.010510585270822048, -0.01786467805504799, 0.008348786272108555, -0.0023690261878073215, -0.015185640193521976, -0.018116667866706848, 0.0026359353214502335, 0.004157815128564835, 0.011206869967281818, 0.001119858119636774, 0.01980101317167282, -0.03342166915535927, -0.03482750430703163, 0.0005263581406325102, -0.0035278431605547667, 0.02377978339791298, 0.032652441412210464, 0.0067506469786167145, -0.012751959264278412, 0.00571616692468524, 0.01494691427797079, -0.021100744605064392, 0.0014116346137598157, 0.021644510328769684, -0.008985389955341816, 0.004777839872986078, -0.012984054163098335, -0.02210870012640953, 0.009542417712509632, -0.007572926115244627, 0.0042440216057002544, -0.0042937565594911575, 0.027188263833522797, 0.01815645582973957, 0.019429661333560944, -0.020835494622588158, -0.004668423905968666, -0.006200250703841448, 0.004270547069609165, -0.0011654481058940291, 0.03981423005461693, 0.01092835608869791, -0.0016793726244941354, -0.021458834409713745, 0.03992033004760742, -0.02672407403588295, 0.02007952705025673, -0.020755918696522713, 0.0026806965470314026, 0.001780499704182148, 0.05031818151473999, -0.007102105300873518, 0.017307650297880173, 0.0009540759492665529, 0.007009267341345549, -0.006087518762797117, 0.01900525949895382, -0.008879289031028748, -0.04493357986211777, -0.004641898907721043, -0.02106095850467682, -0.004675055388361216, -0.021923024207353592, 0.010358065366744995, 0.01293763518333435, 0.008667088113725185, 0.004671739414334297, 0.0014762895880267024, -0.010298384353518486, -0.03145880997180939, -0.016458846628665924, -0.05082216113805771, -0.00929705984890461, 0.03588850796222687, -0.020318254828453064, -0.010470797307789326, -0.01040448434650898, -0.013388562016189098, -0.022068912163376808, -0.0005665603093802929, -0.0051094042137265205, -0.02185671217739582, 0.003557683899998665, -0.007950909435749054, -0.010099445469677448, 0.0064754486083984375, -0.01211535558104515, 0.014297048561275005, -0.047586094588041306, -0.004887256305664778, -0.0014580535935238004, -0.014429673552513123, 0.0019131253939121962, 0.01881958357989788, 0.03546410799026489, 0.006521867588162422, 0.010934987105429173, -0.0007775180274620652, 0.014694925397634506, -0.0037234658375382423, -0.018103405833244324, 0.042360641062259674, -0.012340819463133812, 0.030132554471492767, -0.021830186247825623, -0.029071548953652382, -0.023859359323978424, -0.013401824980974197, 0.007082211319357157, 0.008647194132208824, 0.012645858339965343, -0.00016640378453303128, 0.022718777880072594, 0.013083523139357567, 0.02706890180706978, 0.0062135132029652596, 0.00601789029315114, -0.027426989749073982, 0.005620012991130352, -0.0005474953795783222, 0.016777148470282555, 0.0011182002490386367, 0.0092373788356781, -0.014907126314938068, -0.008667088113725185, 0.021180320531129837, -0.0070954738184809685, 0.021259896457195282, 0.005895211361348629, -0.021419046446681023, -0.0022778459824621677, 0.012068936601281166, -0.014960176311433315, 0.010305015370249748, 0.028037069365382195, 0.00871350709348917, -0.009873981587588787, 0.005016566254198551, 0.005238714162260294, 0.042334116995334625, -0.0036737313494086266, 0.0025198878720402718, -0.007148524280637503, 0.008454887196421623, 0.014005271717905998, 0.022559627890586853, 0.01171747874468565, 0.0034946866799145937, 0.01986732706427574, -0.01966838724911213, 0.02928374893963337, -0.006896535400301218, 0.0016810304950922728, 0.020755918696522713, 0.00950262974947691, -0.035092756152153015, 0.0411670096218586, 0.022811615839600563, 0.02480100281536579, 0.015358053147792816, 0.011041088029742241, 0.025265192613005638, -0.02530497871339321, 0.00300894514657557, -0.02393893525004387, 0.005149192176759243, 0.014257260598242283, -0.018899159505963326, 0.01162464078515768, 0.010881937108933926, 0.023236019536852837, 0.0403447300195694, 0.00811006035655737, -0.03814314678311348, 0.009058333933353424, -0.021684298291802406, 0.014482724480330944, 0.02254636585712433, 0.01320288609713316, -0.006584865041077137, -0.01667104847729206, -0.006190303713083267, 0.003421742469072342, -0.022121964022517204, 0.0036007871385663748, -0.03811661899089813, 0.010563635267317295, -0.013686969876289368, 0.011644534766674042, 0.018938947468996048, 0.02944290079176426, 0.011995992623269558, -0.01513259019702673, -0.0023756574373692274, -0.014283785596489906, 0.007533138617873192, -0.006070940289646387, -0.005825582891702652, -0.015013227239251137, 0.027373939752578735, 0.013501293957233429, 0.014456198550760746, -0.004011926706880331, 0.004751314874738455, 0.013713494874536991, -0.0011132267536595464, -0.019681651145219803, 0.02249331586062908, 0.023739997297525406, 0.011458858847618103, 0.05135266110301018, 0.020954856649041176, 0.005261923652142286, 0.02185671217739582, -0.027745291590690613, -0.017466802150011063, 0.019655125215649605, -0.002113721799105406, 0.0026110680773854256, -0.03061000630259514, 0.011273182928562164, 0.006472133100032806, -0.0180636178702116, -0.03153838589787483, -0.005440968554466963, 0.013196255080401897, 0.011385914869606495, -0.016246644780039787, -0.007228099275380373, 0.021432310342788696, 0.013116679154336452, 0.0037798318080604076, -0.00731430621817708, -0.030875258147716522, -0.025915058329701424, 0.043342072516679764, -0.004015242215245962, 0.045278407633304596, 0.0024088139180094004, -0.010523847304284573, -0.0039489297196269035, 0.007380619179457426, -0.006790434941649437, -0.017917729914188385, 0.011186975985765457, -0.02909807302057743, -0.013395193964242935, -0.00027561275055631995, -0.0030570218805223703, -0.009761249646544456, 0.016644522547721863, 0.012029148638248444, -0.012181668542325497, -0.02334211952984333, -0.036259859800338745, -0.015901818871498108, 0.007917753420770168, 0.001332059153355658, 0.0353580042719841, 0.04782481864094734, 0.00430038757622242, 0.009462841786444187, 0.012672383338212967, -0.024217449128627777, 0.01774531602859497, -0.03517232835292816, -0.002538123866543174, 0.004283809568732977, 0.03241371735930443, 0.012559651397168636, 0.0002776850014925003, 0.04832879826426506, 0.006634599529206753, -0.02606094628572464, -0.000983916805125773, -0.0003883445751853287, -0.01380633283406496, 0.011730741709470749, 0.0005077076493762434, -0.006415767129510641, 0.009210853837430477, -0.0037102033384144306, -0.008421730250120163, -0.010278490372002125, 0.0001928253041114658, 0.0077188145369291306, -0.008978758007287979, -0.0205835048109293, -0.03615375980734825, 0.005951577331870794, 0.04342164844274521, 0.021657774224877357, -0.01578245498239994, -0.02315644361078739, -0.012738696299493313, -0.025371292605996132, -0.006196934729814529, 0.007758602034300566, 0.023474745452404022, -0.005295080132782459, -0.019999952986836433, -0.038726698607206345, -0.029734676703810692, 0.021365996450185776, -0.028355369344353676, 0.007161786779761314, -0.016485372558236122, -0.01717502623796463, -0.02473468892276287, 0.02637924812734127, 0.03679036349058151, 0.007075579836964607, 0.01029175240546465, 0.025755906477570534, -0.006989373359829187, 0.018037091940641403, -0.003726781578734517, -0.021206846460700035, 0.029681626707315445, -0.009960188530385494, 0.008527831174433231, -0.01616707071661949, 0.002037462079897523, 0.007997328415513039, -0.01799730397760868, 0.007679026573896408, -0.020769180729985237, 0.005215504672378302, 0.007897859439253807, -0.0004335201811045408, 0.005062985233962536, 0.010318277403712273, 0.002538123866543174, 0.00375993805937469, -0.007254624739289284, 0.00961536169052124, 0.0025862008333206177, 0.018633907660841942, -0.015742668882012367, -0.008030484430491924, -0.012957529164850712, -0.0016810304950922728, 0.0035842088982462883, 0.022121964022517204, -0.020795706659555435, 0.010808993130922318, 0.004366700537502766, 0.00265251356177032, 0.013196255080401897, 0.005497334524989128, 0.009045070968568325, 0.013401824980974197, 0.010762574151158333, 0.022228064015507698, -0.018196243792772293, -0.0035643151495605707, -0.009476104751229286, -0.012911110185086727, 0.010543741285800934, -0.00038067714194767177, -0.017917729914188385, -0.004151183646172285, 0.009675043635070324, -0.0019578866194933653, -0.02074265666306019, -0.006319613661617041, -0.0069230603985488415, 0.019999952986836433, -0.0010220466647297144, 0.004393225535750389, -0.04766567051410675, 0.021498622372746468, -0.019151147454977036, 0.009721462614834309, 0.008932339027523994, 0.009290428832173347, -0.006452239118516445, -0.002748667262494564, -0.010159127414226532, 0.0016147176502272487, 0.004393225535750389, -0.022692253813147545, -0.00132625678088516, 0.024376599118113518, -0.0007435327279381454, 0.019376611337065697, 0.004930359777063131, -0.00961536169052124, -0.01793099194765091, -0.01290447823703289, -0.0217903982847929, -0.031167034059762955, -0.01462861243635416, 0.003517896169796586, 0.03026518039405346, 0.014005271717905998, 0.0468168631196022, -0.034456152468919754, 0.05214841663837433, -0.013289093039929867, -0.016246644780039787, 0.020822230726480484, -0.01973470114171505, -0.016326220706105232, 0.0003539447789080441, -0.010948250070214272, 0.013872645795345306, 0.018010567873716354, 0.017970779910683632, -0.005620012991130352, -0.0008521199924871325, 0.04127310961484909, -0.021737348288297653, 0.0028779772110283375, -0.0030802313704043627, -0.060105957090854645, -0.02978772670030594, 0.03498665243387222, -0.03137923404574394, -0.007632607594132423, -0.01494691427797079, 0.009051702916622162, 0.009509260766208172, 0.011525171808898449, 0.020265202969312668, -0.021047694608569145, 0.02498667873442173, -0.0031084143556654453, -0.0018567595398053527, 0.003869354259222746, -0.015901818871498108, -0.005404496565461159, -0.007420406676828861, -0.01594160683453083, -0.014376623556017876, 0.01694956235587597, -0.012519864365458488, 0.014429673552513123, -0.006495342589914799, 0.01503975223749876, -0.0030056294053792953, 0.021259896457195282, -0.027095425873994827, -0.028965448960661888, 0.0066113900393247604, -0.015384579077363014, -0.004028505180031061, -0.012838165275752544, -0.01704240031540394, -0.028859347105026245, 0.01594160683453083, 0.03108745999634266, 0.003627312369644642, 0.01389917079359293, -0.023461483418941498, -0.008779820054769516, 0.016644522547721863, -0.005235398653894663, 0.017068924382328987, 0.011677690781652927, 0.021206846460700035, 0.016564946621656418, -0.008076903410255909, -0.02976120263338089, 0.0031647803261876106, 0.0010925040114670992, -0.008375311270356178, 0.03482750430703163, 0.008786451071500778, -0.008342155255377293, -0.03877974674105644, -0.022811615839600563, 0.008169741369783878, 0.01679041050374508, -0.013567606918513775, 0.005235398653894663, -0.0051757171750068665, -0.012645858339965343, -0.0017390542197972536, 0.002513256622478366, -0.06694944202899933, -0.008965495973825455, -0.0046617924235761166, 0.003454898949712515, -0.005908473860472441, -0.006269879173487425, -0.03456225246191025, 0.034747928380966187, -0.025450868532061577, 0.0443500280380249, 0.028541045263409615, -0.016233382746577263, -0.046100687235593796, -0.022559627890586853, 0.0007480917265638709, 0.01909809745848179, 0.005686325952410698, 0.024999940767884254, -0.014031796716153622, -0.004913781303912401, -0.0017688949592411518, 3.341545379953459e-05, -0.007287781219929457, -0.005739376414567232, 0.005421074572950602, 0.029708152636885643, -0.020663080736994743, 0.013938958756625652, 0.013116679154336452, -0.006803697440773249, 0.021816924214363098, -0.007102105300873518, -0.006359401158988476, -0.0044893790036439896, -0.0049369907937943935, 0.008912445977330208, 0.026644498109817505, 0.018766533583402634, 0.026047682389616966, -0.003370349993929267, -0.0034316894598305225, -0.013925695791840553, 0.0013254279037937522, -0.010258596390485764, 0.018580857664346695, -0.005222136154770851, -0.026551660150289536, 0.014495986513793468, -0.011856735683977604, 0.012811640277504921, -0.01423073559999466, -0.005653169471770525, 0.021936288103461266, 0.006080887280404568, -0.016644522547721863, 0.004307019058614969, 0.01513259019702673, -0.022970767691731453, -0.004237390588968992, 0.012586177326738834, 0.007539769634604454, 0.006051046773791313, 0.006790434941649437, -0.03257286548614502, -0.0451723076403141, -0.008461518213152885, 0.021644510328769684, 0.018859371542930603, -0.02793096750974655, -0.01850128173828125, 0.022944241762161255, -0.016087494790554047, -0.0006220973446033895, -0.018010567873716354, -0.03400522470474243, 0.024124611169099808, -0.025862006470561028, -0.0007331713568419218, -0.010590160265564919, -0.011054350063204765, 0.00022484197688754648, -0.020729392766952515, 0.03655163571238518, -0.006153831258416176, -0.05233409255743027, -0.03222804144024849, 0.011372651904821396, 0.005132613703608513, -0.004519219975918531, -0.015596779994666576, -0.03620681166648865, 0.00449932599440217, -0.002498336136341095, 0.011392545886337757, 0.0009466157644055784, 0.012214824557304382, 0.0008529488695785403, 0.008527831174433231, 0.01188989169895649, 0.0058686863631010056, -0.007917753420770168, -0.011744003742933273, -0.029363324865698814, -0.022082176059484482, -0.024628588929772377, -0.011465489864349365, -0.011014563031494617, 0.018262555822730064, -0.0064389766193926334, -0.00340847996994853, -0.03251981735229492, 0.012486707419157028, -0.03960202634334564, -0.025570230558514595, 0.013076892122626305, 0.002499994123354554, 0.04244021698832512, 0.0069562168791890144, 0.0013096785405650735, 0.026869961991906166, 0.02217501401901245, -0.001637927140109241, -0.02336864545941353, 0.011253288947045803, -0.0188858974725008, -0.023806309327483177, 0.0013577553909271955, 0.0004090673173777759, -0.05328899621963501, 0.00899865198880434, -0.0003336364752613008, 0.0018948893994092941, 0.030344754457473755, 0.015570254996418953, -0.005540437530726194, -0.00025903453934006393, -0.01783815398812294, 0.030530430376529694, -0.011671059764921665, -0.005119351204484701, 0.019084835425019264, -0.01290447823703289, -0.009104752913117409, -0.009668411687016487, -0.019297035411000252, -0.0006888246280141175, 0.0032625917810946703, 0.020769180729985237, -0.021021170541644096, 0.026273146271705627, -0.018488019704818726, -0.017917729914188385, -0.008216160349547863, -0.03169753775000572, 0.028514521196484566, -0.014084846712648869, 0.02160472236573696, 0.04371342435479164, -0.012864691205322742, 0.017347438260912895, -0.006929691880941391, 0.013375299982726574, -0.015928344801068306, -0.013156467117369175, 0.042201489210128784, 0.0028812929522246122, 0.005188979674130678, 0.007413775660097599, 0.0023176337126642466, -0.009999976493418217, -0.006541761569678783, 0.03416437655687332, -0.010331540368497372, -0.02176387421786785, -0.0076060825958848, -0.016962824389338493, -0.031830161809921265, -0.03763916715979576, -0.008899183012545109, 0.009973451495170593, -0.0030686266254633665, 0.009595467709004879, -0.02236068993806839, -0.015185640193521976, -0.0017175024840980768, 0.0009582205093465745, -0.021140532568097115, -0.04779829457402229, 0.0027121950406581163, 0.022970767691731453, 0.004565638955682516, -0.011425701901316643, 0.21453529596328735, -0.0034250582102686167, 0.01799730397760868, 0.009854087606072426, -0.0076060825958848, 0.008580881170928478, -0.008249317295849323, -0.009403160773217678, -0.03092830814421177, -0.004883940797299147, 0.010179020464420319, -0.009827562607824802, 0.0082095293328166, 0.005056354217231274, 0.006551708560436964, -0.001762263709679246, -0.027188263833522797, -0.04095480963587761, -0.018289081752300262, -0.031803637742996216, 0.03519885614514351, -0.0029177649412304163, -0.003491370938718319, 0.009131277911365032, 0.0036405748687684536, -0.0020722763147205114, 0.003363718744367361, -0.013620656915009022, 0.0038594072684645653, 0.010450903326272964, -0.021419046446681023, -0.0024933628737926483, 0.006230091210454702, -0.015145852230489254, -0.01513259019702673, -0.005490703042596579, 0.04273199290037155, 0.03992033004760742, -0.001244194689206779, 0.012725434266030788, -0.014084846712648869, -0.010285121388733387, 0.014363360591232777, -0.012062305584549904, -0.014098109677433968, 0.02286466769874096, -0.017440276220440865, -0.019018521532416344, 0.005474125035107136, 0.045331455767154694, -0.005676378961652517, -0.0067506469786167145, 0.03750654309988022, -0.0005603434983640909, 0.015954868867993355, 0.00038171326741576195, 0.024774476885795593, 0.004127974156290293, -0.02185671217739582, 0.05167096480727196, -0.012659121304750443, 0.011684322729706764, 0.010563635267317295, 0.015862030908465385, 0.004578901454806328, -0.0017854731995612383, -0.00018785183783620596, -0.001359413261525333, 0.020663080736994743, -0.0084150992333889, -0.0069562168791890144, -0.029177648946642876, 0.02457553893327713, 0.007241362240165472, -0.006472133100032806, -0.013269199058413506, 0.01669757254421711, 0.01850128173828125, 0.020132578909397125, 0.02606094628572464, -0.030291704460978508, -0.028222745284438133, 0.0004372502735350281, 0.0016752281226217747, -0.02989382855594158, 4.4994296331424266e-05, 0.0016031129052862525, -0.013660444878041744, -0.02555696852505207, -0.009177696891129017, -0.01031164638698101, -0.009801037609577179, -0.0027785080019384623, 0.0008562645525671542, 0.002340843202546239, 0.007698920555412769, 0.015663092955946922, -0.012798378244042397, -0.003919088747352362, -0.01580898091197014, -0.018488019704818726, 0.026259884238243103, 0.03615375980734825, 0.00047620906843803823, -0.004084870684891939, -0.012075567618012428, -0.012931003235280514, -0.00690979789942503, 0.009887244552373886, -0.012307662516832352, 0.00790449045598507, -0.030212130397558212, -0.011067613027989864, -0.023236019536852837, -0.007161786779761314, -0.0003336364752613008, 0.011312969960272312, -0.009840825572609901, 0.013501293957233429, 0.013209518045186996, 0.006196934729814529, -0.025862006470561028, 0.007831546477973461, -0.00024369968741666526, -0.0002287792885908857, -0.021671036258339882, -0.017984041944146156, 0.003972139209508896, -0.010271858423948288, -0.03392564877867699, 0.009522523730993271, -0.024495963007211685, 0.006836853921413422, -0.011458858847618103, -0.013560975901782513, 0.01900525949895382, -0.03185668960213661, -0.028647147119045258, 0.016153806820511818, 0.0030570218805223703, 0.02324928157031536, -0.00833552423864603, 0.037559591233730316, -0.0037068878300487995, 0.00812995433807373, -0.025981370359659195, 0.004847468342632055, 0.008063641376793385, -0.014270522631704807, -0.011664428748190403, -0.005354761611670256, -0.012354082427918911, 0.006203566212207079, -0.009436316788196564, 0.025888532400131226, -0.02251983992755413, 0.00026089957100339234, -0.04668423905968666, -0.009376635774970055, 0.0008570934296585619, -0.029814252629876137, 0.005809004884213209, 0.035092756152153015, 0.003441636450588703, -0.02053045481443405, -0.045145779848098755, -0.16572904586791992, 0.012022517621517181, 0.03108745999634266, -0.017121974378824234, -0.017705528065562248, 0.012393869459629059, 0.018103405833244324, -0.0011306338710710406, -0.005291764624416828, -0.00812995433807373, 0.00929705984890461, -0.010696261189877987, -0.03769221901893616, -0.010921725071966648, 0.010961512103676796, 0.0024535751435905695, -0.00962862465530634, 0.0030984673649072647, 0.032970745116472244, 0.03421742469072342, -0.00017635070253163576, -0.030795682221651077, 0.012665752321481705, -0.009449579752981663, -0.02976120263338089, 0.018302343785762787, 0.026830174028873444, 0.028541045263409615, -0.015649830922484398, -0.0222015380859375, -0.0014041743706911802, -0.011034456081688404, 0.031830161809921265, 0.012029148638248444, 0.015596779994666576, 0.0025033096317201853, -0.014588824473321438, -0.030212130397558212, -0.01059679128229618, -0.0017705528298392892, 0.023580845445394516, 0.02469490095973015, -0.027877917513251305, 0.021326208487153053, -0.002173403277993202, 0.03880627453327179, 0.03254634141921997, -0.013952221721410751, 0.009960188530385494, -0.0092373788356781, 0.00029737164732068777, -0.04376647248864174, 0.0209946446120739, 0.0028017174918204546, 0.012977422215044498, 0.02407156117260456, 0.02027846686542034, 0.011876629665493965, -0.0217903982847929, -0.01513259019702673, -0.0019147832645103335, -0.008282473310828209, -0.00355436815880239, -0.010616685263812542, 0.0046617924235761166, -0.013859383761882782, -0.0312466099858284, 0.020477404817938805, -0.027586141601204872, 0.012566283345222473, -0.026352722197771072, 0.018355393782258034, 0.010848780162632465, -0.007042423356324434, 0.010842149145901203, -0.0016669390024617314, -0.016458846628665924, 0.017055662348866463, 0.015663092955946922, -0.0019446240039542317, -0.003018891904503107, 0.03074263222515583, -0.02596810832619667, 0.034774452447891235, -0.02046414278447628, 0.020755918696522713, 0.03620681166648865, -0.0054542310535907745, 0.0038129882887005806, -0.0035311586689203978, 0.026710812002420425, -0.033315569162368774, -0.02324928157031536, 0.005815635900944471, 0.003942298237234354, 0.00032410401036031544, -0.017440276220440865, 0.0329442173242569, -0.005620012991130352, 0.007652501575648785, 0.01080236118286848, -0.02204238809645176, -0.014005271717905998, 0.019933639094233513, 0.0002242202899651602, -0.01232092548161745, 0.027851391583681107, 0.0013121652882546186, 0.03846144676208496, -0.0007837348966859281, -0.036259859800338745, 0.02356758341193199, -0.013474768958985806, 0.04421740025281906, 0.0053149741142988205, 0.021737348288297653, -0.015013227239251137, 0.012108724564313889, 0.009907138533890247, 0.01139917690306902, 0.03684341534972191, -0.02748003974556923, -0.0037499910686165094, 0.025291716679930687, -0.0037035720888525248, 0.0007083039963617921, -0.0806894600391388, -0.015795718878507614, 0.020092790946364403, 0.04904497414827347, -0.04631288722157478, -0.005600119475275278, -0.004409804008901119, 0.012659121304750443, -0.023514533415436745, 0.02007952705025673, -0.04946937784552574, -0.05100783705711365, 0.008289105258882046, 0.012606070376932621, 0.012758590281009674, -0.008819608017802238, -0.0038892480079084635, 0.019058309495449066, -0.031485337764024734, 0.03156490996479988, 0.017307650297880173, -0.02710868790745735, 0.008905814029276371, -0.010331540368497372, -0.0037831475492566824, 0.003217830555513501, -0.0015193929430097342, 0.01133949588984251, 0.02283814176917076, -0.027002587914466858, -0.0022181645035743713, -0.010033132508397102, 0.013673707842826843, -0.0011488699819892645, -0.00920422188937664, -0.0061770412139594555, -0.005096141714602709, -9.817408863455057e-05, 0.03233414143323898, -0.003919088747352362, 0.0017324229702353477, 0.03549063205718994, 0.0028381894808262587, 0.007294412236660719, 0.007977434433996677, -0.0493367537856102, 0.0014572246000170708, 0.03517232835292816, 0.011657796800136566, -0.0234084315598011, -0.0139920087531209, 0.002073934068903327, -0.019442925229668617, -0.01154506579041481, 0.022002600133419037, 0.021259896457195282, 0.026074208319187164, 0.02514582872390747, 0.0001334545959252864, 0.003338851500302553, -0.02315644361078739, -0.005646538455039263, -0.024137873202562332, -0.01957554928958416, 0.01834213174879551, 0.0320158377289772, -0.008063641376793385, -0.030875258147716522, -0.005135929211974144, 0.004612057935446501, -0.012851428240537643, 0.012844797223806381, -0.028567571192979813, 0.006763909477740526, -0.029655102640390396, 0.024774476885795593, -0.010258596390485764, -0.02103443257510662, 0.014827551320195198, -0.033952172845602036, -0.0030470748897641897, -0.009854087606072426, -0.013362037017941475, 0.007818283513188362, 0.027745291590690613, -0.00809679739177227, 0.03867364674806595, -0.022095438092947006, -0.005235398653894663, -0.03679036349058151, -0.012897847220301628, 0.0051094042137265205, 0.008149848319590092, -0.027373939752578735, -0.029336800798773766, 0.004631951916962862, -0.008236054331064224, 0.019363349303603172, -0.0002737476897891611, -0.0025745960883796215, -0.006472133100032806, -0.005540437530726194, -0.04458875209093094, 0.008375311270356178, -0.022506577894091606, -0.02242700196802616, -0.004804365336894989, -0.018607383593916893, -0.016856724396348, -0.02377978339791298, 0.0011240026215091348, 0.01594160683453083, -0.010179020464420319, 0.018806321546435356, -0.007732077036052942, -0.005460862535983324, -0.02011931501328945, -0.0034117954783141613, 0.021777136251330376, 0.0188858974725008, 0.020596768707036972, 0.011326232925057411, -0.0066810185089707375, 0.009270534850656986, 0.007194943260401487, -0.014442936517298222, -0.02021215297281742, -0.003524527419358492, -0.0007277834229171276, 0.03761264309287071, -0.02679038792848587, 0.0018003935692831874, 0.025278454646468163, -0.02037130482494831, -0.004028505180031061, 0.011618009768426418, -0.004615373443812132, -0.030954834073781967, -0.0021717455238103867, 0.032148465514183044, -0.0002764416567515582, -0.0022927664685994387, -0.019933639094233513, -0.01029175240546465, 0.003932351246476173, 0.005726113449782133, -0.031299661844968796, -0.002309344708919525, 0.002952579176053405, 0.0017340807244181633, 0.0032559602987021208, 0.0005549555644392967, 0.03912457451224327, 0.022997291758656502, 0.00026981037808582187, -0.024297025054693222, -0.029867302626371384, -0.03732086718082428, 0.01209546159952879, 0.027533091604709625, 0.0016619655070826411, 0.04140573740005493, 0.042970720678567886, 0.0020871965680271387, 0.032493289560079575, -0.005076247733086348, 0.01293763518333435, -0.011233394965529442, -0.0071286302991211414, -0.0001523123064544052, 0.017599428072571754, -0.025251928716897964, 0.01472145039588213, -0.02254636585712433, 0.030159078538417816, 0.017692266032099724, 0.013872645795345306, 0.025822220370173454, -0.02397872321307659, -0.0037135190796107054, 0.011816947720944881, 0.026989325881004333, 0.011458858847618103, -0.007957540452480316, -0.003488055430352688, -0.0018335500499233603, 0.018899159505963326, 0.021392522379755974, 0.005527175031602383, 0.01909809745848179, -0.005759269930422306, -0.003663784358650446, -0.016021182760596275, 0.012247981503605843, -0.018355393782258034, 0.022029126062989235, -0.0045159044675529, -0.012599439360201359, -0.014124634675681591, -0.0006888246280141175, 0.008587513118982315, 0.004240706097334623, 0.0172413382679224, 0.005881948862224817, -0.01404505968093872, -0.006203566212207079, -0.018116667866706848, -0.019376611337065697, -0.022877929732203484, -0.0041047646664083, -0.007738708518445492, 0.0062665631994605064, 0.0027950862422585487, -0.00880634505301714, -0.004559007473289967, 0.001571614295244217, 0.00026442244416102767, 0.020676342770457268, 0.0049005188047885895, -0.018713483586907387, -0.007990697398781776, 0.012307662516832352, 0.02005300298333168, -0.0022695569787174463, 0.02763919159770012, -0.006259932182729244, 0.021259896457195282, 0.03238718956708908, -0.011611377820372581, -0.006803697440773249, 0.01261933334171772, 0.016777148470282555, -0.0035278431605547667, -0.0008910787873901427, -0.01809014193713665, -0.02135273441672325, -0.014297048561275005, -0.030026454478502274, 0.01710871234536171, 0.021936288103461266, -0.01710871234536171, 0.06615369021892548, 0.00014257260772865266, 0.004913781303912401, 0.019814277067780495, 0.0067506469786167145, 0.016856724396348, -0.004781155847012997, 0.008945601992309093, -0.02090180665254593, -0.014257260598242283, 0.022214801982045174, -0.018395181745290756, -0.019177673384547234, -0.025928320363163948, 0.00449932599440217, -0.004290440585464239, -0.006830222439020872, 0.032652441412210464, -0.01688324846327305, 0.016246644780039787, -0.0020358040928840637, 0.010537110269069672, 0.026830174028873444, -0.0034117954783141613, -0.005686325952410698, 0.016114020720124245, 0.006322929169982672, -0.008965495973825455, -0.024429649114608765, -0.029204174876213074, -0.0008894209749996662, 0.012393869459629059, -0.029522476717829704, -0.03055695630609989, -0.022559627890586853, 0.00014029309386387467, 0.0013552686432376504, -0.0002058806421700865, 0.02039782889187336, -0.00037446030182763934, -0.0172413382679224, 0.023448219522833824, -0.022891191765666008, -0.02460206300020218, 0.014588824473321438, 0.005669747944921255, -0.004993356764316559, -0.018527807667851448, -0.01802382990717888]","[0.005275942385196686, -0.00885795895010233, -0.010250593535602093, -0.011643228121101856, -0.019791480153799057, 0.029968423768877983, -0.02836153842508793, -0.007418456953018904, -0.0275580957531929, -0.02001912146806717, 0.03307507187128067, -0.047510262578725815, 0.0023885690607130527, -0.014582490548491478, 0.007217596285045147, -0.004348635207861662, 0.009942607022821903, -0.020005730912089348, -0.0005732900463044643, -0.011830698698759079, -0.006708749104291201, -0.0028940686024725437, -0.0021224285010248423, 0.0191888976842165, -0.019229069352149963, -0.012085122056305408, 0.009467236697673798, -0.03106646239757538, 0.024143463000655174, 0.011087513528764248, 0.022697264328598976, 0.015118119306862354, -0.017555229365825653, -0.005938782822340727, -0.020943081006407738, 0.013819219544529915, 0.002569343661889434, 0.002028693677857518, 0.001812768285162747, -0.01597512513399124, 0.010036341845989227, -0.005547104403376579, 0.0026296020951122046, -0.018077468499541283, -0.013263504952192307, 0.030423708260059357, -0.004191294312477112, -0.02482638880610466, -0.02408989891409874, 0.006290289107710123, 0.0005963053554296494, -0.01105403620749712, -0.07375606894493103, -0.000569942407310009, -0.005326157435774803, 0.017689136788249016, -0.018840737640857697, 0.030075550079345703, 0.005463412497192621, -0.00917933601886034, -0.014810132794082165, 0.013471061363816261, 0.002063844120129943, -0.01784982532262802, 0.013029167428612709, -0.01605546846985817, 0.012285982258617878, 0.004619797226041555, 0.0017098271055147052, -0.019657572731375694, 0.018706832081079483, 0.03286081925034523, -0.004415588919073343, -0.013163074851036072, 0.04424292966723442, -0.0059823025949299335, -0.015010993927717209, 0.011502625420689583, -0.016242939978837967, 0.011348632164299488, 0.006400762591511011, -0.0075255827978253365, -0.0029693914111703634, 0.04140409454703331, 0.009219508618116379, -0.022188417613506317, 0.0028756563551723957, 0.0052458131685853004, -0.0011365370592102408, -0.004834048915654421, 0.03476230055093765, 0.013939736410975456, 0.016925865784287453, 0.00918603129684925, -0.0023249632213264704, 0.015064556151628494, -0.0059454781003296375, 0.05417884141206741, 0.006638447754085064, -0.02471926249563694, -0.014261113479733467, 0.00349497701972723, -0.02220180816948414, -0.0014252744149416685, -0.03286081925034523, -0.02785269170999527, -0.0002753466251306236, 0.004405546002089977, 0.032271627336740494, -0.030852211639285088, -0.03216450288891792, 0.003193686017766595, 0.021773304790258408, -0.03310185298323631, 0.013705398887395859, -0.027156373485922813, -0.002716641640290618, -0.024987077340483665, -0.008744138292968273, -0.023661397397518158, 0.017876606434583664, -0.0021391669288277626, 0.009386892430484295, -0.012620750814676285, 0.026942122727632523, -0.005734574515372515, -0.004874221049249172, -0.02972739189863205, 0.008891436271369457, -0.02857578918337822, 0.025897646322846413, 0.0027317062485963106, -0.001168339978903532, -0.026754651218652725, 0.011743658222258091, 0.02410328947007656, 0.00020588227198459208, -0.010766136460006237, -0.025000467896461487, 0.021036816760897636, 0.009681488387286663, 0.03184312582015991, 0.008262072689831257, 0.016631269827485085, -0.026312759146094322, 0.02921854332089424, 0.023527489975094795, -0.00891152210533619, 0.008027734234929085, 0.01868004910647869, -0.009005256928503513, 0.0036087981425225735, -0.00892491266131401, -0.017675746232271194, -0.0027501184958964586, -0.0018847433384507895, -0.009092296473681927, 0.022616920992732048, 0.0021107117645442486, 0.00495121767744422, 0.022456232458353043, 0.025000467896461487, -0.001975130755454302, 0.022282153367996216, 0.008523191325366497, 0.027799127623438835, 0.016858913004398346, 0.0042716385796666145, 0.0014671203680336475, 0.010337633080780506, 0.028307974338531494, 0.0048608300276100636, -0.022616920992732048, 0.02556287869811058, -0.006695358548313379, 0.022161636501550674, 0.008429456502199173, -0.011408890597522259, -0.004914393182843924, -0.028200849890708923, 0.010605447925627232, 0.05506262555718422, 0.0145958811044693, 0.032057374715805054, -0.018947863951325417, -0.002562648383900523, 0.01639023795723915, -0.020514577627182007, 0.0291917622089386, -0.00526589946821332, -0.03130749613046646, 0.04601050168275833, -0.02293829806149006, -0.008536581881344318, -0.6200437545776367, -0.028977511450648308, 0.0076728807762265205, -0.013638445176184177, 0.012848393060266972, 0.005891915410757065, 0.010069819167256355, 0.014328067190945148, -0.04571590572595596, 0.059401217848062515, -0.023192720487713814, 0.015774264931678772, -0.007344807963818312, -0.02524150162935257, 0.015814436599612236, -0.027089420706033707, -0.014743179082870483, -0.009748442098498344, 0.00761262234300375, -0.004100907128304243, 0.008777614682912827, -0.010417977347970009, 0.0021810128819197416, -0.009976084344089031, 0.006464368663728237, 0.009567666798830032, 0.018117640167474747, -0.010525103658437729, 0.016658050939440727, 0.01754183880984783, -0.02868291549384594, 0.004519367124885321, 0.016524145379662514, 0.02126445807516575, 0.048045892268419266, 0.019001426175236702, -0.024960296228528023, 0.0028907209634780884, -0.005831656977534294, 0.03845813870429993, -0.030637959018349648, -0.006521278992295265, 0.018505970016121864, 0.02921854332089424, 0.004516019020229578, 0.01178383082151413, 0.010270679369568825, 0.00558058125898242, -0.004613101948052645, 0.013203246518969536, -0.013370630331337452, -0.003920132294297218, 0.017059773206710815, -0.008670489303767681, 0.018439017236232758, -0.019952168688178062, 0.03449448570609093, -0.020594922825694084, 0.026647526770830154, 0.015452886931598186, -0.015626966953277588, 0.011556188575923443, -0.025201328098773956, -0.014890477061271667, -0.006189859006553888, 0.0269287321716547, 0.019162116572260857, 0.002350070746615529, -0.031012900173664093, -0.015827827155590057, 0.014140596613287926, 0.012533711269497871, -0.013216637074947357, -0.03599424660205841, -0.015908172354102135, 0.013558100908994675, 0.004700141493231058, 0.01814442127943039, -0.019349586218595505, -0.011884260922670364, 0.002577712992206216, 0.0029325669165700674, -0.02857578918337822, -0.024317542091012, 0.0036221889313310385, 0.019684353843331337, -0.022456232458353043, -0.010451454669237137, 0.008148251101374626, -0.0159483440220356, 0.02921854332089424, 0.027196545153856277, -0.03998468071222305, -0.004526062402874231, -0.0002527497708797455, 0.021090378984808922, 0.019644182175397873, 0.009721660055220127, -0.011609751731157303, -0.00818172749131918, -0.013491147197782993, 0.0069832587614655495, -0.014488755725324154, -0.006996649317443371, 0.06748921424150467, -0.004884263966232538, -0.025080813094973564, 0.01454231794923544, 0.03026301972568035, -0.004867525305598974, -0.009962692856788635, 0.0029392624273896217, 0.01048493105918169, 0.015412715263664722, 0.00798756256699562, -0.03757435083389282, 0.005845047999173403, 0.013236723840236664, 0.0018412235658615828, -0.028093723580241203, 0.03173599764704704, 0.029272107407450676, 0.021746523678302765, -0.020608313381671906, 0.00704351719468832, 0.014729788526892662, 0.013966517522931099, -0.006782398093491793, 0.021759914234280586, 0.0396365225315094, 0.005386415868997574, -0.006129600573331118, 0.01889430172741413, -0.0069564771838486195, 0.007244377862662077, -0.0218000877648592, 0.03784216567873955, -0.018800565972924232, 0.027477750554680824, -0.019657572731375694, -0.018492579460144043, -0.020353889092803, -0.0005184718174859881, -0.025201328098773956, -0.0026999032124876976, -0.0065145837143063545, -0.018720222637057304, -0.011750353500247002, -0.011261592619121075, -0.004680055659264326, -0.011375414207577705, -0.012828306294977665, 0.016725005581974983, 0.021679570898413658, -0.005620753392577171, -0.007806787732988596, -0.013069339096546173, -0.016296502202749252, 0.017354369163513184, -0.025536097586154938, -0.004971303511410952, 0.017461495473980904, -0.008047821000218391, -0.006862742360681295, -0.02929888851940632, -0.0014035145286470652, 0.01701960153877735, 0.01760879158973694, -0.01460927166044712, -0.01805068552494049, -0.002507411642000079, 0.031655654311180115, -0.018171202391386032, -0.006390719674527645, 0.02220180816948414, -0.009072210639715195, -0.032271627336740494, -0.010873261839151382, 0.01700621098279953, 0.01845240779221058, 0.005791484843939543, 0.0183720625936985, 0.0006519604939967394, 0.013484451919794083, 0.026875168085098267, 0.01740793138742447, 0.005028214305639267, -0.004670012276619673, -0.03409276530146599, 0.01597512513399124, -0.008797700516879559, 0.023621223866939545, 0.016550926491618156, 0.023447144776582718, 0.004408893641084433, 0.024491621181368828, 0.0057981801219284534, 0.01527880784124136, 0.005573885980993509, 0.011670009233057499, 0.013270200230181217, 0.02115733176469803, 0.014783351682126522, -0.04049352556467056, 0.015506450086832047, -0.010043037123978138, -0.012701095081865788, 0.0021408407483249903, 0.023955991491675377, 0.004388807341456413, 0.014796742238104343, -0.01689908467233181, 0.00798756256699562, -0.027250109240412712, 0.004961260594427586, 0.010893347673118114, -0.01565374806523323, 0.0001052949737641029, -0.010598752647638321, -0.0006414990057237446, 0.024063117802143097, 0.006708749104291201, 0.0031719261314719915, -0.003448109608143568, -0.027303671464323997, -0.03184312582015991, 0.012239115312695503, -0.024652309715747833, -0.0009599470067769289, -0.009078905917704105, -0.014461973682045937, -0.006698706187307835, 0.0069832587614655495, 0.013912954367697239, 0.008516496047377586, -0.0009005257161334157, -0.005332852713763714, -0.015720700845122337, 0.017140116542577744, -0.02639310248196125, -0.0034782385919243097, -0.01377904787659645, 0.019737916067242622, -0.034360580146312714, 0.015131509862840176, 0.004365373868495226, 0.024759436026215553, 0.013424193486571312, 0.013102816417813301, 0.002020324347540736, -0.017662355676293373, -0.004137731622904539, -0.004539452958852053, 0.000996771501377225, 0.01439502090215683, 0.0009356763330288231, -0.014636053703725338, 0.0013876130105927587, 0.04247535392642021, 0.012861783616244793, 0.006270203273743391, 0.01565374806523323, 0.018184592947363853, -0.011670009233057499, 0.01277474407106638, 0.005232422612607479, -0.011080818250775337, -0.03848491981625557, -0.008844568394124508, -0.038002852350473404, -0.001297225710004568, 0.013076035305857658, -0.007472020108252764, -0.034467704594135284, 0.004797224421054125, 0.002015302889049053, 0.020260155200958252, 0.011268287897109985, 0.00623003114014864, 0.0210769884288311, -0.006373981013894081, -0.0076929666101932526, 0.0565623864531517, -0.00730463583022356, -0.0033845037687569857, -0.0165777076035738, -0.006089428439736366, -0.01667144149541855, -0.002038736594840884, 0.013517928309738636, 0.011623142287135124, 0.03628884255886078, -0.01079291757196188, 0.015412715263664722, 0.002776899840682745, 0.022134855389595032, 0.045742686837911606, -0.004927783738821745, 0.031012900173664093, -0.022657092660665512, 0.012620750814676285, -0.01606886088848114, -0.030745085328817368, 0.02533523552119732, 0.04137731343507767, 0.008255376480519772, -0.008375893346965313, -0.01372548472136259, 0.014167378656566143, -0.020608313381671906, -0.0008544950978830457, -0.02619224227964878, -0.005202293395996094, -0.006725487299263477, 0.03433379903435707, -0.005697750020772219, -0.003096603322774172, -0.011931128799915314, 0.03120036981999874, 0.006474411580711603, -0.03184312582015991, -0.03494977205991745, 0.0012411520583555102, 0.031253933906555176, 0.010317547246813774, 0.0064878021366894245, 0.011830698698759079, 0.02722332626581192, -0.030584396794438362, -0.025817301124334335, -0.028227631002664566, -0.03476230055093765, 0.02470587193965912, -0.002321615582332015, 0.0023902428802102804, 0.01110759936273098, 0.005747965071350336, 0.0021073641255497932, 0.03235197067260742, 0.012131989002227783, 4.451367203728296e-05, -0.006943086627870798, -0.027906253933906555, -0.01497082132846117, -0.0026229065842926502, -0.002127450192347169, 0.037815384566783905, 0.0069832587614655495, 0.02400955557823181, 0.025710176676511765, 0.014890477061271667, -0.004884263966232538, 0.010598752647638321, -0.015252026729285717, -0.00633380888029933, -0.011877565644681454, 0.009500713087618351, 0.013618359342217445, 0.015372542664408684, 0.037092287093400955, 0.011495930142700672, 0.003625536570325494, -0.01079291757196188, -0.018532751128077507, 0.00279029062949121, 0.03752078860998154, 0.009447150863707066, -0.0053295050747692585, -0.008536581881344318, -0.022911516949534416, -0.0035786691587418318, 0.008335720747709274, -0.011308460496366024, -0.0001647685858188197, 0.002423719735816121, -0.017662355676293373, -0.02587086521089077, -0.02158583514392376, 0.016845522448420525, 0.016537535935640335, 0.014863695949316025, 0.014944040216505527, -0.014220940880477428, -0.034360580146312714, -0.023848867043852806, -0.007947389967739582, 0.020889518782496452, -0.007840264588594437, 0.00279029062949121, -0.033021505922079086, -0.038431357592344284, 0.0002910388575401157, -0.011710181832313538, -0.00991582591086626, -0.008168336935341358, -0.009567666798830032, -0.034601613879203796, 0.00670205382630229, 0.046465788036584854, 0.018800565972924232, -0.0018161159241572022, 0.006042561028152704, -0.009366806596517563, 0.021331410855054855, -0.013765656389296055, -0.024960296228528023, -0.001961739966645837, -0.02285795286297798, -0.026660917326807976, 0.0112147256731987, 0.004174556117504835, 0.00027743889950215816, -0.018010513857007027, 0.0009683162206783891, -0.017394540831446648, 0.024371104314923286, 0.027035856619477272, -0.03146818280220032, 0.0076260133646428585, 0.028656134381890297, 0.000210903788683936, 0.006270203273743391, 0.0026362973731011152, -0.014314676634967327, 0.027035856619477272, -0.011944519355893135, 0.0034280235413461924, -0.013323763385415077, -0.005928739905357361, -0.015359152108430862, 0.013819219544529915, -0.007994257844984531, -0.013899563811719418, -0.03746722638607025, 0.00017251008830498904, 0.009045429527759552, 0.006969868205487728, 0.006969868205487728, 0.02190721221268177, 0.0012160444166511297, -0.006896219216287136, 0.02534862607717514, 0.0023534183856099844, 0.017046382650732994, -0.014528927393257618, -0.029807735234498978, 0.03326253965497017, 0.018492579460144043, -0.012065036222338676, -0.000903873355127871, 0.019028209149837494, -0.013236723840236664, -0.019336195662617683, 0.03055761568248272, 0.011971300467848778, -0.0004946195986121893, -0.01110090408474207, -0.01754183880984783, -0.021933993324637413, -0.008623621426522732, 0.012654227204620838, 0.014220940880477428, -0.019376367330551147, -0.028656134381890297, -0.02034049853682518, -0.004780485760420561, 0.00552701810374856, -0.02640649303793907, -0.01533237099647522, -0.014220940880477428, -0.010645619593560696, 0.014957430772483349, -0.010270679369568825, -0.0034815864637494087, 0.012614055536687374, -0.007117165718227625, -0.030477270483970642, -0.009882348589599133, 0.004000476561486721, -0.028522226959466934, -0.0012403151486068964, 0.011777135543525219, 0.025710176676511765, 0.021626006811857224, 0.04319845139980316, 0.010043037123978138, 0.02619224227964878, 0.009065515361726284, 0.009587753564119339, 0.004301767796278, 0.015573403798043728, 0.010397891514003277, -0.016497362405061722, -0.010096600279211998, 0.006474411580711603, 0.00508177699521184, 0.03106646239757538, 0.023340018466114998, -0.004418936558067799, 0.017193680629134178, -0.02619224227964878, -0.005490194074809551, -0.0029693914111703634, -0.037199411541223526, 0.0026212327647954226, 0.0015407693572342396, -0.014863695949316025, 0.009340024553239346, -0.03773504123091698, -0.00990243535488844, 0.0423414446413517, -0.0027517923153936863, 0.016738396137952805, 0.015667138621211052, 0.035190802067518234, -0.013243419118225574, -0.0020839301869273186, 0.00620994484052062, 0.02137158438563347, -0.03508367761969566, 0.008436151780188084, -0.01367192156612873, 0.02929888851940632, 0.012058340013027191, 0.010197030380368233, 0.024638919159770012, 0.0015457908157259226, -0.0023149200715124607, -0.01434145774692297, 0.02147870883345604, -0.01616259478032589, -0.011964605189859867, 0.037279754877090454, -0.019456710666418076, -0.002929219277575612, -0.017474886029958725, -0.0035485399421304464, 0.015185073018074036, 0.038431357592344284, -0.013832610100507736, 0.031227150931954384, -0.004157817456871271, -0.010491626337170601, -0.0008335721213370562, 0.00923959445208311, -0.011649923399090767, 0.029995204880833626, 0.012620750814676285, -0.015466277487576008, 0.019871823489665985, 0.016497362405061722, -0.022389277815818787, 0.002577712992206216, -0.01992538571357727, -0.006109514739364386, 0.017300806939601898, 0.03304829075932503, -0.009607839398086071, -0.03639596700668335, 0.00664849067106843, 0.007759920321404934, -0.024853169918060303, -0.03272690996527672, 0.01016355399042368, -0.015265417285263538, 0.0005247486988082528, -0.0028773301746696234, 0.02451840229332447, -0.008275463245809078, -0.016028687357902527, -0.017461495473980904, -0.007143947295844555, 0.01897464506328106, 0.00240028603002429, -0.012486843392252922, -0.020420843735337257, -0.010659010149538517, 0.017702527344226837, -0.012995691038668156, 0.008851263672113419, -0.023554271087050438, 0.02367478795349598, -0.04421614482998848, 0.0012578904861584306, -0.024277368560433388, 0.022134855389595032, 0.004981346428394318, 0.013524623587727547, 0.02889716625213623, 0.024906734004616737, -0.018505970016121864, -0.0010352698154747486, -0.004964608233422041, 0.02585747465491295, -0.003058105008676648, -0.01625633053481579, -0.027825908735394478, 0.0017809653654694557, 0.004857482388615608, -0.035297930240631104, -0.0053362008184194565, -0.00927976705133915, -0.02272404544055462, 0.002721663098782301, 0.033128634095191956, 0.00302295433357358, -0.012647531926631927, -0.02138497494161129, 0.0006594927981495857, 0.0036824471317231655, 0.01308942586183548, -0.003665708703920245, 0.008315634913742542, -0.0037895727436989546, -0.0015047817723825574, 0.02055474929511547, -0.009072210639715195, -0.012915345840156078, -0.0031819690484553576, -0.004191294312477112, 0.0158546082675457, 0.03569965064525604, -0.017675746232271194, -0.004167860373854637, 0.0007297940901480615, -0.017287414520978928, 0.0005025703576393425, 0.005101863294839859, -0.01959061808884144, -0.013437584042549133, 0.004937826655805111, -0.004569582175463438, -0.04874220862984657, -0.010143468156456947, 0.026352930814027786, 0.01491725817322731, -0.004713532514870167, 0.008683879859745502, 0.04571590572595596, 0.011368718929588795, 0.009159250184893608, -0.014194159768521786, -0.011147771961987019, -0.0035585828591138124, -0.02304542437195778, 0.009654706344008446, 0.04421614482998848, -0.02670108899474144, 0.005259204190224409, -0.0059086536057293415, 0.0028304627630859613, 0.03444092348217964, 0.016711615025997162, -0.007947389967739582, 0.013571491464972496, 0.014140596613287926, -0.025951208546757698, -0.0053094192408025265, 0.014636053703725338, 0.009212813340127468, -0.008837873116135597, 0.0014311328995972872, 0.00865709874778986, 0.0022965078242123127, 0.008395979180932045, 0.0262993685901165, 0.03195025026798248, 0.026366321370005608, -0.005175511818379164, -0.034146327525377274, -0.039154455065727234, -0.028307974338531494, -0.010337633080780506, 0.01314968429505825, -0.012205637991428375, 0.03224484622478485, -0.017782872542738914, -0.03221806511282921, -0.01888091117143631, -0.02201433852314949, -0.009440455585718155, -0.013223332352936268, -0.04140409454703331, 0.010317547246813774, 0.03361069783568382, 0.023487316444516182, 0.0007406740332953632, 0.012439975515007973, 0.00464323116466403, -0.008750833570957184, -0.011931128799915314, -0.024558573961257935, 0.001854614238254726, 0.0015700615476816893, -0.008757528848946095, -0.016149204224348068, -0.033932074904441833, 0.0016119075007736683, 0.011402195319533348, -0.003518410725519061, 0.0165777076035738, 0.02908463589847088, -0.022054510191082954, 0.006153034511953592, -0.02421041578054428, 0.005312766879796982, -0.015707310289144516, 0.024330932646989822, -0.0076929666101932526, -0.03658343851566315, -0.0029175023082643747, 0.007378284819424152, 0.014461973682045937, -0.015091338194906712, 0.020286936312913895, -0.011596360243856907, -0.02212146483361721, 0.006718792021274567, 0.010290766134858131, 0.00012187644460937008, -0.013886173255741596, -0.0025375408586114645, 0.03318219631910324, -0.00793399941176176, 0.022175027057528496, 0.026352930814027786, -0.009922521188855171, -0.01795695163309574, -0.020487796515226364, 0.023326627910137177, -0.015345761552453041, -0.01148253958672285, 0.016202766448259354, -0.016711615025997162, -0.015814436599612236, 0.015305588953197002, -0.005670968443155289, -0.009708269499242306, -0.021438537165522575, -0.009440455585718155, 0.0039870860055089, -0.019255850464105606, 0.001876374240964651, -0.007954086177051067, -0.01628311164677143, -0.00255762692540884, -0.001246173633262515, -0.03004876896739006, 0.024063117802143097, -0.025161156430840492, 0.009661402553319931, -0.018800565972924232, 0.015131509862840176, 0.007913913577795029, -0.014207550324499607, -0.03037014603614807, -0.013886173255741596, 0.015426105819642544, -0.004783833399415016, 0.030504053458571434, 0.17182967066764832, 0.01340410765260458, 0.011341936886310577, 0.014743179082870483, -0.004994737450033426, 0.02117072232067585, -0.005443326197564602, 0.01929602213203907, -0.01470300741493702, -0.0065045407973229885, -0.018720222637057304, 0.010263984091579914, -0.007492105942219496, 0.002391916699707508, 0.0014487081207334995, -0.02252318523824215, -0.012326154857873917, -0.016350064426660538, -0.03494977205991745, -0.0023048771545290947, 0.036262061446905136, 0.0005490193725563586, -0.0152252446860075, -0.02324628457427025, 0.04025249555706978, 0.010243898257613182, -0.011288374662399292, 0.004649926442652941, 0.02639310248196125, -0.005657577887177467, -0.015693919733166695, 0.022483013570308685, 0.007659489754587412, -0.011087513528764248, 0.006370633374899626, -0.014622662216424942, 0.035833556205034256, -0.0076193176209926605, 0.017756089568138123, -0.014220940880477428, 0.03559252619743347, -0.010638924315571785, 0.004844091832637787, -0.014769960194826126, -0.001214370597153902, 0.022483013570308685, -0.01876039430499077, -0.0038163543213158846, -0.004425631836056709, 0.03596746549010277, -0.008275463245809078, -0.006320418324321508, 0.015693919733166695, 0.04092203080654144, 0.010250593535602093, -0.008000953122973442, 0.0223357155919075, 0.0016027013771235943, -0.0005184718174859881, 0.029888080433011055, -0.02690194919705391, 0.015345761552453041, -0.018184592947363853, -0.0014261113246902823, -0.010638924315571785, 0.005128644406795502, -0.00792060885578394, -0.021425146609544754, 0.022670483216643333, -0.014381629414856434, 0.0065514082089066505, -0.004827353172004223, 0.007893827743828297, -0.0053663295693695545, -0.013082730583846569, -0.02096986211836338, 0.03588712215423584, 0.010310851968824863, 0.012828306294977665, 0.012373021803796291, 0.02106359787285328, 0.00023245447664521635, -0.0009507408831268549, -0.01752844825387001, -0.02307220548391342, -0.029164981096982956, 0.01762218400835991, -0.006142991129308939, -0.0028153981547802687, 0.0019131986191496253, 0.004593015648424625, 0.008074602112174034, -0.019443320110440254, -0.025616440922021866, -0.023661397397518158, -0.0042247711680829525, -0.02046101540327072, -0.02419702522456646, 0.0010829742532223463, -0.005691054742783308, -0.03355713561177254, 0.059079840779304504, -0.003906741738319397, 0.016966037452220917, -0.01677856780588627, 0.019255850464105606, 0.016617879271507263, 0.03339644894003868, -0.01731419749557972, -0.0021157332230359316, 0.0018378759268671274, -0.04285029321908951, 0.007036821451038122, 0.0027568137738853693, -0.0005092656938359141, 0.021612616255879402, -0.01377904787659645, -0.012660922482609749, -0.006454325281083584, -0.01689908467233181, 0.004395502619445324, -0.016751786693930626, 0.004211380612105131, -0.013377325609326363, -0.015814436599612236, -0.0010043038055300713, -0.028709696605801582, 0.014944040216505527, -0.02599138207733631, -0.010083209723234177, 0.03004876896739006, 0.016189375892281532, 0.012761353515088558, -0.04368051886558533, 0.009360111318528652, 0.003612145781517029, -0.014796742238104343, -0.014435192570090294, 0.01866665855050087, -0.006909609772264957, -0.0031535138841718435, 0.013169770129024982, -0.015452886931598186, 0.015934953466057777, 0.01647058129310608, 8.499966497765854e-06, -0.008697270415723324, 0.0014721419429406524, -0.014100424945354462, -0.03773504123091698, -0.04207363352179527, -0.0004385459760669619, -0.0009356763330288231, -0.029057854786515236, 0.009018647484481335, -0.01423433143645525, -0.015238635241985321, -0.04651935026049614, 0.03098611906170845, 0.018398845568299294, -0.04986703023314476, 0.0035418446641415358, 0.03776182234287262, -0.012607360258698463, -0.026165461167693138, -0.0032254888210445642, -0.16765177249908447, 0.0049311313778162, 0.019978949800133705, -0.024464840069413185, 0.01754183880984783, 0.007853655144572258, -0.0034380664583295584, -0.0011942845303565264, -0.021572444587945938, -0.03880629688501358, 0.010545189492404461, 0.009641315788030624, -0.024250587448477745, 0.0017859868239611387, -0.0098622627556324, -0.01667144149541855, 0.023540880531072617, 0.007893827743828297, 0.02576373890042305, 0.03725297376513481, 0.04137731343507767, -0.025469142943620682, 0.020300326868891716, 0.011549493297934532, -0.004241509363055229, -8.264582720585167e-05, 0.0047938767820596695, 0.011603056453168392, -0.004542800597846508, -0.027906253933906555, -0.0224294513463974, 0.031146807596087456, 0.0075724502094089985, -0.020902909338474274, 0.01340410765260458, -0.0048139626160264015, -0.008128165267407894, 0.012567187659442425, -0.011556188575923443, 0.010069819167256355, 0.007826874032616615, 0.013250114396214485, -0.011576274409890175, 0.0015282155945897102, -0.005185555201023817, 0.015104728750884533, 0.017782872542738914, 0.008851263672113419, 0.004649926442652941, -0.0027450970374047756, 0.014689615927636623, -0.015814436599612236, -0.01825154758989811, 0.014153987169265747, 0.015693919733166695, 0.009346719831228256, -0.001149090938270092, 0.000634803669527173, -0.030530834570527077, -0.011000473983585835, 0.0340392030775547, -0.03109324350953102, 0.009882348589599133, 0.018921082839369774, 0.0026312759146094322, -0.006296984385699034, -0.0012177183525636792, 0.005727879237383604, -0.014073642902076244, 0.008047821000218391, 0.00013547639537137002, 0.00409086374565959, -0.018211374059319496, -0.017086554318666458, 0.011636532843112946, 0.0011532754870131612, -0.027906253933906555, 0.016109032556414604, 0.008536581881344318, -0.0018328543519601226, -0.012513624504208565, 0.03722619265317917, -0.004837396554648876, 0.0033895252272486687, -0.04785842075943947, -0.009922521188855171, -0.017032992094755173, 0.011750353500247002, -0.04301098361611366, 0.012285982258617878, 0.03318219631910324, 0.006641795393079519, -0.009400282986462116, -0.024063117802143097, -0.0014771634014323354, 0.02388903871178627, 0.02929888851940632, -0.008489714004099369, 0.005476803053170443, -0.011629837565124035, -0.004248205106705427, -0.006199901923537254, -0.027384016662836075, 0.008208509534597397, 0.015667138621211052, 0.021451927721500397, -0.0071037751622498035, 0.009333329275250435, 0.025107594206929207, -0.02003251202404499, -0.019362976774573326, 0.013832610100507736, 0.02158583514392376, 0.014180769212543964, 0.0008821134688332677, 0.02200094796717167, 0.012225724756717682, -0.010759441182017326, -0.019148724153637886, 0.009326633997261524, 0.02502724900841713, -0.010779527015984058, -0.0006059299339540303, -0.009427065029740334, -0.004338592290878296, 0.010183639824390411, -0.11173214018344879, -0.021010033786296844, 0.003970347344875336, 0.019791480153799057, -0.023621223866939545, 0.0003284910344518721, -0.006564798764884472, -0.004047343973070383, -0.01752844825387001, 0.005011475645005703, -0.009607839398086071, -0.007846959866583347, -0.0009323286358267069, 0.02055474929511547, -0.020260155200958252, 0.010036341845989227, -0.033316101878881454, -0.005249160807579756, 0.010371110402047634, 0.02336680144071579, 0.0165777076035738, -0.002355092205107212, 0.006286941468715668, -0.03995789960026741, -0.011870870366692543, 0.0007837754092179239, -0.019670963287353516, 0.0007059418712742627, 0.021130550652742386, 0.008201814256608486, -0.01743471249938011, -0.022349106147885323, 0.017126725986599922, 0.026098506525158882, 0.006317070685327053, -0.011341936886310577, -0.001876374240964651, -0.006688662804663181, 0.02303203195333481, -0.0007917261100374162, -0.0075255827978253365, 0.00019897767924703658, 0.009614534676074982, 0.002478956477716565, 3.991061385022476e-05, 0.007438543252646923, -0.016832130029797554, 0.021933993324637413, -0.02462552860379219, 0.0046164495870471, -0.019215678796172142, 0.017059773206710815, -0.024585355073213577, 0.01847918890416622, 0.02921854332089424, -0.005275942385196686, 0.02407650835812092, 0.039582960307598114, -0.03307507187128067, 0.020474405959248543, -0.005014823284000158, 0.003725966904312372, -0.02671447955071926, 0.015452886931598186, 0.01701960153877735, 0.03671734407544136, -0.031548529863357544, -0.014689615927636623, 0.0001538886281196028, 0.00996938906610012, -0.009440455585718155, 0.006604970898479223, -0.009098991751670837, 0.03671734407544136, -0.035538963973522186, -0.017582010477781296, -0.01980487070977688, -0.010371110402047634, 0.010833090171217918, -0.015198463574051857, -0.00885795895010233, -0.001005140715278685, 0.0038364403881132603, -0.020608313381671906, 0.024438058957457542, 0.006005736533552408, 0.004820657894015312, -0.007967476733028889, 0.00664849067106843, -0.0218000877648592, 0.004663316998630762, 0.017300806939601898, 0.01701960153877735, 0.015680529177188873, -0.04868864640593529, -0.008047821000218391, -0.003833092749118805, 0.011141076683998108, 0.0032656609546393156, -0.009714964777231216, -0.04418936371803284, 0.003054757369682193, -0.050857942551374435, 0.013846000656485558, 0.008282158523797989, -0.006758964154869318, -0.007070298306643963, 0.00854997243732214, 0.009393587708473206, -0.03797607123851776, 0.009152554906904697, -0.014743179082870483, -0.01991199515759945, 0.03810998052358627, -0.02940601482987404, -0.002355092205107212, -0.01722046174108982, -0.011991387233138084, 0.02315254881978035, 0.01679195836186409, 0.02129123918712139, -0.034789081662893295, -0.010551884770393372, -0.013564796186983585, 0.00409086374565959, -0.004341939929872751, 0.006631752476096153, -0.00542324036359787, 0.001000956050120294, 0.010324242524802685, -0.021210895851254463, -0.008402674458920956, 0.01266761776059866, -0.013323763385415077, -0.004623144865036011, 0.016631269827485085, -0.02774556539952755, -0.02283117175102234, 0.01845240779221058, 0.00897847581654787, 0.04226110130548477, -0.004194641951471567, 0.012239115312695503, -0.020394060760736465, -0.0022596835624426603, -0.00443232711404562, 0.0058986106887459755, -0.029700608924031258, -0.021318020299077034, 0.02534862607717514, 0.03066474199295044, 0.021050207316875458, 0.021679570898413658, -0.0035619307309389114, -0.01886752061545849, -0.02024676278233528, -0.004147774539887905, -0.041270188987255096, 0.007050212472677231, -0.013966517522931099, 0.002345049288123846, -0.0015315632335841656, 0.03778860345482826, -0.008456237614154816, 0.023005250841379166, -0.017501667141914368, -0.0021960774902254343, -0.025522707030177116, 0.0008888088050298393, -0.00308823399245739, 0.006695358548313379, -0.03513723984360695, -0.017769481986761093, -0.04137731343507767, -0.000987565377727151, -0.010183639824390411, 0.03224484622478485, -0.004408893641084433, -0.004218075890094042, 0.0033309408463537693, -0.007097079884260893, 0.023085596039891243, 0.023487316444516182, -0.004164512734860182, -0.007773310877382755, 0.007311331108212471, -0.0033962205052375793, 0.010953606106340885, 6.046745693311095e-05, -0.034146327525377274, -0.00031823874451220036, -0.0059923455119132996, -0.02483977936208248, -0.001844571204856038, 0.007585841231048107, 0.003178621409460902, 0.011127685196697712, 0.017461495473980904, 0.017809653654694557, -0.017354369163513184, 0.0005289333057589829, -0.016497362405061722, 0.0052458131685853004, -0.006638447754085064, -0.004137731622904539, 0.0023165938910096884, -0.02118411473929882, -0.00763940392062068, -0.00980200432240963, -0.05174173042178154, -0.005436630919575691, -0.006169772706925869, -0.017059773206710815, 0.013625054620206356, 0.01403347123414278, 0.001876374240964651, 0.0007963291718624532, 0.02567000314593315, -0.015881389379501343, -0.01617598533630371, -0.014448583126068115, -0.0017073163762688637, 0.013886173255741596, 0.003769486676901579, 0.029780954122543335, 0.003093255450949073, 0.00786704570055008, 0.015667138621211052, 0.005610710475593805, -0.0016102336812764406, 0.003099950961768627, -0.02795981615781784, 0.014823523350059986, -0.01617598533630371, -0.037065502256155014, -0.02745096944272518, -0.033530354499816895, 0.014261113479733467, 0.032271627336740494, -0.0005812408053316176, -0.025174546986818314, 0.08441507816314697, -0.01980487070977688, -0.023299846798181534, 0.005473455414175987, 0.013484451919794083, 0.014301285147666931, 0.027397407218813896, 0.02900429256260395, 0.009326633997261524, -0.024478230625391006, -0.002740075346082449, 0.029272107407450676, -0.010893347673118114, -0.010652314871549606, -0.018211374059319496, 0.016457190737128258, -0.0029727390501648188, 0.029379231855273247, -0.003977043088525534, 0.007826874032616615, 0.021626006811857224, 0.00044984440319240093, 0.012232420034706593, -0.015560013242065907, -0.03192346915602684, -0.02075561136007309, 0.029807735234498978, 0.0152252446860075, -0.0002452174958307296, -0.041779037564992905, -0.009674793109297752, 0.005051647778600454, -0.03444092348217964, -0.022054510191082954, 0.0028421797323971987, 0.004847439471632242, -0.006661881692707539, -0.0014026776188984513, 0.002569343661889434, -0.011864175088703632, 0.010063123889267445, 0.00198349985294044, -0.00698995403945446, -0.046572912484407425, 0.039582960307598114, 0.0217063520103693, -0.004435674753040075, 0.0011156140826642513, 0.012520319782197475]"
7215,"Mongo Dynamic Search Keys And Value Query<p>How can query in Mongo DB , by the way I am using Keystone JS. I wanted to filter or get result from the Vehicle Model where keys and values from for example  { 'Year' => '2019,2018', 'Make' => 'Acura,BMW' } . It will filter where year = 2019 , 2018 same with the Make.</p>

<h1>My current code</h1>

<pre><code>view.on('init', function (next) {

        var q = keystone.list('Vehicle').paginate({
            page: req.query.page || 1,
            perPage: 10,
            maxPages: 10,
            filters: {
                state: 'published',

            },
        })

            .sort('-publishedDate')

        if (locals.filters.searchkeys) {

            let urlSearchParams = new URLSearchParams(locals.filters.searchkeys)


            for (var key of urlSearchParams.keys()) {

                console.log(""The Key :"" , key)

                //this part is where it would be dynamic
                q.where('Year').in();


            }

        }
</code></pre>

<h1>Search Param</h1>

<pre><code>{ 'Year' =&gt; '2019,2018', 'Make' =&gt; 'Acura,BMW' }
</code></pre>

<h1>Collection</h1>

<pre><code>{ total: 12,
  results:
   [ { _id: 5d6893cdc02d0e3020f84c85,
       DriveType: 'FWD',
       FuelType: 'Gasoline Fuel',
       ImageList:
        '',
       Options:
        'Traction Control,Stability Control,Front Wheel Drive,Tires - Front All-Season,Tires - Rear All-Season,Aluminum Wheels,Power Steering,4-Wheel Disc Brakes,ABS,Brake Assist,Sun/Moonroof,Generic 
Sun/Moonroof,Rear Spoiler,Automatic Headlights,Fog Lamps,Heated Mirrors,Power Mirror(s),Privacy Glass,Intermittent Wipers,Variable Speed Intermittent Wipers,Leather Seats,Power Driver Seat,Bucket Seats,Heated Front Seat(s),Driver Adjustable Lumbar,Passenger Adjustable Lumbar,3rd Row Seat,Pass-Through Rear Seat,Floor Mats,Steering Wheel Audio Controls,Adjustable Steering Wheel,Engine Immobilizer,Tire Pressure Monitor,Power Windows,Power Door Locks,Universal Garage Door Opener,Keyless Entry,Cruise Control,Security System,Climate Control,A/C,Rear A/C,Rear Defrost,AM/FM Stereo,CD Changer,CD Player,Satellite Radio,Entertainment System,Power Outlet,Driver Vanity Mirror,Passenger Vanity Mirror,Driver Illuminated Vanity Mirror,Passenger Illuminated Visor Mirror,Rear Reading Lamps,Driver Air Bag,Passenger Air Bag,Front Side Air Bag,Passenger Air Bag Sensor,Front Head Air Bag,Rear Head Air Bag,Child Safety Locks',
       Description: '',
       DateInStock: '7/15/2019',
       Invoice: 3000,
       BookValue: '3686',
       MSRP: 0,
       SellingPrice: 5592,
       Miles: 162111,
       Transmission: 'Automatic',
       EngineDisplacement: '3.5L',
       EngineCylinders: '6',
       InteriorColor: '',
       ExteriorColor: 'Gray',
       Doors: 4,
       ModelNumber: 'YF2867JNW',
       Trim: 'Ex-L',
       Body: 'Convertible',
       Model: 'Pilot',
       Make: 'Honda',
       Year: 2007,
       VIN: '5FNYF28677B037628',
       Stock: 'K2501A',
       Type: 'Used',
       image_gallery: [],
       __v: 0,
       CategorizedOptions: '',
       Comment: '',
       name: '',
       publishedDate: null,
       content: [Object],
       categories: [],
       image: [Object],
       state: 'published',
       Certified: true } ],
  currentPage: 1,
  totalPages: 2,
  pages: [ 1, 2 ],
  previous: false,
  next: 2,
  first: 1,
  last: 1 }
</code></pre>
",pls check count of TID object in jquery,"Embed Field: Mongo Dynamic Search Keys And Value Query<p>How can query in Mongo DB , by the way I am using Keystone JS. I wanted to filter or get result from the Vehicle Model where keys and values from for example  { 'Year' => '2019,2018', 'Make' => 'Acura,BMW' } . It will filter where year = 2019 , 2018 same with the Make.</p>

<h1>My current code</h1>

<pre><code>view.on('init', function (next) {

        var q = keystone.list('Vehicle').paginate({
            page: req.query.page || 1,
            perPage: 10,
            maxPages: 10,
            filters: {
                state: 'published',

            },
        })

            .sort('-publishedDate')

        if (locals.filters.searchkeys) {

            let urlSearchParams = new URLSearchParams(locals.filters.searchkeys)


            for (var key of urlSearchParams.keys()) {

                console.log(""The Key :"" , key)

                //this part is where it would be dynamic
                q.where('Year').in();


            }

        }
</code></pre>

<h1>Search Param</h1>

<pre><code>{ 'Year' =&gt; '2019,2018', 'Make' =&gt; 'Acura,BMW' }
</code></pre>

<h1>Collection</h1>

<pre><code>{ total: 12,
  results:
   [ { _id: 5d6893cdc02d0e3020f84c85,
       DriveType: 'FWD',
       FuelType: 'Gasoline Fuel',
       ImageList:
        '',
       Options:
        'Traction Control,Stability Control,Front Wheel Drive,Tires - Front All-Season,Tires - Rear All-Season,Aluminum Wheels,Power Steering,4-Wheel Disc Brakes,ABS,Brake Assist,Sun/Moonroof,Generic 
Sun/Moonroof,Rear Spoiler,Automatic Headlights,Fog Lamps,Heated Mirrors,Power Mirror(s),Privacy Glass,Intermittent Wipers,Variable Speed Intermittent Wipers,Leather Seats,Power Driver Seat,Bucket Seats,Heated Front Seat(s),Driver Adjustable Lumbar,Passenger Adjustable Lumbar,3rd Row Seat,Pass-Through Rear Seat,Floor Mats,Steering Wheel Audio Controls,Adjustable Steering Wheel,Engine Immobilizer,Tire Pressure Monitor,Power Windows,Power Door Locks,Universal Garage Door Opener,Keyless Entry,Cruise Control,Security System,Climate Control,A/C,Rear A/C,Rear Defrost,AM/FM Stereo,CD Changer,CD Player,Satellite Radio,Entertainment System,Power Outlet,Driver Vanity Mirror,Passenger Vanity Mirror,Driver Illuminated Vanity Mirror,Passenger Illuminated Visor Mirror,Rear Reading Lamps,Driver Air Bag,Passenger Air Bag,Front Side Air Bag,Passenger Air Bag Sensor,Front Head Air Bag,Rear Head Air Bag,Child Safety Locks',
       Description: '',
       DateInStock: '7/15/2019',
       Invoice: 3000,
       BookValue: '3686',
       MSRP: 0,
       SellingPrice: 5592,
       Miles: 162111,
       Transmission: 'Automatic',
       EngineDisplacement: '3.5L',
       EngineCylinders: '6',
       InteriorColor: '',
       ExteriorColor: 'Gray',
       Doors: 4,
       ModelNumber: 'YF2867JNW',
       Trim: 'Ex-L',
       Body: 'Convertible',
       Model: 'Pilot',
       Make: 'Honda',
       Year: 2007,
       VIN: '5FNYF28677B037628',
       Stock: 'K2501A',
       Type: 'Used',
       image_gallery: [],
       __v: 0,
       CategorizedOptions: '',
       Comment: '',
       name: '',
       publishedDate: null,
       content: [Object],
       categories: [],
       image: [Object],
       state: 'published',
       Certified: true } ],
  currentPage: 1,
  totalPages: 2,
  pages: [ 1, 2 ],
  previous: false,
  next: 2,
  first: 1,
  last: 1 }
</code></pre>; Answer: pls check count of TID object in jquery","[-0.015291864052414894, 0.028725048527121544, -0.005547876935452223, -0.0007744498434476554, -0.04764978587627411, 0.03207630291581154, -0.024979528039693832, -0.018699442967772484, -0.016925249248743057, -0.021600110456347466, 0.008624554611742496, 0.007723377086222172, -0.00480158906430006, -0.014996165409684181, -0.004051780793815851, 0.004146826919168234, -0.000747168087400496, -0.016714036464691162, 0.0008351737633347511, -0.016009990125894547, -0.0070263720117509365, 0.010046727024018764, 0.015235540457069874, -0.00471710367128253, -0.031400419771671295, 0.016629550606012344, 0.03114696405827999, -0.027500009164214134, -0.03137226030230522, -0.010307223536074162, 0.011856122873723507, 0.00661098537966609, -0.031006155535578728, -0.0325268916785717, -0.018460068851709366, 0.008378138765692711, 0.022628016769886017, -0.017615213990211487, 0.025472359731793404, 0.0095468545332551, 0.008666797541081905, -0.0017504326533526182, -0.004069381859153509, -0.03049924224615097, -0.018924737349152565, 0.02675372175872326, 0.009793270379304886, -0.005051525309681892, 0.0005099928239360452, 0.013862651772797108, -0.004530531354248524, 0.03030211105942726, -0.0361316055059433, -0.01031426340341568, -0.007695215288549662, -0.00022617455397266895, 0.025387873873114586, 0.03168204054236412, 0.010215697810053825, -0.0039109718054533005, 0.012679856270551682, 0.013482467271387577, -0.003479743842035532, -0.004101064056158066, -0.0018938819412142038, -0.01434844359755516, -0.017319515347480774, 0.015136973932385445, -0.006177997682243586, 0.0069348462857306, 0.005924541503190994, 0.03517410531640053, -0.007512163370847702, 0.0005759970517829061, 0.01851639151573181, -0.008666797541081905, -0.02334614284336567, 0.00032320080208592117, 0.013679600320756435, 0.00847670529037714, 0.01079301442950964, -0.018361501395702362, -0.0414823479950428, 0.03976447880268097, 0.006082951556891203, 0.024345887824892998, 0.00501280277967453, 0.02985152043402195, -0.008166925981640816, -0.013764086179435253, -0.002648970577865839, 0.009553895331919193, 0.027035340666770935, 0.000744087912607938, 0.010321304202079773, 0.015531240031123161, -0.03016130067408085, 0.015390430577099323, -0.02093830704689026, 0.005576038733124733, -0.01706605777144432, 0.0010094249155372381, -0.005530275870114565, -0.03416027873754501, -0.0348924845457077, 0.00711789820343256, -0.015249621123075485, 0.01008192915469408, -0.00590342003852129, -9.229593706550077e-05, -0.011849083006381989, 0.014897598884999752, 0.024402210488915443, -0.008166925981640816, -0.010229778476059437, 0.0008804966928437352, 0.001719630672596395, -0.0194034893065691, -0.03486432507634163, -0.009321560151875019, 0.017192786559462547, 0.016136718913912773, 0.030217625200748444, -0.007244626060128212, 0.026148242875933647, -0.0033442152198404074, -0.001710830139927566, -0.01343318447470665, -0.012011012993752956, -0.016742197796702385, 0.042805954813957214, 0.017770104110240936, -0.0005922781419940293, 0.032357923686504364, -0.01920635625720024, 0.00960317812860012, -0.028288541361689568, 0.028063246980309486, -0.03689197450876236, -0.026781883090734482, 0.0018921217415481806, 0.018502309918403625, 0.0008483746205456555, -0.013778166845440865, -0.0005680765607394278, 0.027331039309501648, 0.00022595454356633127, 0.007772660348564386, 0.004115144722163677, 0.002087494358420372, 0.000912618765141815, 0.01322197075933218, 0.005709807388484478, 0.02464158646762371, 0.010272021405398846, -0.009652460925281048, 0.01686892658472061, -0.010363547131419182, 0.009828472509980202, 0.007124938536435366, 0.003847607644274831, 0.014214674942195415, 0.005878778174519539, -0.012172943912446499, 0.01886841468513012, 0.022782906889915466, 0.030358433723449707, -0.007955712266266346, -0.002409595064818859, -0.008378138765692711, -0.017615213990211487, 0.025190740823745728, -0.01699565351009369, 0.013933056965470314, -0.018629038706421852, 0.004488288890570402, 0.020501799881458282, -0.004843831527978182, -0.03925756737589836, -0.003608232131227851, -0.015348187647759914, 0.007765620015561581, 0.006832759827375412, 0.04798772931098938, -0.016052233055233955, -0.02847159281373024, -0.01236303523182869, -0.0032755709253251553, -0.012968515045940876, -0.0051430510357022285, 0.02379673160612583, 0.0061075929552316666, 0.011616747826337814, -0.00025587648269720376, -0.6069433689117432, -0.009807351045310497, 0.013876733370125294, -0.028105488047003746, 0.002546883886680007, -0.01197581086307764, -0.005921021103858948, 0.023444708436727524, -0.03500513359904289, 0.032470569014549255, -0.008807606995105743, 0.029288284480571747, 0.006487777456641197, 0.0021121359895914793, -0.017882751300930977, -0.01429212000221014, 0.02548643946647644, -0.019600622355937958, 0.030527405440807343, 0.020234262570738792, 0.00501280277967453, -0.00033574161352589726, 0.020684851333498955, 0.047931406646966934, -0.01860087737441063, 0.0036610355600714684, -0.0016272247303277254, -0.004826230462640524, 0.00619911914691329, 0.024965446442365646, -0.04998721554875374, 0.009455328807234764, 0.014320281334221363, 0.015404511243104935, 0.05584487318992615, -0.013792247511446476, -0.029457256197929382, 0.019276760518550873, -0.0010314263636246324, 0.04925500974059105, -0.022796986624598503, -0.01396825909614563, 0.020980549976229668, -0.009807351045310497, -0.007251666858792305, 0.009694703854620457, 0.023163091391324997, -0.004629097878932953, -0.006220240145921707, -0.025894787162542343, 0.02131849154829979, 0.006572262849658728, 0.0039109718054533005, 0.010229778476059437, 0.020755255594849586, -0.013841531239449978, 0.029034828767180443, -0.029062990099191666, 0.02985152043402195, -0.011518181301653385, 0.01402458269149065, -0.010743731632828712, -0.04193294048309326, -0.00601606722921133, -0.03123144991695881, 0.005181773565709591, 0.02869688719511032, -0.004470687825232744, 0.009497570805251598, -0.027640819549560547, 0.026584751904010773, 0.012151822447776794, 0.00370679865591228, 0.004030659329146147, 0.010659245774149895, 0.02123400568962097, 0.0705171748995781, -0.019431650638580322, -0.0124545618891716, 0.005889338906854391, 0.010842298157513142, -0.0027844992000609636, -0.036723002791404724, -0.004118665121495724, 0.018474148586392403, -0.018502309918403625, -0.041228894144296646, -0.01588326133787632, 0.02441629208624363, 0.017023814842104912, 0.011433695442974567, -0.002478239592164755, -0.002566245151683688, -0.007934590801596642, -0.004287635907530785, 0.02452893927693367, 0.004636138211935759, 0.00847670529037714, 0.03500513359904289, -0.03269586339592934, -0.03154122829437256, -0.0071143778041005135, -0.0014432929456233978, 0.012264469638466835, 0.029598064720630646, 0.006973568815737963, -0.018093964084982872, -0.013771126046776772, 0.019797753542661667, -0.01715054363012314, -0.004086982924491167, -0.017784183844923973, -0.04660779982805252, -0.009427166543900967, 0.003595911432057619, -0.0438479408621788, 0.011363291181623936, -0.005400027614086866, 0.016699954867362976, -3.954754356527701e-05, 0.011447777040302753, 0.009779189713299274, 0.003713838988915086, -0.01779826544225216, -0.002712334506213665, 0.014968003146350384, -0.01381336897611618, -0.008765364065766335, 0.002564484952017665, 0.00981439184397459, -0.001790915266610682, 0.0020082893315702677, 0.022951876744627953, -0.007793781813234091, 0.0035800703335553408, -0.02269842103123665, 0.0019748471677303314, 0.005780212115496397, 0.007737457752227783, -0.0074699209071695805, 0.007068614941090345, -0.004051780793815851, 0.008568231016397476, -0.01637609489262104, 0.007695215288549662, -0.01034946646541357, -0.040468525141477585, 0.003949694335460663, -0.019656945019960403, -0.012658734805881977, -0.012151822447776794, -0.006698991172015667, -0.002369112567976117, 0.004203150514513254, -0.005301461089402437, 0.00308547867462039, 0.014242836274206638, -0.008596393279731274, 0.019642863422632217, -0.005568998400121927, -0.011109835468232632, 0.011152077466249466, -0.01744624227285385, 0.0009372603381052613, 0.009976321831345558, -0.0016606668941676617, -0.0025627249851822853, 0.0179109126329422, 0.0032157269306480885, -0.0225435309112072, -0.010497315786778927, -0.006596904713660479, -0.018347421661019325, -0.00114055338781327, -0.012482723221182823, 0.005547876935452223, -0.03294932097196579, -0.028232216835021973, 0.009997443296015263, -0.013524710200726986, 0.008582312613725662, 0.008413341827690601, 0.01289810985326767, 0.007265747524797916, 0.02468382939696312, -0.003601191798225045, 0.0027228952385485172, 0.03815925493836403, -0.010243859142065048, 0.022571692243218422, 0.0014538535615429282, -0.0070263720117509365, -0.025739897042512894, 0.0029129874892532825, 0.007406556513160467, 0.010884540155529976, 0.017770104110240936, 0.0222337506711483, 0.0022371038794517517, 0.012933311983942986, 0.008666797541081905, 0.03049924224615097, 0.008159885182976723, -0.00415034731850028, -0.0035026255063712597, -0.03531491383910179, -0.014038663357496262, -0.028978504240512848, 0.04331286624073982, 0.017023814842104912, 0.016545064747333527, -0.028922181576490402, 0.010187535546720028, -0.002877785125747323, 0.0020522919949144125, 0.028865857049822807, -0.01962878368794918, 0.010448032058775425, -0.023670002818107605, -0.008392220363020897, -0.007455839775502682, -0.024205077439546585, 0.03114696405827999, 0.01944573223590851, -0.015517158433794975, 0.01833334006369114, 0.005033923778682947, 0.015038407407701015, -0.02437404915690422, -0.02181132324039936, -0.006192078348249197, 0.007638891693204641, 0.0055161952041089535, 0.01301075704395771, 0.0016615469940006733, 0.022712502628564835, 0.036638516932725906, -0.002256465144455433, 0.04339735209941864, -0.024275481700897217, 0.018812090158462524, 0.04094727709889412, 0.006420893128961325, -0.01661546900868416, 0.01031426340341568, 0.03390682116150856, 0.035990796983242035, 0.011996932327747345, -0.02437404915690422, 0.024627504870295525, -0.008272532373666763, 0.010011523962020874, 0.01008192915469408, -0.0036856771912425756, 0.006547621451318264, -0.030555566772818565, 0.013982339762151241, 0.018009478226304054, 0.01040579006075859, 0.013461346738040447, 0.015207379125058651, -0.019854078069329262, 0.011877244338393211, 0.015038407407701015, 0.026387618854641914, 0.0066954707726836205, -0.024247320368885994, -0.003682157024741173, -0.016249366104602814, -0.017882751300930977, 0.009610218927264214, -0.024810556322336197, -0.0017548329196870327, -0.027274714782834053, 0.0006067990325391293, -0.001188956550322473, 0.007610729895532131, -0.001962526235729456, 9.048082574736327e-05, 0.03401947021484375, -0.02479647658765316, -0.010440992191433907, 0.004065861459821463, 0.014700465835630894, -0.001271681860089302, -0.01753072813153267, 0.00975806824862957, 0.00682219909504056, 0.012813624925911427, 0.0205862857401371, 0.009025860577821732, 0.015559401363134384, 0.0009671822190284729, -0.04320022091269493, -0.018924737349152565, 0.012109579518437386, 0.03539939969778061, 0.01958654075860977, -0.006917245220392942, 0.024965446442365646, 0.003710318822413683, 0.03416027873754501, -0.02261393517255783, -0.010222737677395344, 0.03435740992426872, -0.0051606521010398865, -0.015672048553824425, -0.03700461983680725, 0.013137485831975937, -0.0010120650986209512, 0.003328374121338129, -0.02216334640979767, -0.0252189040184021, 0.013595115393400192, -0.007343192584812641, 0.006301205605268478, 0.008927294984459877, -0.0147708710283041, 0.029034828767180443, 0.003127721371129155, 0.0002185840712627396, -0.037370726466178894, -0.010969026014208794, 0.04480544477701187, 0.045593973249197006, 0.006230800878256559, -0.01592550426721573, 0.006139275152236223, -0.015136973932385445, 0.009413085877895355, -0.025275226682424545, -0.016826683655381203, 0.016897087916731834, -0.001790915266610682, -0.018347421661019325, -0.0046079764142632484, 0.005667564924806356, -0.010300182737410069, 0.009884796105325222, -0.02303636260330677, -0.01851639151573181, -0.00868791900575161, -0.0032086865976452827, -0.007610729895532131, -0.01191948726773262, -0.016812602058053017, 0.006501858588308096, 0.012517925351858139, 0.01228559110313654, 0.001971326768398285, 0.02134665474295616, 0.024345887824892998, 0.01962878368794918, -0.005938622169196606, 0.0072939093224704266, 0.010764853097498417, 0.017094220966100693, -0.0060618300922214985, -0.005431709811091423, 0.03447005897760391, 0.0352022647857666, 0.007107337471097708, 0.017699699848890305, 0.002106855623424053, 0.01052547711879015, 0.04190477728843689, -0.00039316530455835164, 0.015320026315748692, 0.01144073624163866, -0.006248401943594217, 0.019656945019960403, -0.002455357927829027, 0.027485929429531097, 0.0052240160293877125, -0.013581033796072006, -0.005188813898712397, -0.0388069786131382, -0.016742197796702385, 0.004565733950585127, -0.00099270383361727, 0.0036997580900788307, -0.028978504240512848, -0.03348439559340477, -0.05778804048895836, 0.015559401363134384, -0.02350103296339512, 0.03134409710764885, 0.007807862479239702, -0.00030977994902059436, -0.0030907588079571724, -0.011208401061594486, 0.0007920509669929743, -0.02472607046365738, 0.009356762282550335, -0.014073865488171577, -0.030752699822187424, -0.02920380048453808, 0.00625544274225831, 0.022205589339137077, 0.017812347039580345, 0.018431905657052994, 0.013771126046776772, 0.01944573223590851, -0.003601191798225045, -0.03038659505546093, -0.012947393581271172, 0.003536067670211196, -0.014214674942195415, -0.007652972359210253, -0.012672815471887589, 0.012616491876542568, 0.01913595199584961, -0.009955200366675854, 0.031935494393110275, 0.01657322607934475, -0.003875769441947341, 0.00996928196400404, 0.0058400556445121765, 0.020445475354790688, -0.008814646862447262, 0.02778162807226181, 0.011912446469068527, -0.0035343074705451727, -0.005178253166377544, 0.00857527181506157, -0.0075966487638652325, -0.01159562636166811, -0.00013992900494486094, -0.002914747688919306, -0.0003260609810240567, 0.014094986952841282, -0.003108360106125474, -0.0003465223126113415, -0.005544357001781464, 0.003608232131227851, -0.009673582389950752, 0.006118153687566519, -0.001856919494457543, 0.013475427404046059, 0.007554406300187111, 0.004326358437538147, 0.029485417529940605, -0.01951613649725914, -0.012785462662577629, 0.010764853097498417, -0.015559401363134384, 0.03525858744978905, -0.019910400733351707, -0.011011268943548203, 0.019642863422632217, -0.021726839244365692, 0.00015180977061390877, -0.01455965731292963, 0.007674093823879957, -0.008371098898351192, 0.003416379913687706, -0.014094986952841282, -0.012947393581271172, -0.021487463265657425, -0.012553127482533455, -0.005276819691061974, 0.006558182183653116, 0.0035431080032140017, 0.011426655575633049, -0.0017662736354395747, -0.018741685897111893, 0.001055187894962728, -0.00732911191880703, 0.015503077767789364, -0.025472359731793404, -0.01094790454953909, 0.00847670529037714, 0.00847670529037714, 0.042383529245853424, 0.0038687288761138916, 0.013742964714765549, 0.006931325886398554, -0.020600365474820137, -0.04922684654593468, -0.04235536605119705, -0.014073865488171577, -0.007001730613410473, 0.027485929429531097, 0.03387866169214249, 0.04320022091269493, -0.016024071723222733, 0.014214674942195415, -0.02292371541261673, 0.002242384245619178, 0.019065547734498978, 0.011018308810889721, 0.005991425830870867, -0.01929084211587906, -0.020121615380048752, 0.038131095468997955, 0.008286613039672375, 0.006864442024379969, -0.02272658236324787, -0.021881727501749992, 0.036751165986061096, -0.015700209885835648, 0.02766898088157177, -0.013045959174633026, -0.04286227747797966, -0.000827253214083612, 0.040693819522857666, -0.021262168884277344, -0.008652716875076294, -0.04519971087574959, 0.005114889238029718, 0.01375704538077116, 0.006586343981325626, 0.016502821817994118, 0.0016333850799128413, 0.009328600019216537, -0.012370076030492783, 0.002777458867058158, -0.012046215124428272, 0.005759090650826693, -0.018727606162428856, -0.019685106351971626, -0.011278806254267693, -0.03570917993783951, 0.007121418137103319, 0.014545575715601444, 0.01360215526074171, 0.010096009820699692, 0.0010824697092175484, 0.005107848905026913, 0.003328374121338129, 0.004016578663140535, -0.015010246075689793, 0.0028531437274068594, -0.008173965848982334, -0.011680111289024353, -0.00885688979178667, -0.021712757647037506, -0.005174733232706785, 0.016178961843252182, 0.023740407079458237, 0.0027334559708833694, 0.003578310366719961, -0.025275226682424545, -0.009567975997924805, -0.004738225135952234, -0.014094986952841282, 0.049621112644672394, 0.005107848905026913, 0.00842038169503212, 0.03092166967689991, -0.025922948494553566, -0.016671793535351753, -0.010743731632828712, -0.0010076648322865367, 0.006128714419901371, 0.03720175474882126, 0.04125705361366272, 0.007100297138094902, -0.04390426725149155, 0.0006648827693425119, -0.017840508371591568, 0.003127721371129155, -0.020839741453528404, 0.018896576017141342, -0.017741942778229713, -0.017023814842104912, -0.0008149324567057192, 0.006607465445995331, -0.02383897453546524, 0.003664555959403515, -0.0052310568280518055, 0.03596263378858566, -0.009441247209906578, 0.0021174163557589054, -0.014242836274206638, 0.01775602251291275, -0.012468642555177212, 0.03447005897760391, 0.029907844960689545, -0.009582056663930416, -0.01577061414718628, -0.01165194995701313, -0.0034885446075350046, 0.02296595834195614, -0.004315797705203295, 0.02766898088157177, -0.013179727829992771, 0.008138763718307018, 0.02541603520512581, 0.01277842279523611, 0.0009134988067671657, -0.004484768491238356, 0.011201361194252968, 0.035117778927087784, -0.011243603192269802, 0.015080650337040424, -0.004826230462640524, 0.008525989018380642, -0.02564132958650589, -0.0046783811412751675, -0.03232976049184799, -0.01018049567937851, -0.02078341692686081, 0.004132745787501335, 0.024247320368885994, 0.0068116383627057076, -0.007420637644827366, -0.017967237159609795, -0.023895297199487686, -0.012757301330566406, -0.013764086179435253, -0.003998977597802877, 0.0008752163266763091, -0.02357143722474575, -0.022036617621779442, 9.950140520231798e-05, -0.0015709011349827051, 0.020459556952118874, -0.016136718913912773, 0.01079301442950964, 0.015404511243104935, 0.02472607046365738, -0.013616235926747322, -0.02062852680683136, -0.0003975655999965966, -0.003981376066803932, -0.011736435815691948, 0.009729905985295773, -0.00415386725217104, -0.013088202103972435, -0.007047493476420641, -0.011757556349039078, -0.048888906836509705, -0.00480158906430006, 0.012729139067232609, -0.011905406601727009, -0.02682412602007389, -0.017854589968919754, -0.006206159479916096, 0.009842553175985813, 0.011095753870904446, -0.004308757372200489, -0.009976321831345558, 0.02869688719511032, -0.0002688573149498552, -0.002708814339712262, -0.006991169881075621, -0.009532773867249489, 0.010532517917454243, -0.019121870398521423, 0.0023075086064636707, 0.004273555241525173, -0.0328366719186306, -0.029034828767180443, -0.011813879944384098, 0.037596020847558975, -0.006308245938271284, -0.0006367209716700017, -0.014475171454250813, -0.024472614750266075, -0.029710711911320686, 0.04266514629125595, 0.015615724958479404, -0.0053824265487492085, 0.019614702090620995, 0.014327322132885456, -0.004340439569205046, 0.011025349609553814, -0.04190477728843689, -0.028302621096372604, -0.021107278764247894, 0.00040856629493646324, -0.015474915504455566, 0.009215952828526497, -0.010264980606734753, 0.0444675013422966, 0.018150288611650467, -0.004104583989828825, -0.03883513808250427, 0.012109579518437386, -0.053056854754686356, -0.015277783386409283, -0.01764337532222271, 0.010757812298834324, 0.012179983779788017, 0.007716336753219366, -0.00720238359645009, 0.028710966929793358, 0.002819701563566923, 0.013630317524075508, -0.038750652223825455, 0.019572459161281586, -0.00043166778050363064, 0.004164427984505892, 0.03452638164162636, 0.0076670534908771515, -0.030780861154198647, -0.010440992191433907, -0.010764853097498417, -0.007948671467602253, 0.03156939148902893, 0.015108812600374222, -0.021445220336318016, -0.018741685897111893, -0.01025793980807066, -0.023979783058166504, 0.003425180446356535, 0.005804853513836861, 0.011715314351022243, -0.03948286175727844, -0.009638380259275436, -0.0005940382252447307, -0.013848571106791496, 0.022022537887096405, 0.010187535546720028, 0.025768058374524117, -0.010560679249465466, 0.011152077466249466, -0.023430628702044487, 0.006730673369020224, -0.01370072178542614, -0.026514345780014992, 0.03373785316944122, -0.004611496813595295, 0.016164880245923996, 0.044298529624938965, 0.02831670269370079, 0.0026260889135301113, 0.004523491021245718, 0.022642096504569054, -0.01207437738776207, -0.004027139395475388, -0.016474660485982895, -0.014299159869551659, 0.01924859918653965, 0.00450588995590806, -5.302341378410347e-05, -0.0002492760540917516, -0.0028109007980674505, 0.009328600019216537, 0.006913724821060896, -0.025542763993144035, -0.004667820408940315, -0.008709040470421314, -0.039398375898599625, -0.027640819549560547, 0.008258451707661152, -0.015193297527730465, -0.01829109713435173, -0.009131467901170254, -0.00666730897501111, -0.01710830070078373, -0.02326165698468685, -0.011201361194252968, -0.008751283399760723, -0.023402465507388115, 0.01833334006369114, 0.017009735107421875, -0.007948671467602253, -0.02445853501558304, 0.2077215313911438, -0.002238864079117775, 0.006977089215070009, 0.005051525309681892, -0.011637869291007519, 0.01117319893091917, 0.004808629397302866, -0.013630317524075508, -0.030949831008911133, 0.0035272669047117233, 0.007624810561537743, -0.008195087313652039, 0.0025046411901712418, -0.012996676377952099, -0.012884029187262058, 0.008314775303006172, -0.03185100853443146, -0.01170827355235815, -0.01046915352344513, -0.025937030091881752, 0.019417569041252136, 0.00652649998664856, 0.00024355568166356534, -0.014376604929566383, 0.0179109126329422, -0.017277272418141365, 0.017235029488801956, -0.0026507305447012186, 0.005171212833374739, 0.011166159063577652, -0.022585773840546608, -0.007156620733439922, -3.203956293873489e-05, 0.01132808905094862, -0.008990658447146416, -0.011208401061594486, 0.002138537587597966, -0.0003610432322602719, 0.026091918349266052, 0.030217625200748444, 0.005921021103858948, -0.011912446469068527, 0.01726319082081318, -0.011201361194252968, -0.016432417556643486, -0.010919743217527866, -0.01138441264629364, -0.00880056619644165, -0.008680879138410091, 0.004882554057985544, -0.03007681481540203, -0.012961474247276783, 0.034075792878866196, 0.004576294682919979, 0.016164880245923996, -0.019262678921222687, 0.017403999343514442, 0.019755510613322258, 0.00035752300755120814, 0.02016385830938816, -0.006111113354563713, 0.02005121111869812, 0.009589097462594509, 0.024895042181015015, -0.0009090984822250903, 0.010701488703489304, -0.0001324485201621428, -0.02582438290119171, 0.023670002818107605, 0.003453342244029045, -0.003433980979025364, 0.011743475683033466, 0.0014019302325323224, 0.0038511278107762337, 0.00631528627127409, -0.03387866169214249, 0.009941119700670242, -0.0089554563164711, 0.022360479459166527, 0.02307860553264618, -0.0256835725158453, -0.0053824265487492085, -0.013883773237466812, -0.012419359758496284, -0.007286868989467621, -0.006494817789644003, 0.02036099135875702, -0.01875576749444008, -0.029147475957870483, -0.004752305801957846, -0.010159374214708805, 0.023486951366066933, -0.021867647767066956, -0.01929084211587906, -0.021529706194996834, 0.017164625227451324, 0.011687152087688446, 0.0271761491894722, -0.010307223536074162, -0.013989380560815334, -0.01588326133787632, 0.0334562323987484, 0.011349210515618324, -0.0052944207563996315, -0.02096647024154663, 0.018262935802340508, -0.013764086179435253, -0.0013086441904306412, 0.008941375650465488, -0.0322171151638031, 0.020037129521369934, -0.02043139562010765, 0.007990914396941662, -0.022937797009944916, 0.00198540766723454, 0.0030749179422855377, 0.011616747826337814, -0.009772148914635181, -0.00026775721926242113, 0.010004484094679356, -0.002877785125747323, -0.024162834510207176, 0.004160907585173845, -0.0015929024666547775, -0.007631851360201836, 0.0009742227266542614, -0.04105992242693901, 0.013151566497981548, -0.004484768491238356, -0.012567209079861641, 0.00542466901242733, -0.029175637289881706, -0.010117131285369396, 0.005977344699203968, -0.013806328177452087, 0.0010111851152032614, -0.012560168281197548, -0.035765502601861954, -0.02648618444800377, 0.015474915504455566, 0.017347676679491997, -0.01067332737147808, 0.017192786559462547, 0.006082951556891203, -0.0018657200271263719, -0.02664107456803322, 0.011264724656939507, -0.012855867855250835, -0.02131849154829979, -0.01471454743295908, -0.0011959969997406006, -0.002511681756004691, 0.008610473945736885, -0.026880450546741486, 0.011454816907644272, 0.015305944718420506, -0.0030326752457767725, -0.02085382305085659, 0.00468894187361002, 0.0018322779797017574, -0.01744624227285385, -0.0039004110731184483, -0.0052944207563996315, 0.02067076973617077, -0.017347676679491997, -0.022304154932498932, -0.18102413415908813, 0.039398375898599625, 0.04072198271751404, -0.030865347012877464, -0.00207693362608552, 0.01775602251291275, 0.01653098315000534, -0.002560964785516262, -0.008849849924445152, -0.011490019038319588, 0.017206868156790733, -0.03700461983680725, -0.04691758006811142, -0.018798010423779488, -0.003953214269131422, -0.00545283081009984, -0.009307479485869408, 0.01622120477259159, 0.033963147550821304, 0.013419103808701038, 0.039398375898599625, -0.04134153947234154, 0.012172943912446499, -0.01653098315000534, -0.012869948521256447, 0.036723002791404724, 0.008026116527616978, -0.004491809289902449, -0.007758579216897488, -0.019333085045218468, -0.0017979557160288095, -0.0018146767979487777, 0.026359455659985542, 0.003282611258327961, 0.007674093823879957, 0.010567720048129559, -0.016164880245923996, -0.01034946646541357, 0.00370679865591228, 0.030104978010058403, 0.026570670306682587, 0.010342425666749477, 0.012693936936557293, -0.0006666429108008742, -0.014003461226820946, 0.042073749005794525, 0.0042418730445206165, 0.011222482658922672, 0.02517666108906269, -0.006487777456641197, 0.03562469407916069, -0.015320026315748692, -0.009399005211889744, 0.005361305084079504, 0.01646057888865471, 0.01944573223590851, 7.72249695728533e-05, -0.0010974305914714932, -0.008554150350391865, -0.025697654113173485, -0.01660138927400112, -0.010455072857439518, -0.012616491876542568, -0.01630568876862526, -0.023853054270148277, 0.0055795591324567795, -0.025303388014435768, -0.0038652087096124887, -0.02571173571050167, 0.00426651444286108, -0.0019783673342317343, 0.01779826544225216, 0.010645165108144283, 0.018812090158462524, 0.006994690280407667, -0.01165194995701313, -0.013764086179435253, -0.014869436621665955, 0.0058400556445121765, 0.015939585864543915, -0.022712502628564835, 0.03294932097196579, -0.01106055174022913, 0.03745521232485771, 0.011884285137057304, 0.003720879554748535, 0.012750260531902313, -0.019178194925189018, 0.01094790454953909, 0.009863674640655518, 0.00504096457734704, -0.04435485601425171, -0.007540325168520212, 0.00012023773888358846, 0.00587525824084878, 0.014869436621665955, -0.008061318658292294, 0.018798010423779488, 0.017277272418141365, 0.0016703475266695023, -0.007526244502514601, -0.023585518822073936, -0.03945469856262207, 0.025937030091881752, 0.01408090628683567, 0.01929084211587906, 0.021881727501749992, 0.012327833101153374, 0.04998721554875374, 0.03711726889014244, -0.033963147550821304, 0.016967492178082466, -0.005322582554072142, 0.02212110348045826, 0.010933823883533478, 0.02162827178835869, -0.007927550002932549, -6.484917685156688e-05, 0.014313241466879845, 0.024599343538284302, 0.05238097161054611, -0.01332053728401661, -0.02138889580965042, 0.01515105552971363, 0.008603434078395367, -0.012926272116601467, -0.07778292894363403, -0.02575397677719593, 0.005033923778682947, 0.012602411210536957, -0.017812347039580345, 0.011018308810889721, -0.013996420428156853, -0.012025093659758568, -0.00456221355125308, 0.040243230760097504, -0.0388069786131382, -0.013496548868715763, 0.005389466881752014, 0.0010912702418863773, 0.004703022539615631, -0.0002717174938879907, -0.0029235482215881348, -0.01829109713435173, -0.003002753248438239, 0.028288541361689568, -0.0002155038673663512, -0.0315975546836853, 0.006674349773675203, 0.004836791194975376, -0.02036099135875702, 0.01748848520219326, -0.03649770841002464, 0.013834490440785885, 0.0015990629326552153, -0.02158602885901928, -0.0041890693828463554, -0.020684851333498955, -0.0017407520208507776, -0.021065035834908485, -0.023712245747447014, -0.006378650665283203, -0.01579877734184265, 0.0017521927366033196, 0.04424220696091652, -0.01568613015115261, 0.0004138466320000589, -0.017770104110240936, 0.020924227312207222, -0.001839318429119885, 0.018108045682311058, -0.012503844685852528, -0.01944573223590851, 0.03925756737589836, 0.010976066812872887, -0.03356888145208359, -0.010307223536074162, 0.010321304202079773, -0.02096647024154663, -0.025204822421073914, 0.029372770339250565, 0.002828502096235752, 0.018277015537023544, 0.008068359456956387, -0.006251922342926264, 0.05367641523480415, -0.004868473391979933, -0.03379417583346367, 0.018389662727713585, 0.016235284507274628, 0.01848823018372059, 0.008166925981640816, -0.0202765055000782, -0.010004484094679356, -0.002791539765894413, 0.015869181603193283, -0.013707762584090233, 0.014531495049595833, -0.04063749685883522, 0.010448032058775425, -0.03416027873754501, 0.005674605257809162, -0.009131467901170254, -0.03103431686758995, 0.01228559110313654, -0.007645932026207447, 0.009849593974649906, 0.0034375011455267668, -0.02441629208624363, -0.013510629534721375, 0.016291609033942223, 0.001856919494457543, 0.007997955195605755, -0.010617002844810486, 0.009680623188614845, -0.05142347142100334, 0.009863674640655518, -4.559793524094857e-05, 0.01279954332858324, -0.01844598725438118, 0.004752305801957846, 0.005252177827060223, -0.014461090788245201, 0.001540099154226482, -0.012320793233811855, 0.006139275152236223, -0.0035378276370465755, -0.02196621336042881, -0.066292904317379, 0.023219414055347443, 0.0003199006023351103, -0.008138763718307018, -0.007181262131780386, -0.00453405175358057, -0.007899388670921326, -0.01902330480515957, 0.015122893266379833, 0.03655403107404709, -0.034188441932201385, 0.019854078069329262, -0.013904894702136517, -0.0014696945436298847, -0.017249109223484993, 0.0003313413180876523, 0.01706605777144432, 0.006332887802273035, 0.005498593673110008, 0.025585006922483444, 0.018910657614469528, 0.00453405175358057, -0.007786741014569998, 0.009194831363856792, -0.020727094262838364, -0.005547876935452223, -0.007744498550891876, -0.00040482604526914656, 0.009208912961184978, -0.012433440424501896, 0.029569903388619423, -0.03430108726024628, 0.019952643662691116, 0.03945469856262207, 0.003608232131227851, -0.017939073964953423, -0.001257600961253047, 0.025697654113173485, 0.02281106822192669, -0.012933311983942986, -0.01982591673731804, -0.028978504240512848, 2.596167178126052e-05, -0.016587307676672935, -0.027908356860280037, 0.012693936936557293, 0.003770162584260106, 0.00927931722253561, -0.0118631636723876, 0.0038405670784413815, 0.028189973905682564, 0.02499360777437687, -0.026303132995963097, -0.0222337506711483, -0.019009223207831383, -0.010152333416044712, 0.02590886689722538, 0.021712757647037506, 0.009103305637836456, -0.009399005211889744, 0.03410395607352257, -0.003745520953088999, 0.025134418159723282, -0.018502309918403625, 0.022374559193849564, -0.01630568876862526, -0.02165643312036991, -0.0021490983199328184, 0.03447005897760391, -0.04581926763057709, -0.015024326741695404, -0.022219670936465263, 0.01052547711879015, 0.02528930827975273, -0.004136266186833382, -0.0147708710283041, -0.016925249248743057, 0.0014160111313685775, -0.018108045682311058, 0.00996928196400404, 0.029288284480571747, -0.009884796105325222, -0.023008201271295547, 0.003984896466135979, 0.010574760846793652, 0.02445853501558304, -0.023740407079458237, 0.018586795777082443, 0.022290075197815895, 0.011187279596924782, -0.02510625496506691, 0.016516903415322304, -0.006959487684071064, 0.006146315485239029, 0.0022881473414599895, -0.03238608315587044, -0.016362013295292854, -0.012250388041138649, 0.009575015865266323, 0.015418591909110546, 0.02093830704689026, 0.010645165108144283, -0.007554406300187111, -0.027007177472114563, -0.018854333087801933, 0.0032245274633169174, -0.019769592210650444, -0.014686385169625282, -0.01046915352344513, 0.008251410908997059, 9.356102236779407e-05, -0.015320026315748692, -0.014799032360315323, 0.011891325004398823, -0.008223249576985836, 0.017206868156790733, -0.018699442967772484, -0.004086982924491167, -0.03294932097196579, 0.051874060183763504, 0.002249424811452627, -0.00706157460808754, 0.015629805624485016, -0.020614447072148323, 0.041200730949640274, 0.026683317497372627, 0.0052310568280518055, -0.019642863422632217, 0.03185100853443146, -0.02096647024154663, 0.009448288008570671, -0.010074888356029987, -0.00949053093791008, -0.009399005211889744, -0.015855100005865097, -0.029062990099191666, 0.008645676076412201, -0.004220751579850912, -0.011447777040302753, 0.10048134624958038, 0.007093256339430809, 0.008547110483050346, 0.015855100005865097, -0.012989635579288006, 0.004586855415254831, 0.020389152690768242, 0.0043932427652180195, -0.02174091897904873, -0.023937540128827095, 0.03967999294400215, -0.005565478000789881, 0.0029235482215881348, -0.02051587961614132, -0.012039175257086754, -0.012320793233811855, 0.0058013335801661015, -0.013566953130066395, 0.023374304175376892, 0.006952447351068258, -0.008596393279731274, 0.0033477353863418102, 0.0037772031500935555, -0.012475683353841305, 0.011877244338393211, -0.00868791900575161, 0.0070334128104150295, -0.018051721155643463, -0.01381336897611618, -0.05852024629712105, -0.0014195314142853022, 0.006843320559710264, -0.03379417583346367, -0.0083640580996871, -0.007983873598277569, -0.015756534412503242, -0.02078341692686081, 0.01775602251291275, 0.017432162538170815, 0.017122382298111916, 0.02621864713728428, 0.02697901614010334, -0.025345630943775177, -0.008335896767675877, -0.013792247511446476, -0.009300438687205315, 0.005935101769864559, -0.023050444200634956, -0.03323093801736832]","[-0.006352914497256279, 0.03328133374452591, -0.011340406723320484, -0.004217339679598808, -0.04624948650598526, 0.036590635776519775, -0.015012921765446663, -0.016089117154479027, -0.014542086981236935, -0.01982889510691166, 0.006699314806610346, 0.005804727319628, -0.0007508142734877765, -0.017246026545763016, 0.003031843574717641, -0.0011468204902485013, -0.002159116556867957, -0.014838040806353092, 0.0116901695728302, -0.014999469742178917, 0.01725948043167591, -0.013364998623728752, 0.017864840105175972, -0.0049135033041238785, -0.03293156996369362, 0.01127314381301403, 0.02280188538134098, -0.02168533205986023, -0.0117708845064044, -0.010102781467139721, 0.021026162430644035, 0.009806828573346138, -0.0355413444340229, -0.02469867840409279, -0.011474930681288242, 0.014138513244688511, 0.018591271713376045, -0.008401048369705677, 0.021470092236995697, 0.012625114060938358, 0.0037296887021511793, -0.009268730878829956, 0.0024231206625699997, -0.03007965348660946, -0.0171384084969759, 0.03196299448609352, 0.009389802813529968, -0.01851055584847927, -0.002981396857649088, 0.01023058034479618, 0.004752074368298054, 0.027187379077076912, -0.04137970134615898, -0.0031361000146716833, -0.01064760610461235, 0.005454964004456997, 0.010338199324905872, 0.03314680978655815, 0.014246133156120777, -0.0118515994399786, 0.011199155822396278, 0.016573404893279076, -0.012584757059812546, -0.014595896936953068, -0.006033419165760279, -0.011300048790872097, -0.0040626367554068565, 0.011629633605480194, -0.002594639314338565, 0.0073988414369523525, 0.01277981698513031, 0.03277014195919037, -0.011986123397946358, 0.010371830314397812, 0.025196418166160583, -0.0020800833590328693, -0.019452227279543877, -0.0061881220899522305, 0.004842878319323063, 0.0016521277138963342, 0.011178976856172085, -0.00837414339184761, -0.03626777604222298, 0.028465362265706062, 0.0031024687923491, 0.023595578968524933, 0.0025425110943615437, 0.021026162430644035, -0.008253071457147598, -0.016546500846743584, -0.01436720509082079, 0.0067867557518184185, 0.022586645558476448, -0.01729983650147915, -0.0017252753023058176, 0.02453724853694439, -0.019963419064879417, 0.017891744151711464, -0.021120330318808556, 0.0047655263915658, -0.013102675788104534, -0.0006015762919560075, -0.013701309449970722, -0.02806178852915764, -0.03529920056462288, 0.006416813470423222, -0.023178553208708763, 0.000844981346745044, 0.0040390947833657265, -0.0028872296679764986, -0.007042352110147476, 0.012712555006146431, 0.02270771749317646, -0.011528740637004375, -0.005283445585519075, -0.005932525731623173, 0.013116128742694855, -0.015537567436695099, -0.03142489865422249, -0.0080042015761137, 0.013560058549046516, 0.012100469321012497, 0.034384433180093765, -0.013990537263453007, 0.02843845635652542, -0.008575930260121822, -0.013701309449970722, -0.020380444824695587, -0.020124848932027817, -0.02440272457897663, 0.04224066063761711, 0.012947972863912582, 0.0072239600121974945, 0.027214284986257553, -0.013391903601586819, 0.005135468672960997, -0.017474718391895294, 0.027052855119109154, -0.03174775838851929, -0.023259267210960388, 0.0059123472310602665, 0.02344760112464428, -0.002347450703382492, -0.021860213950276375, -0.008246345445513725, 0.02760440483689308, 0.001390645862556994, 0.0025492373388260603, 0.003369836136698723, 0.0036657897289842367, -0.003921385854482651, 0.0013368361396715045, 0.0062452950514853, 0.018698889762163162, 0.007674616761505604, -0.010674510151147842, 0.010048972442746162, -0.0034085118677467108, 0.009517600759863853, 0.0072239600121974945, -0.0030486590694636106, 0.009490695782005787, 0.0006776666268706322, -0.014044346287846565, 0.0038507606368511915, 0.024846656247973442, 0.03720944747328758, -0.01630435697734356, 0.00031655270140618086, -0.019775085151195526, -0.02152390219271183, 0.02962227165699005, -0.022142715752124786, 0.009571410715579987, -0.02597665973007679, 0.002335679717361927, 0.023339981213212013, -0.0005301102064549923, -0.036240871995687485, 0.006009877193719149, -0.004180345684289932, 0.0007840250036679208, 0.004055910278111696, 0.04210613667964935, -0.012678924016654491, -0.024133676663041115, -0.005976246204227209, -0.0035043603274971247, -0.002177613554522395, -0.0025425110943615437, 0.010735046118497849, 0.012820174917578697, 0.005972883198410273, -0.013856012374162674, -0.6229017376899719, -0.017084598541259766, 0.00769479526206851, -0.02664928138256073, 0.0063495514914393425, -0.005034575238823891, 0.004328322131186724, 0.02825012244284153, -0.022236881777644157, 0.034223005175590515, -0.009147658944129944, 0.03215133026242256, 0.0007588016451336443, -0.006722856312990189, -0.01989615708589554, -0.023461055010557175, 0.018241507932543755, -0.01931770332157612, 0.026151541620492935, 0.007977296598255634, 0.009753018617630005, 0.0033664728980511427, 0.0004233314539305866, 0.04089541360735893, -0.02103961445391178, 0.007425746414810419, 0.0004834470455534756, -0.0011081446427851915, 0.009793375618755817, 0.02664928138256073, -0.04888616502285004, 0.010075877420604229, 0.011925587430596352, 0.017636148259043694, 0.04891306906938553, -0.015066731721162796, -0.0302679892629385, 0.02126830630004406, 0.003971832804381847, 0.054401665925979614, -0.01883341558277607, -0.009416707791388035, 0.02268081344664097, -0.0033866516314446926, -0.013869465328752995, 0.0047991578467190266, 0.037397779524326324, -0.004990854766219854, -0.005586125422269106, -0.01388291735202074, 0.01950603723526001, 0.016519594937562943, 0.009605041705071926, 0.0015226479154080153, 0.01781103014945984, -0.019102463498711586, 0.02892274409532547, -0.03750539943575859, 0.025519277900457382, -0.011205881834030151, 0.01684245467185974, -0.02444308251142502, -0.036402300000190735, -0.011871777474880219, -0.029676081612706184, 0.02635332942008972, 0.027658214792609215, -0.0039012073539197445, 0.0004662110877688974, -0.020097944885492325, 0.025452015921473503, 0.0008592745871283114, 0.00887188408523798, 0.00475543737411499, 0.012631840072572231, 0.011414394713938236, 0.0611816942691803, -0.016829000785946846, -0.004029005765914917, 0.0008071463671512902, 0.006988542154431343, -0.017084598541259766, -0.04089541360735893, -0.010613974183797836, 0.02184676192700863, -0.019075559452176094, -0.04433923959732056, -0.015604829415678978, 0.03462657704949379, 0.013990537263453007, 0.009295635856688023, -0.0023726739455014467, -0.016775192692875862, -0.018712343648076057, -0.0008475036593154073, 0.019398417323827744, 0.004930318798869848, 0.00727776950225234, 0.026151541620492935, -0.039254218339920044, -0.03145180270075798, -0.009315813891589642, 0.0016655800864100456, 0.014071251265704632, 0.027981074526906013, 0.0030469775665551424, -0.01899484358727932, -0.01649269089102745, 0.020514970645308495, -0.01591423526406288, -0.00016384650371037424, -0.019384965300559998, -0.039254218339920044, -0.012900888919830322, -0.0012166049564257264, -0.039442550390958786, -1.9495526430546306e-05, -0.011246238835155964, 0.008885336108505726, -0.004509930033236742, 0.005259903613477945, 0.011441299691796303, 0.0031478707678616047, -0.006144401617348194, -0.006026692688465118, 0.0071230665780603886, -0.013257378712296486, -0.008616287261247635, 0.002624907298013568, 0.0055054109543561935, 0.0007226482266560197, -0.007546818349510431, 0.012100469321012497, -0.0025290586054325104, 0.012638567015528679, -0.024644868448376656, -0.0010854436550289392, -0.003169731004163623, 0.004385495092719793, -0.004520019516348839, 0.011279870755970478, -0.027268094941973686, -0.0055188629776239395, -0.00875753816217184, 0.008811348117887974, 0.006457170937210321, -0.037747543305158615, -0.0006982656777836382, -0.02590939775109291, -0.011226060800254345, -0.01604875922203064, -0.011858325451612473, -0.00811854749917984, 0.013169937767088413, -0.008111820556223392, 0.0062049375846982, 0.015672091394662857, -0.002673672279343009, 0.014353753067553043, -0.009396528825163841, -0.013654225505888462, 0.009981709532439709, -0.018080078065395355, -0.012450232170522213, 0.010210401378571987, 0.0018732522148638964, 0.004627638962119818, 0.011844872497022152, -0.0012847079196944833, -0.02120104432106018, -0.013512975536286831, -0.002633315045386553, -0.020003776997327805, 0.003770046168938279, -0.008427953347563744, 0.0061881220899522305, -0.03433062508702278, -0.01934460736811161, 0.01630435697734356, -0.009773197583854198, 0.02011139690876007, 0.005848447792232037, 0.015093636699020863, 0.006894375197589397, 0.02744297683238983, -0.00034976343158632517, 0.012127374298870564, 0.042133040726184845, -0.02155080810189247, 0.018698889762163162, 0.0006797685637138784, 0.004819336347281933, -0.02590939775109291, -0.008697002194821835, 0.008414500392973423, 0.014918754808604717, -0.0005523907602764666, 0.020232468843460083, 0.014811135828495026, 0.011791063472628593, 0.0070692566223442554, 0.02841155230998993, 0.007412293925881386, 0.0006015762919560075, 0.007566997315734625, -0.034761104732751846, -0.007896581664681435, -0.030133463442325592, 0.03293156996369362, 0.0034085118677467108, 0.02094544842839241, -0.03634849190711975, 0.010082603432238102, 0.0021792950574308634, 0.0032033619936555624, 0.022586645558476448, -0.02463141642510891, 0.009066944010555744, -0.021994737908244133, 0.0020750388503074646, -0.0046377284452319145, -0.01732674241065979, 0.030537037178874016, 0.016775192692875862, -0.01366095244884491, 0.025088800117373466, -0.0027173927519470453, 0.01716531254351139, -0.02373010292649269, -0.015174351632595062, -0.007560270838439465, 0.01247713714838028, 0.0023323167115449905, 0.006507617421448231, 0.0032672611996531487, 0.028007978573441505, 0.03446514904499054, -0.010640879161655903, 0.03446514904499054, -0.016169831156730652, 0.014501729980111122, 0.022653907537460327, 0.0011577506083995104, -0.022559741511940956, 0.011784336529672146, 0.02328617312014103, 0.02687797322869301, 0.0166541188955307, -0.025573087856173515, 0.019210083410143852, -0.026595473289489746, 0.004667996428906918, 0.016506142914295197, 0.001689962693490088, 0.0066925883293151855, -0.0333082377910614, 0.011891956441104412, 0.01319684274494648, 0.014959112741053104, 0.009134205989539623, 0.011717074550688267, -0.007714973762631416, 0.017272932454943657, 0.010324747301638126, 0.036590635776519775, 0.006521069910377264, -0.02085128054022789, -0.014003989286720753, -0.016788644716143608, -0.0102507583796978, 0.009692482650279999, -0.03110203891992569, -0.01547030545771122, -0.022855693474411964, 0.0044393050484359264, -0.0019859164021909237, 0.015698997303843498, 0.0029460841324180365, 0.009591588750481606, 0.034061577171087265, -0.03209751844406128, -0.010499629192054272, 0.0034169196151196957, 0.01822805590927601, 0.005848447792232037, -0.020393898710608482, 0.006359640508890152, 0.001411665347404778, 0.003438779851421714, 0.018362579867243767, -0.0035110865719616413, 0.017622696235775948, -0.005310350563377142, -0.03696730360388756, -0.026783807203173637, 0.014797682873904705, 0.0358642041683197, 0.01471696887165308, 0.0028300569392740726, 0.03174775838851929, -0.0023878079373389482, 0.02347450703382492, -0.012551126070320606, -0.014447920024394989, 0.045307815074920654, -0.0013141351519152522, -0.013472617603838444, -0.03677896782755852, 0.02841155230998993, -0.004654543939977884, 0.009147658944129944, -0.02161807008087635, -0.021954379975795746, 0.0043014176189899445, -0.002217971021309495, -0.006729582790285349, 0.012403149157762527, -0.006430265959352255, 0.026783807203173637, -0.00031255901558324695, -0.002335679717361927, -0.03989993408322334, -0.005286808591336012, 0.03667134791612625, 0.0368327796459198, -0.0011367311235517263, -0.017340194433927536, 0.002078401856124401, -0.008750812150537968, 0.016855906695127487, -0.023326529189944267, -0.022828789427876472, 0.014945659786462784, 0.004274512641131878, -0.007829319685697556, 0.006003151182085276, -0.0008760900818742812, -0.004886598791927099, 0.015255066566169262, -0.024483438581228256, -0.02008449099957943, -0.01777067221701145, -0.015093636699020863, -0.007614080794155598, 0.0019657376687973738, -0.006198211573064327, 0.009302361868321896, 0.01255785208195448, 0.007640985306352377, 0.018887225538492203, 0.020824376493692398, 0.01369458343833685, 0.016734834760427475, -0.01093683298677206, -0.008414500392973423, 0.0066320523619651794, 0.010573617182672024, -0.005586125422269106, 0.0066253263503313065, 0.03317371383309364, 0.0326625220477581, 0.0071297925896942616, 0.021833308041095734, 0.007297948468476534, 0.025411657989025116, 0.03508396074175835, -0.0020851281005889177, -0.0004346819478087127, 0.011326953768730164, -0.006776666268706322, 0.00994807854294777, 0.004509930033236742, 0.04049184173345566, 0.007143245078623295, -0.016990430653095245, -0.012914341874420643, -0.04727187007665634, -0.01716531254351139, 0.012678924016654491, -0.00182953174225986, 0.018402937799692154, -0.020393898710608482, -0.03196299448609352, -0.0515766516327858, 0.024106770753860474, -0.025963207706809044, 0.016169831156730652, 0.009013134054839611, -0.00033252747380174696, -0.009705934673547745, -0.022559741511940956, 0.010398735292255878, -0.03174775838851929, 0.01100409496575594, -0.01282690092921257, -0.019869253039360046, -0.016344713047146797, 0.0036523372400552034, 0.02319200523197651, 0.022600097581744194, 0.016169831156730652, 0.01018349640071392, 0.016546500846743584, 0.002039726125076413, -0.023972246795892715, -0.013990537263453007, 0.0068237497471272945, -0.004984128754585981, -0.004109720233827829, -0.012436780147254467, 0.01588733121752739, 0.01471696887165308, -0.02222342975437641, 0.02790035866200924, 0.013291009701788425, -0.004509930033236742, 0.004398947581648827, 0.0154568525031209, 0.010358378291130066, -0.008690276183187962, 0.017205670475959778, 0.01255785208195448, 0.0005132946535013616, -0.012228267267346382, 0.015591377392411232, 0.0023508137091994286, 0.00471507990732789, -0.008945872075855732, -0.0033446126617491245, -0.00626211054623127, 0.01614292711019516, -0.005024486221373081, -0.011891956441104412, -0.004553650505840778, 0.008609561249613762, -0.018658533692359924, 0.007674616761505604, -0.003756593680009246, 0.008918967097997665, 0.005041301716119051, 0.007526639848947525, 0.03419610112905502, -0.01908901147544384, -0.010909928008913994, 0.018039720132946968, -0.015429947525262833, 0.04108374938368797, -0.01966746710240841, -0.02107997238636017, 0.01908901147544384, -0.025774873793125153, 0.0014049391029402614, -0.016600310802459717, 0.005303624086081982, -0.012625114060938358, 0.008959324099123478, -0.011898682452738285, -0.00781586766242981, -0.02687797322869301, -0.009968257509171963, -0.0001379925961373374, 0.008145451545715332, -0.0016058849869295955, 0.012578031048178673, -0.005004307255148888, -0.022344501689076424, 0.004153440706431866, 0.004224066156893969, 0.007304674480110407, -0.026568567380309105, -0.005633208900690079, -0.00399537431076169, -0.007634259294718504, 0.03419610112905502, -0.0006574879516847432, 0.01709805056452751, 0.0030099833384156227, -0.03416919708251953, -0.05343309044837952, -0.03182847052812576, -0.006995268631726503, -0.001292274915613234, 0.026918331161141396, 0.02857298031449318, 0.024927370250225067, -0.0047453478910028934, 0.019048653542995453, -0.0168155487626791, -0.004153440706431866, 0.010196949355304241, 0.016062213107943535, 0.006907827686518431, -0.019169725477695465, -0.014125061221420765, 0.03258180618286133, 0.00916111096739769, 0.00442921556532383, -0.024900464341044426, -0.028976554051041603, 0.03529920056462288, 0.0014040983514860272, 0.023999150842428207, -0.016519594937562943, -0.04571138694882393, 0.0016151334857568145, 0.04450066760182381, -0.011232786811888218, 0.0004763004253618419, -0.034734196960926056, -0.0033950593788176775, 0.018914129585027695, 0.006500891409814358, 0.004879872314631939, -0.0015487120253965259, 0.010069150477647781, -0.017340194433927536, -0.001402416848577559, -0.01093683298677206, 0.015201256610453129, -0.01937151327729225, -0.006843928247690201, -0.01662721484899521, -0.034922532737255096, -0.00662196334451437, 0.015241613611578941, 0.01704424060881138, 0.013331367634236813, -0.006043508183211088, -0.0003291643806733191, -0.012995055876672268, 0.0008861794485710561, -0.014044346287846565, 0.01380220241844654, -0.00842122733592987, -0.007580449339002371, -0.003507723566144705, -0.020030682906508446, -0.004567102994769812, 0.013492796570062637, 0.025922849774360657, -0.0030385698191821575, 0.004762163385748863, -0.023218909278512, -0.009053491987287998, -0.008158904500305653, -0.0030991057865321636, 0.04476971924304962, -0.007116340566426516, 0.025694159790873528, 0.015187803655862808, -0.028546076267957687, -0.027981074526906013, -0.00442921556532383, -2.2425110728363506e-05, 0.007943665608763695, 0.029676081612706184, 0.03785516321659088, 0.009793375618755817, -0.04603424668312073, -0.0005179189029149711, -0.013116128742694855, 0.0006646345718763769, -0.02245212160050869, 0.020891638472676277, -0.009705934673547745, -0.020057586953043938, 0.0022129262797534466, 0.005892168264836073, -0.01729983650147915, 0.0049067772924900055, -9.022592712426558e-05, 0.03634849190711975, -0.014501729980111122, 0.0033261156640946865, -0.022115809842944145, 0.012658745050430298, -0.006063687149435282, 0.034707292914390564, 0.02351486310362816, -0.005562583450227976, -0.01739400438964367, -0.008219440467655659, -0.0015176032902672887, 0.022990219295024872, -0.004398947581648827, 0.024779392406344414, -0.023003671318292618, 0.0030570668168365955, 0.023393791168928146, 0.018967939540743828, -0.0011089855106547475, -0.0008025220595300198, 0.016950072720646858, 0.02639368548989296, -0.006332735996693373, 0.0034085118677467108, -0.008239619433879852, 0.0042375181801617146, -0.010331473313272, 0.003934838343411684, -0.03629468008875847, -0.00021860214474145323, -0.009147658944129944, 0.012403149157762527, 0.028303932398557663, 0.020958900451660156, -0.01335827261209488, -0.0190621055662632, -0.017864840105175972, -0.023595578968524933, -0.013741666451096535, 0.00311928428709507, -0.0029679443687200546, -0.009268730878829956, -0.021120330318808556, 0.0008542299037799239, -0.005986335687339306, 0.02254628762602806, -0.015416495501995087, 0.00698181614279747, 0.01646578498184681, 0.019882705062627792, -0.00667913630604744, -0.009073670022189617, 0.0034471875987946987, -0.020837828516960144, -0.013149759732186794, 0.019882705062627792, -0.00478906836360693, -0.008616287261247635, -0.006151127628982067, -0.011252965778112411, -0.051011648029088974, -0.022371405735611916, 0.013257378712296486, -3.118758831988089e-05, -0.01505327969789505, -0.00765443779528141, 0.006410087458789349, 0.013311188668012619, 0.0013149759033694863, -0.0022415127605199814, -0.00240630516782403, 0.020030682906508446, -9.952703112503514e-05, -0.011535466648638248, -0.011461478658020496, -0.021537356078624725, 0.008690276183187962, -0.01716531254351139, 0.009235099889338017, -0.0006591695128008723, -0.024940822273492813, -0.039415646344423294, -0.004530108999460936, 0.04522709921002388, 0.0018665259703993797, -0.0038709393702447414, -0.0007197054801508784, -0.029030364006757736, -0.03481491282582283, 0.043639712035655975, 0.026635829359292984, 0.009053491987287998, 0.03597182407975197, 0.011939039453864098, -0.005784548819065094, 0.015080184675753117, -0.03449205309152603, -0.024739036336541176, -0.021322116255760193, 0.005320439580827951, -0.028680600225925446, 0.010950285941362381, -0.005155647173523903, 0.05257213115692139, 0.021214496344327927, 0.008542299270629883, -0.047514013946056366, 0.00932254083454609, -0.047702349722385406, -0.01380220241844654, -0.029137983918190002, 0.016452332958579063, 0.014232681132853031, 0.018039720132946968, -0.011118440888822079, 0.021214496344327927, 0.013519701547920704, 0.01428649015724659, -0.03831254690885544, 0.01937151327729225, 0.0008369939750991762, 0.0012485545594245195, 0.034895628690719604, 0.0037834986578673124, -0.014568991959095001, 0.0077687837183475494, -0.011252965778112411, -0.020555326715111732, 0.02581523172557354, 0.02251938357949257, -0.002177613554522395, -0.02155080810189247, -0.008401048369705677, -0.030510133132338524, -0.0008172356756404042, 0.017528528347611427, 0.012773090973496437, -0.03804349899291992, -0.015698997303843498, 0.01290761586278677, -0.017878292128443718, 0.013338093645870686, 0.016613762825727463, 0.034707292914390564, -0.012080290354788303, 0.00909384898841381, -0.016734834760427475, -0.0007083549862727523, -0.011791063472628593, -0.0171384084969759, 0.030698467046022415, -0.002347450703382492, 0.026528209447860718, 0.05259903892874718, 0.026447495445609093, 0.005347344558686018, 0.00932254083454609, 0.020232468843460083, -0.013304462656378746, -0.0004771412059199065, -0.01324392668902874, -0.006988542154431343, 0.019680919125676155, 0.003766682930290699, -0.0057509178295731544, -0.009403254836797714, -0.0003342090349178761, 0.008528846316039562, 0.009773197583854198, -0.012873983941972256, -0.001837939489632845, -0.006171306595206261, -0.03645611181855202, -0.014959112741053104, 0.0053742495365440845, -0.01108480989933014, -0.01832222193479538, -0.01688281074166298, -0.003800314152613282, -0.017434360459446907, -0.015524114482104778, -0.009416707791388035, -0.001382238115184009, -0.03419610112905502, 0.01816079393029213, 0.016263999044895172, 0.0023037302307784557, -0.03258180618286133, 0.21351711452007294, 0.007775509729981422, 0.009685756638646126, 0.000765527889598161, -0.006198211573064327, 0.011797789484262466, -0.006447081454098225, -0.012369518168270588, -0.02572106383740902, 0.0004922752268612385, -0.007923486642539501, -0.007324852980673313, 0.008360691368579865, -0.009652124717831612, -0.013936727307736874, 0.01614292711019516, -0.026514757424592972, -0.017730314284563065, -0.003358065150678158, -0.028707506135106087, 0.008932420052587986, 0.015510662458837032, -0.0006335258367471397, -0.014434467069804668, 0.012100469321012497, -0.012672198005020618, 0.012087016366422176, -0.001460430445149541, 0.010492902249097824, 0.014071251265704632, -0.010472724214196205, 0.0006499209557659924, -0.005609667394310236, 0.00698181614279747, 0.0023205457255244255, -0.010533260181546211, 0.009268730878829956, -0.0074997348710894585, 0.02159116417169571, 0.029353221878409386, -0.00554240494966507, -0.017246026545763016, 0.011441299691796303, -0.006369729992002249, -0.007930212654173374, -0.009860637597739697, -0.01026421133428812, -0.010607248172163963, -0.0060805026441812515, 0.008939146064221859, -0.04409709572792053, -0.010849392041563988, 0.025613443925976753, 0.007264317013323307, 0.01369458343833685, -0.018497103825211525, 0.02373010292649269, 0.01653304696083069, -0.0066320523619651794, 0.020770566537976265, -0.0023709924425929785, 0.006796844769269228, 0.023945342749357224, 0.01633126102387905, 0.004903414286673069, 0.01286053191870451, -0.00012264841643627733, -0.03879683464765549, 0.022344501689076424, 0.007553544826805592, -0.0029679443687200546, 0.006272200029343367, 0.003181501990184188, 0.011374037712812424, 0.017461266368627548, -0.03110203891992569, 0.011293322779238224, 0.0027611132245510817, 0.016734834760427475, 0.03699420765042305, -0.01927734538912773, -0.004483025521039963, -0.007022173143923283, -0.008838252164423466, -0.009309087879955769, -0.007203781045973301, 0.015080184675753117, -0.022479025647044182, -0.02744297683238983, -0.00984718557447195, -0.010533260181546211, 0.01684245467185974, -0.025761421769857407, -0.023205457255244255, -0.010331473313272, 0.011185702867805958, 0.004620912950485945, 0.03174775838851929, -0.01396363228559494, -0.015255066566169262, -0.013896369375288486, 0.0329853817820549, 0.00832705944776535, -0.003418601118028164, -0.013136306777596474, 0.008838252164423466, -0.025599991902709007, 0.011750705540180206, 0.0029191793873906136, -0.025949755683541298, 0.02790035866200924, -0.01960020326077938, 0.00045486059389077127, -0.021120330318808556, -0.0010215445654466748, 0.0030251173302531242, 0.00815217848867178, -0.013512975536286831, -0.00701544713228941, 0.011152071878314018, -0.004143351223319769, -0.015927687287330627, -0.004704990424215794, 0.0009248551796190441, 0.0023609031923115253, -0.010849392041563988, -0.03508396074175835, 0.012658745050430298, 0.001043404801748693, -0.016600310802459717, 0.002505516866222024, -0.032527998089790344, -0.00879116915166378, 0.00811854749917984, -0.02293640933930874, 0.001045086421072483, -0.007513187360018492, -0.03231275826692581, -0.019048653542995453, 0.0022347865160554647, 0.024846656247973442, 0.009705934673547745, 0.0235417690128088, 0.013055592775344849, 0.00036762995296157897, -0.009645398706197739, 0.002532421611249447, -0.015187803655862808, -0.017286384478211403, -0.0018278502393513918, -0.008912241086363792, 0.0036657897289842367, 0.006510980427265167, -0.032877761870622635, 0.022667359560728073, 0.02046116068959236, -0.003955017309635878, -0.015483757480978966, 0.011252965778112411, 0.009295635856688023, -0.01672138273715973, -0.001023226184770465, 0.0023709924425929785, 0.011212607845664024, -0.013869465328752995, -0.029057268053293228, -0.17057693004608154, 0.03535300865769386, 0.03497634083032608, -0.024779392406344414, -0.005700471345335245, 0.023810816928744316, 0.018779605627059937, 0.0017084598075598478, 0.00035459789796732366, -0.021792951971292496, 0.014811135828495026, -0.04170256108045578, -0.041298989206552505, -0.023595578968524933, -0.0038104034028947353, -0.005169099662452936, -0.0040626367554068565, 0.023245815187692642, 0.0403573177754879, 0.016196737065911293, 0.053029514849185944, -0.04337066411972046, 0.022277239710092545, -0.015685543417930603, -0.0021927475463598967, 0.02479284629225731, 0.01725948043167591, -0.0029427211266011, -0.011138619855046272, -0.02238485962152481, -0.0011409349972382188, 0.011838146485388279, 0.02806178852915764, 0.011871777474880219, 0.011024273931980133, 0.007244138512760401, -0.009726113639771938, -0.010708142071962357, -0.00781586766242981, 0.03583729639649391, 0.0235417690128088, 0.010613974183797836, 0.007916760630905628, 0.001789174391888082, -0.02126830630004406, 0.04433923959732056, 0.001511717913672328, 0.00701544713228941, 0.024187486618757248, -0.004234155174344778, 0.02894965000450611, -0.01281344797462225, -0.00916111096739769, 0.003341249655932188, 0.027954168617725372, 0.018201150000095367, 0.0050446647219359875, 0.0002715711307246238, -0.0021994737908244133, -0.0297836996614933, -0.013062318786978722, -0.004819336347281933, -0.017918648198246956, -0.012127374298870564, -0.019210083410143852, 0.008172356523573399, -0.022694265469908714, -0.0031478707678616047, -0.042832568287849426, -0.004281238652765751, -0.0003615343011915684, 0.01470351591706276, 0.004893324803560972, 0.015147446654736996, 0.0029427211266011, -0.015537567436695099, -0.008239619433879852, -0.011064630933105946, 0.006914553698152304, 0.015241613611578941, -0.006043508183211088, 0.026286065578460693, -0.011199155822396278, 0.0406801775097847, 0.016896264627575874, 0.0006339462124742568, 0.020716756582260132, -0.019263893365859985, 0.006289015524089336, 0.0073315794579684734, 0.003548080800101161, -0.03755921125411987, -0.008535572327673435, -0.011448025703430176, -0.0004142930847592652, 0.005085022188723087, -0.00045654215500690043, 0.01530887559056282, 0.01864508166909218, -0.016089117154479027, 9.653175948187709e-05, -0.020891638472676277, -0.04810592159628868, 0.00988081656396389, 0.014192323200404644, 0.0166541188955307, 0.02001722902059555, 0.019627109169960022, 0.037908975034952164, 0.01925044134259224, -0.0302679892629385, 0.010970463976264, 0.004166893195360899, 0.029702985659241676, -0.002841827692463994, 0.005576035939157009, -0.006800208240747452, -0.005000944249331951, 0.01723257452249527, 0.022990219295024872, 0.04554995894432068, -0.007190328557044268, -0.012120647355914116, 0.007365210447460413, 0.025546181946992874, -0.0009702571551315486, -0.08695656806230545, -0.03215133026242256, -0.0006675773183815181, 0.0066051478497684, -0.02859988622367382, 0.00020441401284188032, -0.015403042547404766, -0.004792431369423866, -0.009988436475396156, 0.04353209212422371, -0.0302679892629385, -0.01403089426457882, 0.007775509729981422, 0.007593901827931404, 0.007452651392668486, 0.0072306860238313675, -0.007452651392668486, -0.01966746710240841, -0.003371517639607191, 0.01672138273715973, -0.0008180764853022993, -0.035406820476055145, 0.0020884911064058542, 0.011501835659146309, -0.03155942261219025, 0.017918648198246956, -0.028653696179389954, 0.021281758323311806, 0.010277663357555866, -0.023757006973028183, 0.0018581182230263948, -0.01236279122531414, 0.005700471345335245, -0.018967939540743828, -0.011952492408454418, -0.008575930260121822, -0.014905302785336971, -0.004553650505840778, 0.043828047811985016, -0.010277663357555866, -0.002059904858469963, -0.006447081454098225, 0.018752699717879295, -0.008784443140029907, 0.010338199324905872, -0.009013134054839611, -0.017057692632079124, 0.03196299448609352, 0.00146967894397676, -0.025990111753344536, -0.011582550592720509, 0.018793057650327682, -0.03007965348660946, -0.016452332958579063, 0.03519158065319061, -0.00772842625156045, 0.010896475985646248, 0.01575280725955963, -0.010244032368063927, 0.0515766516327858, -0.00509174820035696, -0.03936183825135231, 0.02059568464756012, 0.014394110068678856, 0.006830476224422455, 0.0020750388503074646, -0.02511570416390896, -0.006783392280340195, -0.0059257997199893, 0.003161323256790638, 0.0011485019931569695, 0.01688281074166298, -0.039926838129758835, 0.010432366281747818, -0.032043710350990295, 0.020636042580008507, 0.0003258012584410608, -0.02254628762602806, 0.0046141864731907845, -0.012349339202046394, 0.004654543939977884, 0.008017653599381447, -0.02507534623146057, -0.025694159790873528, 0.009934626519680023, -0.0033143446780741215, 0.017367098480463028, -0.003270624205470085, 0.005929162725806236, -0.04692211002111435, 0.022667359560728073, 0.0007625851430930197, 0.007345031946897507, -0.022788431495428085, 0.0016538092168048024, -0.00882480014115572, -0.013486070558428764, 0.0030452958308160305, -0.01908901147544384, -0.001072832033969462, -0.013156485743820667, -0.020259372889995575, -0.05467071384191513, 0.019290797412395477, 0.01633126102387905, -0.005276719108223915, -0.003062111558392644, -0.011986123397946358, -0.003141144523397088, -0.018026268109679222, 0.019976872950792313, 0.03212442621588707, -0.030886800959706306, 0.02293640933930874, -0.023783912882208824, -0.009753018617630005, -0.021900571882724762, 0.0005885442369617522, 0.03112894482910633, 0.005105200689285994, 0.0001261166180483997, 0.01614292711019516, 0.02389153279364109, -0.0036725159734487534, 0.004153440706431866, -0.0006625326350331306, -0.0309137050062418, -0.0025778235867619514, -0.01655995287001133, 0.0005750918062403798, 0.0038810286205261946, -0.020864732563495636, 0.022438669577240944, -0.01925044134259224, 0.020636042580008507, 0.037074923515319824, 0.010943558998405933, -0.013856012374162674, -0.011548918671905994, 0.02744297683238983, 0.018941033631563187, -0.012799995951354504, -0.01832222193479538, -0.032205138355493546, 0.003490908071398735, -0.011791063472628593, -0.020662946626544, 0.018335673958063126, 0.0009559639729559422, 0.010506355203688145, -0.012571304105222225, 0.005777822807431221, 0.0235417690128088, 0.03075227700173855, -0.030321797356009483, -0.03696730360388756, -0.01421922817826271, -0.0198558010160923, 0.01960020326077938, 0.021766046062111855, 0.005996424704790115, -0.005458327010273933, 0.03508396074175835, -0.0065244329161942005, 0.02216961979866028, -0.020837828516960144, 0.022331049665808678, -0.019680919125676155, -0.009679029695689678, -0.003507723566144705, 0.04051874577999115, -0.051872607320547104, -0.011972671374678612, -0.027954168617725372, 0.015497210435569286, 0.02277497947216034, -0.006453807931393385, -0.014770777896046638, -0.01742090843617916, 0.005663476884365082, -0.009019860066473484, 0.003938201814889908, 0.03360419347882271, -0.014568991959095001, -0.018147340044379234, 0.009746292605996132, 0.012974877841770649, 0.029998939484357834, -0.025182966142892838, 0.010869571007788181, 0.0184163898229599, 0.007102888077497482, -0.016385070979595184, 0.011596002615988255, 0.005283445585519075, 0.009517600759863853, 0.012396423146128654, -0.027631310746073723, -0.016102569177746773, -0.001163635984994471, 0.006198211573064327, 0.009981709532439709, 0.018026268109679222, 0.008992956019937992, -0.001797582139261067, -0.01892758160829544, -0.013721488416194916, 0.009571410715579987, -0.021631522104144096, -0.005192641634494066, -0.022331049665808678, 0.008017653599381447, -0.0010770359076559544, -0.0006705200066789985, -0.012799995951354504, 0.01236279122531414, -0.0031125580426305532, 0.026191899552941322, -0.012248446233570576, -0.012087016366422176, -0.0297836996614933, 0.03772063925862312, 0.014259585179388523, -0.0038104034028947353, 0.01937151327729225, -0.015900783240795135, 0.036079440265893936, 0.0333082377910614, 0.015107089653611183, -0.019586751237511635, 0.016358166933059692, -0.014851492829620838, 0.007573723327368498, -0.028680600225925446, -0.007923486642539501, -0.0069549111649394035, -0.011495109647512436, -0.03147870674729347, 0.011138619855046272, -0.016681024804711342, -0.021053068339824677, 0.08222130686044693, 0.011239512823522091, 0.012430054135620594, 0.007210507523268461, -0.005596214905381203, 0.004863056819885969, 0.015524114482104778, -0.004146714229136705, -0.023676292970776558, -0.02085128054022789, 0.03537991642951965, 0.0009273775503970683, 0.006706040818244219, -0.02658201940357685, -0.005515499971807003, -0.0008760900818742812, 0.001638675224967301, -0.010587070137262344, 0.02600356563925743, 0.008670097216963768, -0.0018463472370058298, 0.008266523480415344, -0.0010686281602829695, -0.007936939597129822, 0.007741878740489483, -0.006292378529906273, 0.011024273931980133, -0.011172250844538212, -0.01646578498184681, -0.0538097582757473, 0.00844140537083149, 0.021577712148427963, -0.04589972272515297, -0.01723257452249527, -0.0034471875987946987, -0.008986229076981544, -0.01323047373443842, 0.006874196697026491, 0.022479025647044182, 0.005196004640311003, 0.023272719234228134, 0.014353753067553043, -0.022479025647044182, -0.014622801914811134, -0.00848848931491375, -0.007304674480110407, -0.0034219641238451004, -0.026407137513160706, -0.024940822273492813]","[-0.02888593263924122, -0.0029980679973959923, 0.011492913588881493, -0.0015556918224319816, -0.019713113084435463, 0.0028693871572613716, -0.035185523331165314, -0.0006851766374893486, -0.013428885489702225, -0.003695248393341899, 0.013367426581680775, -0.0060614366084337234, -0.002318172948434949, -0.01385141909122467, 0.006898821331560612, 0.02329312451183796, -1.5342351389335818e-06, -0.01123939361423254, -0.0024391713086515665, -0.011684974655508995, -0.03576938807964325, 0.036599092185497284, -0.0016651664627715945, -0.018130533397197723, -0.028932027518749237, 0.012691373005509377, 0.034693848341703415, -0.010156171396374702, -0.017362289130687714, 0.0007216681842692196, -0.013067811727523804, -0.008135692216455936, -0.011300853453576565, -0.0199282206594944, -0.031252119690179825, 0.00605375412851572, 0.022786084562540054, -0.0283481627702713, 0.027641380205750465, -0.019958950579166412, 0.0344172827899456, -0.0034532519057393074, -0.004571045283228159, -0.01688597910106182, -0.009357198141515255, 0.019421180710196495, -0.005435318686068058, 0.005661949981004, -0.0027695156168192625, 0.0055044605396687984, -0.020481355488300323, 0.021157409995794296, -0.04498830437660217, -0.024199651554226875, 0.00907294824719429, -0.007340561132878065, 0.022570976987481117, -0.0006890178774483502, -0.006741331424564123, -0.02163372002542019, 0.007136976346373558, -0.004256065469235182, -0.017239371314644814, 0.006176672875881195, -0.012453217059373856, 0.0049474844709038734, -0.03463238850235939, -0.010563340038061142, 0.00487066013738513, 0.0005805035470984876, 0.026519745588302612, 0.044004954397678375, 0.009848874062299728, -0.01908315345644951, 0.031098471954464912, -0.009910333901643753, -0.03957987576723099, 0.01737765409052372, 0.037244416773319244, 0.016655506566166878, 0.03530844300985336, -0.011247076094150543, -0.009149773046374321, 0.04188460484147072, 0.015349493362009525, 0.019574828445911407, 0.012791244313120842, 0.044004954397678375, 0.002187571721151471, -0.020097235217690468, 0.019943585619330406, 0.01859147846698761, 0.015195844694972038, 0.04342108964920044, 0.045541439205408096, 0.005396906286478043, -0.06379488855600357, 0.006234291009604931, -0.020727192983031273, -0.011469866149127483, -0.0038719442673027515, 0.009710590355098248, -0.006034547928720713, -0.021695179864764214, -0.01587189920246601, -0.00787448976188898, 0.01338279154151678, 0.002928926143795252, -0.012545406818389893, -0.013282920233905315, -0.022002477198839188, 0.03976425155997276, 0.0005761821521446109, 0.020542815327644348, -0.008312388323247433, 0.027764298021793365, 0.0003637149930000305, -0.0036261065397411585, -0.026704123243689537, -0.025736136361956596, 0.00923427939414978, 0.0282252449542284, 0.041085630655288696, -0.010225312784314156, 0.010240677744150162, 0.020312342792749405, 0.019144613295793533, -0.004363619722425938, -0.005900105461478233, -0.011615832336246967, 0.05147227272391319, 0.01871439628303051, -0.0024756628554314375, 0.017562033608555794, -0.008181787095963955, 0.03696784749627113, -0.023723341524600983, 0.026304636150598526, -0.02532128617167473, -0.01653258688747883, -0.0036433918867260218, 0.0172086413949728, 0.018530018627643585, 0.012852704152464867, 0.027764298021793365, 0.022140759974718094, 0.00491291331127286, 0.03285006806254387, -0.003583853133022785, -0.015034513548016548, -0.011001238599419594, 0.0009458990534767509, 0.0032535085920244455, 0.028040865436196327, 0.003948768600821495, 0.001430852455087006, 0.016455762088298798, -0.02341604419052601, -0.002573613775894046, -0.009410975500941277, -0.009833509102463722, 0.02329312451183796, 0.03000756725668907, -0.026965325698256493, 0.03094482421875, 0.032143283635377884, -0.012960257939994335, -0.000759120041038841, -0.004993578884750605, 0.01688597910106182, 0.006860408931970596, 0.016916709020733833, 0.0036894865334033966, 0.0007701634895056486, 0.017485208809375763, 0.023078016936779022, 0.001569136162288487, 0.0022663166746497154, -0.013344379141926765, -0.006837361957877874, -0.03567720204591751, 0.04557216912508011, 0.02341604419052601, 0.030606796965003014, -0.026903865858912468, 0.0036261065397411585, -0.004359778482466936, 0.0033860306721180677, -0.016148466616868973, -0.0023949972819536924, 0.034171443432569504, 0.00714081758633256, -0.009672177955508232, 0.0006112332339398563, -0.5634600520133972, -0.01251467689871788, 0.009533894248306751, -0.010547975078225136, 0.013521075248718262, 0.0009891127701848745, 0.01381300762295723, 0.012460899539291859, -0.03804338723421097, 0.033956337720155716, 0.01717791147530079, 0.019421180710196495, 0.01640966907143593, -0.013720817863941193, -0.011838623322546482, -0.007751571014523506, 0.0025659312959760427, -0.01750057376921177, 0.012791244313120842, 0.006130578462034464, -0.024122826755046844, -0.0060998485423624516, 0.006791267078369856, 0.03484749794006348, 0.007021740078926086, -0.018299546092748642, 0.011254758574068546, -0.0060691190883517265, -0.008473719470202923, 0.011108792386949062, -0.008051185868680477, -0.012046048417687416, -0.0008234603446908295, -0.0071830712258815765, 0.04296014457941055, -0.010686258785426617, -0.023784799501299858, 0.009380245581269264, 0.015142067335546017, 0.04547997936606407, -0.020635005086660385, -0.007943632081151009, 0.027318717911839485, -0.0032880795188248158, 0.009495481848716736, 0.019344355911016464, 0.022739989683032036, -0.006180514115840197, -0.006311115343123674, -0.008704192005097866, 0.00780534790828824, -0.017992248758673668, -0.008796380832791328, 0.0053815413266420364, 0.013505710288882256, -0.001467344001866877, 0.01213055569678545, -0.008834793232381344, 0.007889854721724987, 0.0010342469904571772, -0.005247098859399557, 0.012852704152464867, -0.018699033185839653, 0.008888570591807365, -0.024937164038419724, -0.01579507440328598, -0.011608149856328964, -0.0221561249345541, 0.01591799221932888, -0.03970279172062874, -0.0025332809891551733, 0.027518460527062416, -0.01538790576159954, 0.02681167796254158, 0.010839907452464104, 0.017761776223778725, 0.05064257234334946, -0.03260422870516777, -0.01899096369743347, 0.002064652740955353, 0.008104962296783924, -0.005435318686068058, -0.01765422150492668, -0.0022221426479518414, 0.02522909641265869, 0.007824554108083248, 0.004290636628866196, -0.020665735006332397, -0.019590193405747414, 0.001085143070667982, 0.0020127964671701193, -0.010686258785426617, 0.018898775801062584, 0.0016632458427920938, 0.0045019034296274185, 0.021802732720971107, -0.02510617859661579, -0.007609446067363024, 0.019313625991344452, -0.014212493784725666, -0.0024775834754109383, -0.004471173509955406, -0.01435845997184515, -0.016394304111599922, 0.034693848341703415, 0.0033898719120770693, -0.01786932907998562, 0.0024506947956979275, 0.022570976987481117, -0.005934676621109247, -0.004248383454978466, -0.010624798946082592, -0.01777714118361473, -0.007494209334254265, 0.0018361005932092667, -0.043882034718990326, 0.031528688967227936, 0.033311013132333755, 0.0037336605601012707, -0.007601763587445021, 0.01785396598279476, -0.0001381636830046773, 0.017546668648719788, -0.026320001110434532, 0.0036625980865210295, 0.022417327389121056, 1.4629625184170436e-05, -0.020066505298018456, 0.00925732683390379, 0.0020243199542164803, -0.011715704575181007, 0.016148466616868973, 0.01876049116253853, -0.03758244216442108, 0.01928289607167244, -0.01866830326616764, 0.006810473278164864, 0.028010135516524315, 0.017147181555628777, -0.01330596674233675, -0.0025044719222933054, 0.01886804588139057, 0.005669632460922003, -0.03475530818104744, -0.006599206477403641, -0.03730587661266327, -0.00923427939414978, 0.004375143442302942, -0.011162569746375084, 0.010755401104688644, -0.005489095579832792, 0.006983328144997358, -0.017684951424598694, -0.0031325104646384716, -0.010970508679747581, -0.0037451840471476316, 0.008596638217568398, -0.012261156924068928, 0.012960257939994335, 0.007859124802052975, -0.019866760820150375, 0.03183598443865776, 0.00048087205504998565, -0.007809189148247242, -0.017147181555628777, -0.024860341101884842, -0.008996124379336834, 0.015825804322957993, -0.009772049263119698, -0.030268769711256027, -0.003076812718063593, -0.02138788253068924, 0.01923680305480957, -0.0019935902673751116, 0.00725989555940032, 0.011323899962008, -0.01438150741159916, -0.03364903852343559, 0.010010205209255219, -0.014827088452875614, -0.006241973489522934, 0.0529780313372612, -0.0022701576817780733, 0.010186901316046715, 0.009725955314934254, 0.01433541253209114, -0.011393042281270027, 0.003192049218341708, -0.01020994782447815, 0.027564555406570435, -0.008005090989172459, -0.00360497971996665, -0.013889831490814686, 0.016378939151763916, 0.02592051587998867, 0.010087029077112675, 0.029469797387719154, 0.015618378296494484, -0.00982582662254572, 0.025459568947553635, 0.04409714415669441, 0.02433793433010578, 0.01713181659579277, -0.018806586042046547, -0.01879122108221054, -0.022985827177762985, -0.022048572078347206, -0.021049855276942253, 0.03478603810071945, 0.023800164461135864, -0.0016642061527818441, -0.01512670237571001, -0.004813042003661394, -0.020389165729284286, 0.009387928061187267, 0.023078016936779022, -0.0009017250849865377, 0.003852738067507744, -0.009795096702873707, -0.02386162430047989, -0.007490368094295263, -0.020727192983031273, 0.04443516954779625, 0.0194365456700325, -0.003566567786037922, -0.005093450658023357, 0.04544924944639206, 0.006871932651847601, -0.013175365515053272, 0.004298319108784199, -0.006168990395963192, -0.006925709545612335, 0.004878342617303133, 0.02592051587998867, 0.002836736850440502, 0.036599092185497284, 0.034448012709617615, 0.00015376861847471446, 0.013252190314233303, -0.014819405972957611, 0.011700339615345001, 0.02940833754837513, 0.004306001588702202, -0.017930788919329643, -0.020665735006332397, 0.027964042499661446, 0.0527321919798851, 0.006103689782321453, -0.012629913166165352, 0.03000756725668907, 0.029638811945915222, 0.014097257517278194, -0.012399440631270409, 0.012560771778225899, 0.0015768185257911682, -0.027841122820973396, 0.018407100811600685, 0.02220221981406212, 0.0177003163844347, 0.010186901316046715, 0.025690043345093727, -0.010256042703986168, 0.042099710553884506, 0.0066568246111273766, 0.03186671435832977, 0.02098839543759823, -0.006848885677754879, 0.007290625013411045, -0.00798204354941845, -0.025782231241464615, 0.006276544649153948, -0.005108815152198076, 0.029177865013480186, -0.006353368982672691, 0.017976883798837662, -0.005258622579276562, 0.017346924170851707, -0.007421226240694523, 0.003964133560657501, -0.003593456232920289, -0.01871439628303051, -0.04268357530236244, 0.0009723074035719037, 0.0009377364767715335, -0.0144199188798666, -0.013474980369210243, 0.012952575460076332, -0.005177957005798817, 0.012560771778225899, 0.005727251060307026, 0.011085744947195053, 0.014227858744561672, 0.0036722011864185333, -0.016348209232091904, -0.005880899261683226, -0.0014500584220513701, 0.015856534242630005, -0.009349516592919827, -0.017792506143450737, 0.008988441899418831, 0.03690638765692711, 0.015979452058672905, -0.015533871948719025, -0.005423794966191053, -0.0013069732813164592, 0.001697816769592464, -0.010970508679747581, -0.0288398377597332, -0.015364858321845531, -0.002738785929977894, -0.01935972087085247, -0.01891414076089859, -0.0065531120635569096, 0.026458285748958588, -0.023431409150362015, 0.021725909784436226, 0.0011350788408890367, -0.018806586042046547, 0.021541530266404152, 0.008266293443739414, -0.007866807281970978, -0.031236756592988968, -0.020158693194389343, 0.04569508880376816, 0.009787414222955704, 0.037398066371679306, -0.008658097125589848, 0.0006352408672682941, -0.024046001955866814, 0.0024430123157799244, -0.016839884221553802, -0.02317020669579506, 0.01259918324649334, -0.016655506566166878, -0.02300119213759899, -0.01997431553900242, 0.013252190314233303, -0.026320001110434532, 0.006130578462034464, 0.00441355537623167, -0.0012560772011056542, 0.003568488173186779, 0.004263747949153185, -0.019528735429048538, -0.01571056805551052, -0.020788652822375298, 0.011416089721024036, 0.027887217700481415, 0.022002477198839188, -0.007751571014523506, 0.022340504452586174, 0.048184193670749664, -0.005201004445552826, 0.007486527319997549, 0.013398156501352787, 1.0443302016938105e-05, 0.00887320563197136, 0.005869376007467508, -0.022755354642868042, 0.03604595735669136, 0.035830847918987274, 0.011162569746375084, -0.01656331680715084, -0.008573590777814388, -0.0033168888185173273, 0.027810392901301384, 0.006272703409194946, 0.00808191578835249, -0.01387446653097868, 0.009303421713411808, 0.02864009514451027, 0.012967940419912338, 0.012069095857441425, -0.006641460116952658, 0.014811723493039608, 0.004087052308022976, -0.010486515238881111, 0.010955143719911575, 0.0028847521170973778, -0.004943643230944872, -0.040194470435380936, -0.031159931793808937, -0.02725725807249546, -0.05503692105412483, -0.005742615554481745, -0.01235334575176239, 0.027364812791347504, -0.006633777637034655, 0.017485208809375763, 0.0060614366084337234, 0.006668348331004381, -0.03693711757659912, -0.034816768020391464, -0.01468112226575613, -0.015080608427524567, -0.020604275166988373, -0.03543136268854141, -0.002318172948434949, 0.008673462085425854, 0.0021952542010694742, 0.02770283818244934, -4.1563140257494524e-05, 0.018852680921554565, 0.020558180287480354, -0.031897444278001785, -0.03580011799931526, 0.018422463908791542, -0.0022701576817780733, -0.008942347019910812, 0.0008695549331605434, 0.0011139522539451718, -0.0008969235932454467, 0.006821996998041868, 0.02685777097940445, 0.010763082653284073, 0.007202277425676584, 0.044250790029764175, -0.036599092185497284, 0.021495437249541283, -0.015856534242630005, 0.02284754440188408, 0.032174013555049896, -0.004935960751026869, -0.02665802836418152, -0.013175365515053272, -0.00523557560518384, 0.009495481848716736, 0.018453193828463554, -0.01444296631962061, -0.005838646087795496, -0.0018216959433630109, 0.019129248335957527, -0.004190764855593443, -0.0003476299170870334, -0.0019090835703536868, -0.004590251483023167, 0.010578704997897148, 0.017592761665582657, 0.023707976564764977, 0.007444273680448532, -0.013897513970732689, 0.03893455117940903, -0.0016190719325095415, -0.02624317817389965, -0.015587648376822472, -0.01742374897003174, 0.00757487490773201, 0.01381300762295723, -0.006764378864318132, 0.00352815561927855, -0.018253451213240623, -0.01802297867834568, 0.0007960916846059263, 0.015080608427524567, 0.009971792809665203, 0.00019890288240276277, -0.01538790576159954, -0.02309338189661503, -0.02980782464146614, -0.00923427939414978, -0.014089575037360191, 0.012798926793038845, -0.011416089721024036, -0.0159640870988369, -0.012299569323658943, -0.013482662849128246, -0.0019215676002204418, -0.022816814482212067, -0.0086043206974864, -0.021725909784436226, -0.012929528020322323, 0.018775856122374535, 0.005443001165986061, 0.046278953552246094, 0.003013432724401355, -0.00014200489385984838, 0.004206129815429449, -0.012775879353284836, -0.012637595646083355, -0.04173095524311066, -0.003111383644863963, -0.02158762514591217, 0.016194559633731842, 0.008919300511479378, 0.037244416773319244, -0.01854538358747959, -0.006253497209399939, -0.020266247913241386, 0.007571033667773008, 0.005385382566601038, 0.0011149125639349222, 0.024030638858675957, -0.01814589649438858, -0.023078016936779022, 0.05205613747239113, -0.008804063312709332, 0.0027695156168192625, -0.001800569356419146, 0.0008959632832556963, 0.030760446563363075, -0.014827088452875614, 0.009188185445964336, -0.009026854299008846, -0.045879464596509933, 0.0002556808467488736, -0.01381300762295723, -0.013198412954807281, -0.0030172739643603563, -0.02361578680574894, -0.006476287730038166, 0.01067089382559061, 0.021556895226240158, 0.046955008059740067, 0.013774595223367214, 0.018745126202702522, -0.014688804745674133, -0.0024506947956979275, 0.01123939361423254, -0.005404588766396046, 0.002656199736520648, -0.03896528109908104, 0.0016267542960122228, -0.017669586464762688, 0.015019148588180542, 0.022340504452586174, 0.0008642732864245772, 0.0033629832323640585, 0.02220221981406212, -0.0048322477377951145, 0.025828326120972633, -0.007179229985922575, -0.008197152055799961, -0.015211209654808044, -0.01794615387916565, -0.023523597046732903, -0.01948264054954052, -0.021080585196614265, -0.0034647753927856684, 0.02349286712706089, 0.00903453677892685, -0.010325185023248196, -0.0025697725359350443, 0.008097279816865921, -0.0221561249345541, -0.014258588664233685, -0.016332844272255898, 0.03844287618994713, 0.014550521038472652, -0.0012061413144692779, 0.010824542492628098, 0.0033879512920975685, -0.013728500343859196, -0.024046001955866814, -0.015841169282794, -0.0030883364379405975, 0.03450947254896164, 0.031006284058094025, -0.01851465366780758, -0.02086547762155533, 0.021848827600479126, -0.01085527241230011, -0.014658074826002121, -0.028363527730107307, -0.014873182401061058, -0.04646332934498787, -0.004989737644791603, -0.023185571655631065, -0.01854538358747959, -0.046033114194869995, 0.013436567969620228, 0.0019330912036821246, -0.008297023363411427, 0.009103678166866302, 0.013421203941106796, -0.003852738067507744, 0.03407925367355347, -0.05918543413281441, 0.02977709472179413, 0.015533871948719025, -0.005857852287590504, -0.018883410841226578, -0.010924413800239563, -0.047569599002599716, -0.01140072476118803, -0.000946379208471626, 0.00285594305023551, -0.0030940982978791, -0.00041100993985310197, 0.014043480157852173, -0.0020089552272111177, -0.026596568524837494, -0.014573567546904087, -0.018606843426823616, 0.04099344089627266, -0.023769434541463852, 0.011108792386949062, 0.002744547789916396, 0.015034513548016548, -0.015318763442337513, -0.0266119334846735, -0.017976883798837662, -0.018499288707971573, -0.02705751545727253, 0.0015124782221391797, 0.01146218366920948, 0.0032688735518604517, 0.01215360313653946, 0.009633765555918217, -0.02794867753982544, -0.017976883798837662, -0.05408430099487305, -0.018330276012420654, -0.006376415956765413, -0.005796392913907766, 0.002898196456953883, 0.01544936466962099, -0.008642733097076416, 0.02012796327471733, 0.0024391713086515665, 0.003533917246386409, 0.022770719602704048, 0.03066825680434704, -0.03921111673116684, -0.002262475434690714, -0.006107531022280455, 0.014873182401061058, -0.032911524176597595, -0.005489095579832792, 0.010010205209255219, -0.02851717732846737, -0.005519825033843517, -0.026519745588302612, -0.038381416350603104, 0.010540292598307133, 0.03868871182203293, -0.014658074826002121, -0.008957711979746819, 0.0029596558306366205, -0.010901366360485554, -0.0007888894178904593, 0.010202265344560146, -0.01397433876991272, -0.005085768178105354, 0.02923932485282421, -0.01571056805551052, -0.0004921556101180613, 0.0034897434525191784, 0.01700889877974987, 0.012307250872254372, -0.022248314693570137, -0.005197163205593824, 0.024614501744508743, -0.031451866030693054, -0.03300371393561363, -0.02101912535727024, 0.016302114352583885, -0.02495252899825573, 0.0050588794983923435, -0.02114204503595829, -0.01705499179661274, -0.0037720727268606424, 0.019067788496613503, -0.019697748124599457, -0.03260422870516777, -0.030914094299077988, 0.00971827283501625, -0.02341604419052601, 0.019328990951180458, -0.03183598443865776, -0.022386597469449043, -0.020973030477762222, -0.014212493784725666, -0.029439067468047142, -0.00808191578835249, -0.016102371737360954, 0.006111372262239456, -0.009088313207030296, -0.015595330856740475, -0.004186923615634441, -0.013843737542629242, -0.04670916870236397, 0.0017631174996495247, 0.007186912465840578, 0.016655506566166878, 7.794964403728954e-06, -0.0049052308313548565, 0.01259918324649334, 0.029869284480810165, 0.009226596914231777, 0.021756639704108238, -0.029177865013480186, -0.011677292175590992, -0.020604275166988373, 0.0026485174894332886, 0.031375039368867874, 0.001089944620616734, -0.044527359306812286, -0.022217584773898125, 0.01908315345644951, 0.02742627076804638, 0.020604275166988373, 0.005558237433433533, -0.02831743285059929, -0.006222767289727926, -0.030514607205986977, -0.007974361069500446, 0.008635050617158413, -0.006211244035512209, 0.00209154118783772, -0.036353252828121185, -0.006403304636478424, 0.003109463257715106, 0.008151057176291943, 0.0014500584220513701, -0.01802297867834568, -0.009764367714524269, -0.011108792386949062, -0.011247076094150543, -0.050734762102365494, 0.00443660281598568, 0.005719568580389023, -0.027272623032331467, 0.017884694039821625, -0.0018629890400916338, -0.01164656225591898, 0.0086043206974864, -0.002289363881573081, 0.006687554530799389, 0.011761798523366451, 0.02770283818244934, -0.023600421845912933, 0.013498027808964252, 0.00925732683390379, -0.011608149856328964, -0.002231745747849345, 0.011992271989583969, -0.0152880335226655, 0.006284227129071951, 0.01476562861353159, -0.0002457177033647895, 0.005669632460922003, -0.04664770886301994, -0.004555680323392153, 0.011216346174478531, -0.03374122828245163, -0.0034993463195860386, 0.00698716938495636, -0.02008187025785446, -0.009656812995672226, 0.008612003177404404, -0.025213731452822685, -0.04861441254615784, -0.030591432005167007, -0.004259906709194183, -0.01387446653097868, 0.008965394459664822, -0.016087006777524948, 0.011477548629045486, 0.008327753283083439, 0.015042196027934551, 0.2116662859916687, -0.018483923748135567, 0.013574851676821709, 0.026719488203525543, -0.025536393746733665, 0.018207356333732605, 0.02807159535586834, -0.0042022885754704475, -0.04179241508245468, 0.011930812150239944, 0.01616383157670498, -0.0012291886378079653, -0.0144199188798666, -0.009564624167978764, -0.0031690020114183426, -0.004959007725119591, -0.02718043327331543, -0.022186854854226112, -0.023723341524600983, -0.015211209654808044, 0.030729716643691063, -0.012407123111188412, 0.002418044488877058, -0.0006078722071833909, 0.02017405815422535, -0.016501856967806816, 0.003011512104421854, 0.0018917981069535017, 0.015656789764761925, 0.0008335435413755476, -0.028870567679405212, -0.00990265142172575, -0.0007816871511749923, 0.005715727340430021, -0.011546690948307514, -0.022617071866989136, -0.015825804322957993, 0.023462139070034027, 0.034693848341703415, 0.012937210500240326, 0.005393065046519041, -0.006818155758082867, -0.010317502543330193, -0.021111315116286278, -0.022217584773898125, 0.018652938306331635, -0.0016382780158892274, -0.027795027941465378, 0.008481401950120926, 0.017239371314644814, -0.021126680076122284, -0.011070379987359047, 0.039917901158332825, -0.007951313629746437, 0.025582488626241684, -0.006560794543474913, 0.01765422150492668, -0.00852749589830637, 0.009272691793739796, 0.029101042076945305, -0.022048572078347206, 0.020588910207152367, -0.015357175841927528, 0.00753262173384428, -0.027287987992167473, 0.010663211345672607, -0.010394326411187649, 0.011600467376410961, 0.02616635337471962, -0.01972847804427147, 0.015902627259492874, 0.008373847231268883, -0.0008897213265299797, 0.011385359801352024, -0.009526211768388748, -0.014719533734023571, -0.002398838521912694, 0.014819405972957611, 0.029515892267227173, -0.0017804029630497098, -0.015887264162302017, -0.017961518839001656, -0.006203561555594206, -0.029423702508211136, -0.0015854613156989217, -0.004290636628866196, 0.029193229973316193, -0.0012493550311774015, -0.011008921079337597, 0.005884740501642227, 0.004893707111477852, -0.008704192005097866, -0.005093450658023357, 0.005258622579276562, -0.012253474444150925, 0.03626106679439545, 0.01053261011838913, 0.002481424482539296, 0.008051185868680477, -0.008266293443739414, -0.025690043345093727, 0.00789753720164299, 0.0021952542010694742, 0.0025870578829199076, -0.026227813214063644, -0.010440421290695667, -0.01085527241230011, -0.02738017775118351, 0.0019935902673751116, -0.02321629971265793, 0.0010880240006372333, -0.03300371393561363, 0.01886804588139057, -0.007117770612239838, -0.011800210922956467, 0.0020223993342369795, -0.013121589086949825, -0.010002522729337215, 0.007233006879687309, -0.011777163483202457, 0.020189423114061356, -0.03069898672401905, 0.008504449389874935, -0.004125464241951704, -0.01253772433847189, 0.008012773469090462, -0.011508278548717499, -0.012084460817277431, -0.013067811727523804, -0.03371049836277962, 0.010156171396374702, -0.02005114033818245, 0.01561069581657648, -0.003614582819864154, -0.008035820908844471, -0.016901344060897827, -0.026550475507974625, -0.023477504029870033, -0.02532128617167473, 0.012752831913530827, -0.005665791220963001, -0.013121589086949825, 0.003925721161067486, -0.032389119267463684, -0.01896023564040661, -0.03899601101875305, 0.03650690242648125, 0.005850169807672501, 0.002126112347468734, -0.017193276435136795, 0.0025121544022113085, -0.020465990528464317, 0.014458331279456615, -0.004855295177549124, 0.014181763865053654, -0.010632481426000595, 0.0037202162202447653, -0.04471173509955406, -0.0030902570579200983, 0.00980277918279171, -0.025167636573314667, -0.028855202719569206, 0.016455762088298798, 0.018821951001882553, -0.022263679653406143, -0.003668359946459532, -0.20011191070079803, 0.011930812150239944, 0.04492684453725815, -0.04037884622812271, 0.015664473176002502, 0.015856534242630005, 0.008227881044149399, 0.008496766909956932, -0.01053261011838913, -0.0038796267472207546, 0.028870567679405212, -0.00391035620123148, -0.04535705968737602, -0.002692691283300519, -0.006103689782321453, -0.029423702508211136, 0.00048663385678082705, -9.987157682189718e-05, 0.02891666255891323, -0.006434034090489149, 0.02211003005504608, -0.0036069003399461508, 0.00852749589830637, -0.013590216636657715, -0.006979486905038357, 0.04237627983093262, -0.03223547339439392, 0.0034820609726011753, 0.024245746433734894, -0.04520341381430626, -0.0007941711228340864, -0.001695896266028285, 0.00764401676133275, 0.001673809252679348, -0.017485208809375763, 0.015241939574480057, -0.03361830860376358, -0.00023215339751914144, 0.01859147846698761, 0.004517268389463425, 0.021602990105748177, 0.009218914434313774, 0.015057560987770557, 0.010686258785426617, 0.017761776223778725, 0.027226528152823448, 0.010117758996784687, 0.010709306225180626, 0.004916754551231861, -0.004229177255183458, 0.024768151342868805, -0.01126244105398655, -0.0013021717313677073, 0.005101132672280073, 0.0029884648974984884, -0.011508278548717499, 0.0014442966785281897, -0.0072791012935340405, -0.012437853030860424, -0.010071664117276669, -0.014696486294269562, -0.0433288998901844, 0.020512085407972336, -0.0011129919439554214, -0.015503142029047012, 0.004690122790634632, -0.023784799501299858, 0.005001261364668608, 1.1306075066386256e-05, 0.012345663271844387, -0.021049855276942253, 0.018898775801062584, 0.002738785929977894, 0.0058348048478364944, 0.007759253494441509, 0.02676558308303356, -0.019636288285255432, 0.009218914434313774, -0.002272078301757574, 0.01648649200797081, -0.028302067890763283, 0.03767463192343712, -0.011731069535017014, 0.03850433602929115, -0.00885015819221735, 0.006480128969997168, 0.021295692771673203, -0.011915447190403938, 0.009848874062299728, -0.012499311938881874, 0.03810484707355499, -0.04117782041430473, -0.008427624590694904, -0.0049820551648736, 0.0030787333380430937, 0.01599481701850891, -0.012722102925181389, 0.007524939253926277, 0.009756685234606266, -0.0034513312857598066, -0.021526165306568146, -0.00885015819221735, 0.005181798245757818, 0.020112598314881325, 0.006338004022836685, 0.01490391232073307, -0.007582557387650013, 0.014273952692747116, 0.05094986781477928, 0.022632436826825142, -0.007179229985922575, 0.022570976987481117, -0.013690088875591755, 0.015080608427524567, 0.03543136268854141, 0.041054900735616684, -0.003883467987179756, 0.016056276857852936, 0.003583853133022785, 0.03484749794006348, 0.02770283818244934, -0.01911388337612152, -0.040071550756692886, 0.01903705857694149, -0.01574897952377796, -0.014827088452875614, -0.11492913961410522, -0.006057595368474722, 0.02207930013537407, 0.02953125722706318, -0.011999954469501972, 0.035093337297439575, 0.011047332547605038, -0.0011466025607660413, -0.013029399327933788, 0.02899348735809326, -0.016578681766986847, 0.004878342617303133, 0.0021049855276942253, -0.01286038663238287, 0.011369994841516018, 0.009226596914231777, 0.004632504656910896, -0.01908315345644951, 0.010870637372136116, 0.025444205850362778, -0.0030979395378381014, -0.017239371314644814, 0.010801495052874088, 9.60903853410855e-05, 0.008473719470202923, -0.02450694888830185, -0.02349286712706089, 0.009487800300121307, -0.011031968519091606, 0.011615832336246967, 0.003916118294000626, -0.0038354527205228806, -0.014688804745674133, -0.007605604827404022, -0.03309590369462967, 0.009564624167978764, -0.05159519240260124, 0.003852738067507744, 0.050488922744989395, -0.013359744101762772, 0.002746468409895897, -0.018652938306331635, 0.010678576305508614, -0.003303444478660822, 0.011907764710485935, -0.01611773669719696, 0.004793835803866386, 0.03896528109908104, 0.012906480580568314, -0.01997431553900242, 0.004240700975060463, -0.008204834535717964, 0.005827122367918491, -0.040440306067466736, 0.018053708598017693, 0.006445557810366154, 0.03454020246863365, 0.03576938807964325, -0.01717791147530079, 0.025905150920152664, 0.026273908093571663, -0.022294409573078156, 0.0012349504977464676, 0.019390450790524483, 0.010248360224068165, -0.005250940099358559, 0.013728500343859196, -0.01616383157670498, 0.004060163628309965, 0.00892698299139738, -0.012430170550942421, 0.022494152188301086, -0.03438655287027359, -0.00048447318840771914, -0.03337247297167778, 0.0016853328561410308, -0.017976883798837662, -0.012499311938881874, 0.005592808127403259, -0.0014049242017790675, -0.014796358533203602, -0.010816860012710094, -0.010478832758963108, 0.032665688544511795, 0.018422463908791542, 0.009026854299008846, 0.009311104193329811, 0.003449410665780306, 0.01308317668735981, -0.009764367714524269, -0.02126496285200119, 0.011200981214642525, 0.01705499179661274, 0.01705499179661274, 0.009434022940695286, 0.02341604419052601, 0.008327753283083439, -0.012422488071024418, 0.002410362008959055, 0.014827088452875614, -0.003293841378763318, -0.02369261160492897, -0.0581713542342186, 0.021326422691345215, -0.027241893112659454, 0.010110076516866684, -0.0041216230019927025, 0.014796358533203602, 7.79646506998688e-05, -0.01506524346768856, -0.0029673383105546236, 0.02012796327471733, -0.02997683733701706, -0.012906480580568314, -0.0035800118930637836, -0.00044101945240981877, -0.017807871103286743, 0.0016862931661307812, -0.010025570169091225, -0.0008887610165402293, 0.024230381473898888, 0.010186901316046715, 0.014058845117688179, -0.006752855144441128, -0.009795096702873707, 0.021372517570853233, 0.016824519261717796, 0.0146042974665761, -0.0017631174996495247, 0.025305921211838722, 0.006499335169792175, 0.005531348753720522, 0.030391689389944077, -0.030069027096033096, -0.0012608786346390843, -0.001875472953543067, -0.02888593263924122, -0.014373824931681156, 0.010594069957733154, 0.01444296631962061, 0.025413475930690765, -0.017638856545090675, -0.012384075671434402, -0.01349034532904625, 0.0016728489426895976, -0.023231664672493935, -0.024921799078583717, 0.002201015828177333, -0.013797642663121223, 0.018176626414060593, -0.015188162215054035, 0.0032439057249575853, 0.0319281741976738, 0.0028424987103790045, 0.0013962815282866359, -0.011139522306621075, -0.04498830437660217, -0.012368710711598396, 0.024844976142048836, -0.0028079277835786343, 0.015418634749948978, -0.012245791964232922, 0.018115168437361717, 0.004336731042712927, 0.0013934005983173847, -0.0027349446900188923, 0.016271384432911873, 0.022417327389121056, -0.04296014457941055, 0.013866784051060677, 0.03294225409626961, -0.02592051587998867, -0.021111315116286278, -0.013290601782500744, -0.0024142032489180565, 0.024983258917927742, 0.014688804745674133, -0.027103610336780548, -0.005446842405945063, 0.010486515238881111, -0.030038297176361084, 0.030960189178586006, 0.001905242446810007, 0.01330596674233675, -0.04600238427519798, -0.017807871103286743, 0.021049855276942253, 0.00041149009484797716, 0.0006842163274995983, 0.033034443855285645, 0.022909004241228104, 0.01809980347752571, -0.04677062854170799, 0.002346982015296817, 0.011008921079337597, -0.005469889380037785, 0.004847612697631121, 0.004329048562794924, -0.022463422268629074, -0.0123763931915164, 0.013313649222254753, 0.038873091340065, 0.0070563112385571, -0.01276051439344883, -0.01356717012822628, -0.01866830326616764, -0.00893466453999281, -0.01037127897143364, -0.0225248821079731, -0.0435747392475605, 0.007966678589582443, 0.000814817612990737, 0.010594069957733154, -0.028686190024018288, 0.017346924170851707, 0.029147135093808174, 0.000948779983446002, 0.0022682370617985725, 0.005489095579832792, 0.03129821643233299, -0.022647799924016, 0.0243840292096138, -0.010932096280157566, 0.009610719047486782, 0.0044942209497094154, -0.01203068345785141, 0.047170113772153854, 0.007728523574769497, -0.009387928061187267, -0.014804041013121605, 0.04916754737496376, -0.005270146299153566, 0.016793789342045784, 0.012391758151352406, -0.019206073135137558, -0.0344172827899456, 0.0007183070993050933, -0.006103689782321453, -0.006814314518123865, 0.042468465864658356, -0.00048087205504998565, 0.10239141434431076, -0.011738752014935017, -0.009756685234606266, 0.010793812572956085, 0.0018706715200096369, 0.008335435763001442, 0.01172338705509901, 0.028056230396032333, -0.029546622186899185, -0.008128009736537933, 0.03994863107800484, -0.02131105773150921, 0.004352096002548933, -0.016578681766986847, -0.007935949601233006, -0.018253451213240623, -0.021941017359495163, -0.00941865798085928, 0.009380245581269264, 0.004774629604071379, 0.007355925627052784, -0.011608149856328964, 0.010271407663822174, -0.023907719179987907, -0.0008950029732659459, -0.026058798655867577, 0.021941017359495163, -0.023031922057271004, 0.0008032940095290542, -0.047446683049201965, -0.008151057176291943, -0.007974361069500446, 0.0017871250165626407, -0.013175365515053272, 0.017193276435136795, -0.027318717911839485, -0.030929459258913994, 0.002717659343034029, 0.029669540002942085, 0.03924184665083885, 0.010724671185016632, 0.029024217277765274, -0.04099344089627266, -0.012691373005509377, -0.003522393759340048, 0.008957711979746819, 0.017562033608555794, -0.0026408350095152855, -0.05706508457660675]"
7216,"How to unset relation in 'find'?<p>I have content type ""Novel"" and have relation with ""Tag"" and ""Genre"", I want to only show ""Tag"" and ""Genre"" in 'findOne' but not in 'find'. using m.unset in models/Novels.js only working if the data is not relation. how can I un-populate this Tag in 'find'?</p>
","it seems that the `div` with the `ng-click` and the expression need to be moved inside the `ion-item`, but you haven't really shown enough of the other parts of the page this is on for any further context.  I highly doubt that your view is only these elements.","Embed Field: How to unset relation in 'find'?<p>I have content type ""Novel"" and have relation with ""Tag"" and ""Genre"", I want to only show ""Tag"" and ""Genre"" in 'findOne' but not in 'find'. using m.unset in models/Novels.js only working if the data is not relation. how can I un-populate this Tag in 'find'?</p>; Answer: it seems that the `div` with the `ng-click` and the expression need to be moved inside the `ion-item`, but you haven't really shown enough of the other parts of the page this is on for any further context.  I highly doubt that your view is only these elements.","[-0.007024311926215887, 0.014760640449821949, 0.01304906327277422, -0.004210479557514191, -0.01900535076856613, 0.021114014089107513, -0.026810143142938614, -0.022565431892871857, -0.05266180261969566, -0.022360041737556458, 0.025221798568964005, 0.0037038526497781277, -0.010166767053306103, -0.0076062483713030815, 0.00015318614896386862, -0.009037126787006855, 0.009851837530732155, -0.016294213011860847, -0.012268584221601486, -0.022483276203274727, -0.026358285918831825, 0.04091353714466095, 0.006671727169305086, -0.012788903899490833, -0.01313121896237135, 0.005812515504658222, 0.02649521268904209, -0.025454573333263397, -0.017964713275432587, -0.0002225050120614469, 0.009714910760521889, 0.01962151937186718, 0.005439391825348139, -0.017321160063147545, -0.015664352104067802, 0.005993942730128765, 0.002848064061254263, -0.020443076267838478, 0.02409900538623333, -0.003905818797647953, 0.00807864312082529, -0.019114892929792404, -0.010255769826471806, -0.006380759179592133, -0.005939172115176916, 0.027138765901327133, 0.015349422581493855, 0.018594572320580482, 6.418413977371529e-05, 0.01539050042629242, -0.007818483747541904, 0.010899322107434273, -0.020977087318897247, -0.01035846397280693, -0.00543596874922514, 0.01722531206905842, 0.015595889650285244, 0.029165271669626236, 0.006990080699324608, -0.008256647735834122, 0.01766347512602806, 0.004460369702428579, -0.011570260860025883, -0.019635211676359177, -0.00473422184586525, -0.0011818439234048128, -0.021360481157898903, -0.0023003595415502787, -0.011720879003405571, -0.011556567624211311, 0.001747520174831152, 0.028644952923059464, -0.005785130430012941, 0.009735450148582458, 0.024235930293798447, -0.006736767012625933, 0.00020538923854473978, 0.02003229781985283, 0.012083733454346657, 0.02752215787768364, 0.015897126868367195, -0.03724391758441925, -0.02174387499690056, 0.013535151258111, 0.010803474113345146, 0.015363114885985851, 0.044884394854307175, 0.04318651184439659, -0.0008874526829458773, -0.017252696678042412, -0.024112697690725327, 0.009653294458985329, 0.022852975875139236, 0.006750459782779217, -0.009208284318447113, 0.027631700038909912, -0.013795310631394386, 0.008544192649424076, -0.006503992713987827, 0.0017304043285548687, -0.021771259605884552, 0.03097269870340824, -0.02649521268904209, -0.02455086074769497, -0.030178526416420937, 0.019265510141849518, 0.007216008845716715, -0.02801509201526642, 0.006901078391820192, -0.021798644214868546, -0.02092231810092926, 0.016663914546370506, 0.010878783650696278, -0.020210301503539085, 0.0008951547788456082, -0.00570982089266181, -0.018909502774477005, -0.004070130176842213, -0.034614935517311096, -0.0002188679063692689, 0.003573772730305791, 0.02630351483821869, 0.02809724770486355, -0.04140647128224373, 0.015363114885985851, 0.0010355040431022644, -0.007291317917406559, -0.012220660224556923, -0.01877257600426674, -0.030753616243600845, 0.04099569097161293, 0.030589304864406586, 0.009201438166201115, 0.028261559084057808, -0.021675411611795425, 0.029384354129433632, -0.016759762540459633, 0.02613920345902443, -0.03453277796506882, -0.02275712788105011, 0.001769770635291934, 0.036121122539043427, 0.010940399952232838, -0.009283593855798244, 0.012631438672542572, 0.01986798644065857, -0.006011058576405048, 0.004535679239779711, 0.017964713275432587, 0.010611777193844318, 0.007038004696369171, 0.01619836501777172, -0.006394451949745417, -0.0254408810287714, 0.005771437659859657, -0.005733782891184092, -0.019429821521043777, 0.0038339325692504644, 0.0023072059266269207, -0.008564731106162071, 0.028316330164670944, -0.0007535218028351665, 0.01706099882721901, -0.005316158290952444, 0.03447800874710083, 0.023523913696408272, 0.014404632151126862, -0.0215795636177063, -0.005504431668668985, -0.02503010258078575, 0.0015746508724987507, 0.028891419991850853, -0.03639497235417366, 0.011857805773615837, 0.00824295450001955, -0.008653733879327774, 0.02230527251958847, -0.0020521809346973896, -0.006877116393297911, -0.018183793872594833, -0.04220064356923103, -0.0006602408247999847, 0.012987446039915085, 0.021839722990989685, -0.035765115171670914, 0.0016165844863280654, -0.011707186698913574, -0.02995944395661354, -0.006743613630533218, -0.013377686031162739, 0.003823663108050823, 0.023742996156215668, -0.0001612091582501307, 0.009194592013955116, -0.6068567633628845, -0.0026786180678755045, 0.014076009392738342, -0.008092336356639862, 0.00688053946942091, 0.027672776952385902, 0.010495390743017197, 0.008797505870461464, -0.019114892929792404, 0.029302198439836502, -0.02809724770486355, -0.002361976308748126, -0.006897655315697193, 0.021264633163809776, -0.025235490873456, -0.006349950563162565, -0.0032708237413316965, -0.025303954258561134, 0.008551038801670074, 0.025043794885277748, -0.0174991637468338, 0.0362306609749794, -0.00020335674344096333, 0.025139642879366875, 0.0029610281344503164, -0.00470341369509697, -0.03439585119485855, -0.009208284318447113, -0.01673237606883049, 0.011488105170428753, -0.04921126365661621, 0.044309306889772415, -0.013336608186364174, 0.011789342388510704, 0.05271657183766365, -0.02129201777279377, 0.007352934684604406, 0.010426927357912064, -0.016006669029593468, 0.03357429429888725, -0.01689668744802475, -0.008318264037370682, 0.006370489485561848, -0.024400241672992706, -0.016006669029593468, -0.009755988605320454, 0.012165889143943787, -0.013405071571469307, 0.020169222727417946, -0.015828663483262062, 0.005261387676000595, 0.027837088331580162, -0.019101198762655258, 0.00048223682097159326, 0.00031129305716603994, -0.0015678046038374305, 0.02364714816212654, -0.03801070153713226, 0.009037126787006855, 0.014610021375119686, 0.01133748609572649, -0.00940682739019394, -0.03609373793005943, 0.010502236895263195, -0.008167645893990993, 0.0049567269161343575, 0.019197048619389534, 0.0018724652472883463, -0.004210479557514191, -0.0014086278388276696, -0.006952425930649042, 0.02079908363521099, 0.002769331680610776, 0.022579124197363853, 0.003960589412599802, 0.030671460554003716, 0.0034933288116008043, 0.006565609481185675, -0.02040199749171734, 0.011542875319719315, 0.022935131564736366, -0.004104361869394779, 0.0054222759790718555, 0.007702096365392208, 0.009831298142671585, -4.474169327295385e-05, -0.017800401896238327, -0.004470639396458864, 0.020936010405421257, 0.0020008336286991835, 0.0009131263359449804, 0.02894619107246399, 0.0012682785745710135, 0.017978405579924583, -0.009235669858753681, 0.022565431892871857, -0.020648464560508728, 0.040447987616062164, 0.039215654134750366, -0.04025629162788391, 0.00668541993945837, -0.013001139275729656, 0.013343454338610172, -0.0011536029633134604, 0.019142277538776398, 0.003536118194460869, 0.010618624277412891, 0.0001274055102840066, 0.035518646240234375, -0.038531020283699036, -0.021565871313214302, 0.004881417844444513, -0.0370522178709507, 0.0022010880056768656, -0.016787147149443626, -0.034505393356084824, 0.005240848753601313, 0.005497585516422987, 0.006223293952643871, 0.009393135085701942, -0.015089263208210468, 0.022770820185542107, 0.00997507106512785, -0.018060561269521713, 0.020662158727645874, 0.03354690968990326, 0.003277669893577695, 0.0072707789950072765, 0.001192113384604454, 0.008968663401901722, 0.01571912318468094, -0.0043234433978796005, 0.038941800594329834, -0.00538462121039629, -0.009495829232037067, 0.008578424341976643, -0.02023768611252308, 0.007352934684604406, 0.009030280634760857, -0.005069691222161055, 0.009687526151537895, 0.0058296313509345055, 0.016431139782071114, -0.037846390157938004, -0.007750020828098059, -0.022688664495944977, -0.02438654936850071, 0.009427365846931934, -0.017882557585835457, -0.01733485236763954, -0.009605370461940765, 0.012727286666631699, -0.015034492127597332, -0.00015874876407906413, 0.01603405363857746, -0.008249801583588123, -0.013007985427975655, -0.03658667206764221, -0.03538171947002411, -0.004641796927899122, 0.02325006201863289, 0.0342041552066803, -0.031684715300798416, 0.0021737029310315847, -0.015363114885985851, -0.02104555070400238, 0.001766347442753613, 0.015965590253472328, 0.003953742794692516, -0.014623713679611683, 0.015664352104067802, -0.0037825852632522583, -0.019922755658626556, -0.014130779542028904, -0.015335730277001858, -0.001988852396607399, -0.025742119178175926, -0.012261738069355488, -0.0020333535503596067, -0.013295530341565609, -0.01029684767127037, -0.02475625090301037, -0.010919861495494843, 0.0017124328296631575, 0.007243393920361996, 0.00824295450001955, -0.00014815838949289173, 0.028672337532043457, -0.0025006139185279608, 0.0038270861841738224, -0.009461597539484501, 0.00440559908747673, -0.020812775939702988, 0.006127445958554745, -0.007017465773969889, 0.02804247848689556, 0.0411052331328392, 0.013405071571469307, -0.02785078063607216, 0.011310100555419922, -0.007750020828098059, 0.014842796139419079, 0.03513525426387787, -0.013473534025251865, 0.013706308789551258, -0.00801702681928873, 0.011426487937569618, -0.027015531435608864, 0.004823224153369665, 0.0006512550753541291, 0.03658667206764221, -0.00041142033296637237, 0.004559641238301992, -0.01345299556851387, -0.015910819172859192, 0.024085311219096184, 0.007736328057944775, 0.001973448321223259, -0.018635651096701622, 0.018019482493400574, 0.010290000587701797, -0.01665022037923336, 0.0018382336711511016, 6.969327660044655e-05, -0.03412199765443802, 0.003590888576582074, 0.017170540988445282, -0.019813215360045433, 0.002158298622816801, -0.06424575299024582, -0.004155708942562342, 0.00022870948305353522, 0.025262877345085144, 0.017156848683953285, 0.010563853196799755, 0.0013795311097055674, 0.016677606850862503, 0.014390939846634865, 0.03943473473191261, -0.016266828402876854, -0.020169222727417946, 0.04050275683403015, 0.011768803931772709, 0.002724830526858568, 0.008530499413609505, 0.004600719083100557, 0.01321337465196848, 0.0045733340084552765, 0.0047307987697422504, 0.03740822896361351, -0.018471339717507362, 0.029493894428014755, -0.005607126280665398, 0.018252257257699966, 0.01660914346575737, -0.025988586246967316, 0.01087193749845028, -0.0026666370686143637, 0.008530499413609505, 0.013747386634349823, 0.007373473607003689, -0.0484444759786129, 0.0009336652583442628, 0.01539050042629242, 0.010365310125052929, 0.0018262526718899608, -0.010385849513113499, -0.011125250719487667, -0.03609373793005943, -0.014651099219918251, -0.002339725848287344, -0.020538924261927605, 0.007462475914508104, -0.0022010880056768656, 0.012734132818877697, 0.0050251903012394905, -0.0014343014918267727, -0.015239881351590157, 0.026878604665398598, 0.02535872533917427, -0.0042241718620061874, -0.0001459119375795126, 0.02649521268904209, -0.01255612913519144, -0.000784758070949465, -0.023989463225007057, -0.0015318614896386862, 0.02828894555568695, 0.017677167430520058, 0.009379441849887371, 0.009797066450119019, 0.020730620250105858, 0.013733694329857826, -0.01958044059574604, -0.0058296313509345055, 0.01296690758317709, 0.040776610374450684, 0.013144911266863346, 0.004357675090432167, -0.009660140611231327, -0.01426770631223917, 0.02193557098507881, -0.02401684783399105, -0.011679801158607006, 0.029740361496806145, 0.015609582886099815, 0.01644483208656311, -0.02015553042292595, 0.013610460795462132, 0.0008129990892484784, 0.0027778896037489176, -0.00883173756301403, 0.014336168766021729, -0.007222854997962713, -0.0032742468174546957, 0.010187306441366673, -0.004107784945517778, 0.01929289661347866, 0.009345210157334805, 0.0027299653738737106, 0.005723513662815094, -0.018868425861001015, -0.014555251225829124, 0.026440441608428955, 0.047321680933237076, 0.041461240500211716, -0.00997507106512785, 0.02486579120159149, -0.011611338704824448, 0.004248134326189756, -0.02181233838200569, -0.023072058334946632, -0.0031972259748727083, -0.019238125532865524, -0.025879044085741043, -0.017690859735012054, 0.004867725074291229, -0.016294213011860847, 0.009263054467737675, 0.008660580031573772, 0.009619062766432762, -0.025454573333263397, -0.016828225925564766, -0.018621958792209625, -0.002676906529814005, -0.02486579120159149, 0.005987096577882767, 0.035025712102651596, 0.025139642879366875, 0.012138504534959793, 0.016458524391055107, 0.008379881270229816, 0.0166912991553545, -0.03313612937927246, 0.013138065114617348, -0.0023534183856099844, 0.027796011418104172, 0.00709277531132102, -0.01864934340119362, 0.03078100085258484, 0.04132431745529175, 0.01718423329293728, 0.026371978223323822, -0.0011245061177760363, -0.006011058576405048, 0.03508048132061958, 0.003421442350372672, 0.0032999205868691206, -0.030315451323986053, -0.01087193749845028, -0.022360041737556458, 0.015212496742606163, 0.003529271809384227, 0.0034094613511115313, 0.0012819712283089757, -0.020292457193136215, -0.025659963488578796, -0.005911787040531635, 0.019429821521043777, 0.008256647735834122, 0.0051826550625264645, -0.023373296484351158, -0.022989902645349503, -0.016554372385144234, -0.007428244221955538, -0.03231457248330116, 0.028836648911237717, -0.003580619115382433, 0.010824013501405716, -0.041707709431648254, 0.010372157208621502, -0.001276836497709155, -0.009995609521865845, 0.004823224153369665, -0.002447555074468255, -0.01556850504130125, -0.0236060693860054, 0.0015524004120379686, 0.03749038279056549, 0.004343982320278883, 0.02019660919904709, 0.007825329899787903, 0.010591238737106323, -0.01530834473669529, -0.03790116310119629, -0.015527427196502686, -0.00462125800549984, -0.022620201110839844, -0.0013975026085972786, 0.00023962078557815403, -0.021990342065691948, 0.03387553244829178, -0.01697884313762188, 0.040612298995256424, -0.0009952820837497711, -0.007715789135545492, 0.033683836460113525, -0.0003532267000991851, 0.023469144478440285, 0.015856049954891205, 0.02341437339782715, -0.0015138898743316531, 0.003864740952849388, 0.005641357973217964, -0.00156951614189893, 0.029767747968435287, -0.019347665831446648, -0.027015531435608864, -0.01660914346575737, 0.006271218415349722, -0.005946018733084202, 0.022045111283659935, 0.011611338704824448, -0.002072719857096672, -0.0014505615690723062, 0.0036353894975036383, -0.0015618139877915382, 0.012063194997608662, 0.04792415723204613, 0.007222854997962713, -0.009817605838179588, 0.013555689714848995, -0.013856927864253521, -0.012165889143943787, 0.0032810932025313377, -0.023674532771110535, 0.010666548274457455, -0.00543254567310214, 0.0030226451344788074, 0.007900639437139034, -0.015623275190591812, -0.03587465360760689, 0.0213741734623909, 0.022168345749378204, -0.022442197427153587, 0.031328704208135605, -0.013932237401604652, -0.00733924238011241, -0.022442197427153587, 0.004409022629261017, 0.011152636259794235, -0.013439302332699299, 0.01135802548378706, 0.0008082922431640327, -0.004217325709760189, -0.033765990287065506, 0.0042241718620061874, -0.012850520201027393, 0.004203632939606905, -0.02581058070063591, -0.026043355464935303, 0.039544276893138885, 0.0183207206428051, 0.012439741753041744, -0.015787586569786072, 0.008865969255566597, 0.004778723232448101, -0.0038373556453734636, -0.02886403538286686, -0.023263754323124886, -0.01885473169386387, -0.013322915881872177, 0.02752215787768364, -0.0009559157770127058, 0.02657736837863922, -0.005750898737460375, 0.02292143926024437, -0.011515489779412746, 0.010337925516068935, 0.032588426023721695, 0.007503553759306669, 0.01311067957431078, -0.005542086437344551, 0.014637406915426254, 0.02067585103213787, 0.0019529093988239765, 0.036121122539043427, 0.007407705299556255, -0.0014146184548735619, 0.03913349658250809, -0.027042916044592857, 0.009126128628849983, -0.0016568065620958805, -0.04348774999380112, -0.018211180344223976, 0.020100761204957962, -0.027042916044592857, -0.014883873984217644, -0.031520403921604156, 0.008619502186775208, -0.0020162377040833235, -0.024728864431381226, 0.02409900538623333, -0.029849903658032417, 0.02104555070400238, -0.012309662066400051, -0.006058982573449612, -0.026207666844129562, 0.01556850504130125, -0.009393135085701942, -0.00744878314435482, -0.0014206089545041323, -0.018005790188908577, 0.008879661560058594, -0.007948563434183598, -0.004039321560412645, 0.014130779542028904, 0.0024492666125297546, -0.01320652849972248, 0.010878783650696278, 0.00024454155936837196, -0.02397577092051506, -0.003459097119048238, -0.01929289661347866, 0.007161238230764866, -0.02486579120159149, -0.023277446627616882, -0.031246550381183624, 0.017211617901921272, 0.005853593349456787, -0.0030739924404770136, 0.015910819172859192, 0.005429122131317854, -0.012658823281526566, -0.023140521720051765, -0.04534994438290596, 0.01782778650522232, 0.027576928958296776, 0.018635651096701622, 0.03927042335271835, -0.002861756831407547, -0.035272181034088135, -0.02096339501440525, 0.028152018785476685, -0.0031938026659190655, 0.02173018269240856, 0.01933397352695465, -0.01311067957431078, -0.006178793031722307, 0.013685769401490688, -0.010481697507202625, 0.0050251903012394905, -0.011830420233309269, 0.02178495191037655, -0.0006508271908387542, -0.024934254586696625, 0.002461247844621539, 0.016951458528637886, -0.02450978383421898, 0.0051655396819114685, -0.007989641278982162, 0.01774563081562519, -0.02288036234676838, 0.009201438166201115, -0.02894619107246399, -0.01013938244432211, -0.005819361656904221, 0.046746592968702316, 0.026755372062325478, -0.006130869034677744, -0.013959622010588646, 0.014308784157037735, 0.0166912991553545, 0.04384375736117363, 0.013254452496767044, 0.03340998291969299, -0.016431139782071114, 0.0027778896037489176, 0.027508465573191643, 0.000495929445605725, 0.0020093913190066814, -0.014883873984217644, -0.009886069223284721, 0.03524479269981384, -0.027330461889505386, -0.012145350687205791, 0.014842796139419079, -0.00040457400609739125, 0.004217325709760189, -0.025139642879366875, -0.026207666844129562, -0.018950581550598145, -0.010221538133919239, -0.009352057240903378, 0.027426309883594513, 0.0006375624216161668, -0.0040975152514874935, -0.015116647817194462, -0.004980688914656639, 0.00744878314435482, -0.016225749626755714, -0.03905134275555611, -0.011748264543712139, -0.03269796818494797, 0.0020128146279603243, -0.00799648743122816, -0.0008288311655633152, 0.01970367506146431, -0.010673394426703453, -0.004953303840011358, 0.021675411611795425, 0.017293773591518402, -0.02397577092051506, -0.012343893758952618, -0.005145000293850899, -0.009050819091498852, -0.017923634499311447, -0.0006465482292696834, -0.004929341841489077, -0.02963082119822502, 0.006356797181069851, -0.005381198134273291, -0.010351617820560932, -0.014610021375119686, 0.0075377849861979485, -0.010180460289120674, -0.006178793031722307, -0.020087067037820816, -0.017444392666220665, -0.00331703620031476, 0.021278325468301773, -0.005685858894139528, -0.02214096114039421, 0.0337933748960495, -0.015554811805486679, -0.0053914678283035755, -0.006630649324506521, -0.021990342065691948, -0.01921074092388153, -0.012672516517341137, 0.0050970762968063354, -0.00465206615626812, -0.020374612882733345, 0.010782935656607151, -0.010317386128008366, 0.002594750840216875, -0.004634950775653124, -0.02646782621741295, -0.030917927622795105, -0.007209162227809429, -0.02902834676206112, 0.02222311682999134, -0.016540680080652237, 0.0036867368035018444, 0.016636528074741364, 0.041625551879405975, 0.010022995062172413, -0.006052136421203613, -0.03453277796506882, 0.009276747703552246, -0.015595889650285244, -0.038284555077552795, -0.013185989111661911, -0.0024081887677311897, -0.023838844150304794, 0.05515385791659355, 0.015294652432203293, -0.002854910446330905, -0.02682383544743061, -0.004521986469626427, -0.03428630903363228, -0.014664791524410248, -0.007585709448903799, 0.006414990872144699, 0.012590360827744007, 0.010255769826471806, -0.024359164759516716, 0.05282611399888992, 0.01921074092388153, 0.005148423835635185, -0.002437285613268614, 0.02911050245165825, 0.0008318264153786004, 0.03310874477028847, 0.011289562098681927, 0.0031373207457363605, -0.023058366030454636, -0.014390939846634865, -0.010652855038642883, 0.0027710432186722755, 0.009701218456029892, 0.020662158727645874, -0.023428065702319145, 0.012042655609548092, -0.03020591102540493, -0.00861265603452921, 0.009577984921634197, 0.00045998633140698075, 0.03154778853058815, -0.02665952406823635, 0.005299042444676161, -0.007387166377156973, -0.0056173959746956825, -0.01599297486245632, 0.010426927357912064, -0.0070859286934137344, 0.0013461553025990725, 0.015965590253472328, -0.005429122131317854, -0.02036092057824135, -0.005343543365597725, -0.020018605515360832, 0.018841039389371872, 0.005716667044907808, 0.007893793284893036, 0.035765115171670914, 0.006791537627577782, 0.006658034399151802, -0.01937505230307579, -0.009694372303783894, -0.0010894187726080418, 0.00031557201873511076, 0.017403315752744675, -0.012206966988742352, -0.008338803425431252, -0.03428630903363228, 0.006041866727173328, -0.017321160063147545, 0.016102517023682594, 0.022455889731645584, 0.03472447395324707, -0.024359164759516716, -0.010481697507202625, 0.00338378781452775, -0.005312735214829445, 0.0014505615690723062, 0.004648643080145121, -0.007455629296600819, -0.011850959621369839, -0.015664352104067802, 0.009283593855798244, -0.0268649123609066, 0.008838583715260029, 0.006627226248383522, -0.017293773591518402, -0.025536729022860527, 0.016581758856773376, 0.016924073919653893, -0.012056348845362663, 0.022620201110839844, 0.21382389962673187, -0.016390061005949974, -0.009112436324357986, -0.010009302757680416, 0.009920299984514713, -0.00639102840796113, 0.005990519654005766, -0.00842780526727438, -0.01497972197830677, -0.016513295471668243, -0.019566748291254044, 0.00362854334525764, -0.022606508806347847, -0.004617834929376841, -0.01443201769143343, -0.009721757844090462, -0.0537298247218132, -0.012672516517341137, -0.03231457248330116, -0.010399541817605495, 0.05069006606936455, 0.029849903658032417, -0.008455190807580948, -0.016266828402876854, 0.028891419991850853, -0.03195856511592865, 0.013583075255155563, -0.005607126280665398, -0.013603613711893559, 0.015376808121800423, -0.017677167430520058, 0.004039321560412645, 0.01815640926361084, 0.0013530016876757145, -0.01615728624165058, -0.009755988605320454, -0.017156848683953285, 0.024893175810575485, 0.011597645469009876, 0.027138765901327133, 0.014568943530321121, -0.012419203296303749, 0.013713154941797256, -0.0029712975956499577, 0.0023568414617329836, -0.0009798778919503093, -0.006610110402107239, 0.014418324455618858, 0.01901904307305813, 0.003676467342302203, -0.035436492413282394, -0.014144472777843475, 0.02601597085595131, 0.005798822734504938, -0.015322037041187286, -0.00017404598474968225, 0.018977966159582138, 0.008557884953916073, -0.003529271809384227, 0.02511225827038288, 0.0014420036459341645, 0.01904642954468727, 0.00801702681928873, 0.03453277796506882, -0.021853415295481682, 0.018087945878505707, -0.01345299556851387, -0.029822517186403275, 0.045733336359262466, -0.0024235930759459734, 0.004706836771219969, -0.020771699026226997, -0.005579741206020117, -0.013466687873005867, -2.1501686205738224e-05, -0.0015001972205936909, -0.0016619412926957011, 0.017197925597429276, 0.02646782621741295, 0.027919244021177292, -0.03483401611447334, -0.00979022029787302, -0.029822517186403275, 0.010385849513113499, -0.02927481383085251, -0.004111208021640778, 0.018745191395282745, -0.010673394426703453, -0.019936449825763702, -0.004754760768264532, -0.006812076549977064, 0.025947507470846176, -0.014377246610820293, 0.013233913108706474, -0.01571912318468094, 0.018539803102612495, -0.0068736933171749115, 0.016129901632666588, -0.0074967071413993835, 0.01619836501777172, -0.010611777193844318, 0.054085832089185715, 0.03236934542655945, 0.014692177064716816, 0.0022541468497365713, 0.01665022037923336, 0.0016294213710352778, -0.0060247513465583324, -0.004025629255920649, -0.013480380177497864, 0.021072937175631523, -0.04080399498343468, -0.008318264037370682, -0.006113753188401461, -0.008482575416564941, 0.011618184857070446, 0.008023872971534729, -0.003847625106573105, 0.020415689796209335, -0.01481541059911251, 0.001518168835900724, -0.01595189794898033, 0.014938644133508205, 0.01467848476022482, 0.0008365332614630461, 0.009269901551306248, -0.005398313980549574, 0.012768364511430264, 0.0017372507136315107, -0.02665952406823635, 0.026769064366817474, -0.025701040402054787, -0.021360481157898903, 0.004172824788838625, 0.003857894567772746, 0.011022555641829967, 0.011645570397377014, -0.04014674946665764, -0.0009139821049757302, 0.013021677732467651, 0.015773894265294075, 0.0006966118235141039, 0.01901904307305813, 0.00616852380335331, 0.011303254403173923, 0.002235319698229432, 0.04159816727042198, -0.000722285476513207, -0.006644342094659805, -0.025386109948158264, -0.014240320771932602, 0.009981917217373848, 0.005904940888285637, -0.026522597298026085, -0.0037278146483004093, -0.037517767399549484, -0.003029491286724806, -0.058111462742090225, -0.004142016172409058, -0.0013170585734769702, -0.016841918230056763, 0.006233563646674156, 0.017567627131938934, 0.013055909425020218, -0.00387158733792603, -0.016882995143532753, -0.17318421602249146, 0.034258924424648285, 0.024605631828308105, -0.019238125532865524, 0.011672955006361008, 0.009516368620097637, 0.014842796139419079, -0.009660140611231327, -0.020306149497628212, -0.011672955006361008, -0.0033974803518503904, -0.04310435429215431, -0.03639497235417366, -0.018841039389371872, -0.027042916044592857, 0.0015310056041926146, -0.006777844857424498, 0.020087067037820816, 0.02263389527797699, 0.046061959117650986, 0.010502236895263195, -0.008605808950960636, 0.02638567052781582, -0.008838583715260029, -0.018416568636894226, 0.005230579525232315, 0.0011869786540046334, 0.02036092057824135, -0.013569382950663567, 0.006223293952643871, 0.011015709489583969, -0.0102763082832098, 0.021524792537093163, -0.0037278146483004093, 0.01158395316451788, 0.00948213692754507, 0.010372157208621502, -0.02812463417649269, -0.0029148156754672527, 0.006801806855946779, 0.027453694492578506, 0.022004034370183945, -0.015595889650285244, 0.0230035949498415, -0.008783813565969467, 0.02051153965294361, 0.01514403335750103, 0.04168032482266426, 0.017841478809714317, -0.021141398698091507, 0.02397577092051506, -0.03776423633098602, -0.006972964853048325, 0.016924073919653893, -0.004634950775653124, 0.016554372385144234, 0.014363554306328297, -0.025509344413876534, -0.006668304093182087, -0.01758131943643093, -0.01933397352695465, -0.02809724770486355, -0.01689668744802475, 0.0023448604624718428, -0.01782778650522232, 0.010913015343248844, -0.020333534106612206, 0.011097865179181099, -0.007845869287848473, 0.010995171032845974, -0.010646008886396885, 0.005299042444676161, 0.010693932883441448, 0.013007985427975655, 0.011830420233309269, 0.007476168219000101, 0.005388044286519289, -0.0056345113553106785, 0.0052374256774783134, 0.04806108400225639, -0.018060561269521713, 0.01652698777616024, -0.007414551451802254, 0.02507117949426174, -0.006134292110800743, -0.0019101198995485902, -0.0018194064032286406, -0.004713682923465967, -0.02450978383421898, 0.0238114595413208, 0.00907820463180542, -0.02845325693488121, 0.005326427519321442, 0.004908802919089794, 0.010337925516068935, 0.010584392584860325, 0.0058433241210877895, -0.00807864312082529, 0.013473534025251865, 0.002170279622077942, 0.011515489779412746, -0.0181153304874897, 0.00448775477707386, 0.002444131998345256, 0.049813736230134964, 0.004138593096286058, -0.009995609521865845, -0.008085490204393864, 0.04452838748693466, -0.008681118488311768, -0.01497972197830677, -0.02585165947675705, -0.010290000587701797, 0.01815640926361084, 0.026248745620250702, -0.0150618776679039, 0.020785391330718994, -0.0030859734397381544, 0.01815640926361084, 0.006836038548499346, 0.050087589770555496, -0.01706099882721901, 0.022538045421242714, 0.0021754144690930843, -0.0024355740752071142, -0.02622135914862156, -0.08850906789302826, -0.02581058070063591, -0.001680768677033484, 0.0001723344175843522, -0.028398485854268074, 0.00018570609972812235, -0.01563696749508381, 0.019553055986762047, -0.011577107012271881, 0.027070302516222, -0.0455964133143425, 0.012323354370892048, -0.008462036959826946, -0.002266128081828356, -0.00785956159234047, 0.009639602154493332, -0.007209162227809429, -0.010290000587701797, 0.0025964623782783747, 0.028590181842446327, -0.01978583075106144, -0.03395768627524376, 0.013425610028207302, -0.02251066081225872, 0.0032982088159769773, 0.02279820665717125, -0.013322915881872177, 0.031246550381183624, 0.02748108096420765, 0.01068708673119545, -0.001899850438348949, -0.036121122539043427, 0.03130131959915161, -0.013103833422064781, -0.02589273639023304, -0.0067333439365029335, -0.008208723738789558, 0.004354252014309168, 0.005299042444676161, -0.03365645185112953, -0.0007090207654982805, -0.01823856495320797, -0.004532256163656712, -0.025550421327352524, -0.022291578352451324, -0.006052136421203613, -0.0035703496541827917, 0.041625551879405975, 0.009817605838179588, -0.02963082119822502, -0.03105485439300537, -0.01848503202199936, -0.016266828402876854, -0.01632159762084484, 0.03683313727378845, 0.018676728010177612, -0.005987096577882767, -0.007839023135602474, -0.006329411640763283, 0.004169401712715626, -0.018430260941386223, -0.009050819091498852, -0.0065621864050626755, 0.01426770631223917, 0.030479762703180313, 0.01840287633240223, 0.013227066956460476, 0.002373957308009267, 0.0031424553599208593, -0.010680240578949451, -0.027576928958296776, 0.002613578224554658, -0.01327499095350504, 0.014363554306328297, -0.019553055986762047, -0.02170279622077942, -0.02162064053118229, -0.009557446464896202, 0.019306588917970657, -0.02459193952381611, 0.005720090586692095, -0.00413174694404006, -0.0011912576155737042, -0.013809003867208958, 0.03822978585958481, -0.01086509134620428, 0.0073118568398058414, 0.012179582379758358, -0.004840339999645948, -0.03483401611447334, -0.01665022037923336, 0.01782778650522232, 0.03639497235417366, -0.011796188540756702, -0.007407705299556255, 0.010824013501405716, -0.00970806460827589, -0.014322476461529732, -0.028234174475073814, 0.0033666719682514668, -0.010098304599523544, -0.023304833099246025, -0.03650451451539993, 0.015623275190591812, -0.017280081287026405, 0.008927585557103157, -0.027426309883594513, 0.007147545460611582, -0.012727286666631699, -0.003195514203980565, -0.0004032903234474361, 0.010796627961099148, -0.010817166417837143, 0.0407218411564827, 0.004908802919089794, -0.011775650084018707, -0.008742735721170902, -0.009961377829313278, 0.007756866980344057, 0.004528832621872425, -0.0158834345638752, 0.01443201769143343, -0.019429821521043777, -0.017964713275432587, -0.0029216620605438948, 0.017896249890327454, -0.006651188246905804, -0.010255769826471806, 0.0066477651707828045, -0.021675411611795425, 0.0013855216093361378, -0.00619933195412159, 0.026440441608428955, -0.029932059347629547, -0.006404721178114414, 0.018170101568102837, 0.015541119500994682, -0.008434651419520378, 0.0017244138289242983, 0.038941800594329834, 0.025865351781249046, 0.011529183015227318, -0.013630999252200127, -0.04200894758105278, 0.004419291857630014, -0.01925181783735752, -0.00981075968593359, -0.0017612127121537924, -0.021511100232601166, 0.009317825548350811, 0.0016722107538953424, 0.02589273639023304, 0.048910025507211685, 0.006370489485561848, 0.006373913027346134, -0.002100104931741953, -0.012179582379758358, -0.039790742099285126, 0.014390939846634865, 0.007394012529402971, -0.017731938511133194, 0.013165450654923916, 0.047814615070819855, 0.013363993726670742, -0.008153952658176422, -0.026645831763744354, -0.015157725661993027, -0.009523214772343636, -0.01741700805723667, 0.020059682428836823, 0.042118486016988754, -0.029165271669626236, -0.01982690766453743, 0.01160449255257845, 0.01376107893884182, 0.0023243215400725603, 0.015979282557964325, -0.014363554306328297, -0.023099442943930626, -0.0018245411338284612, -0.005675589200109243, 0.009817605838179588, 0.021634332835674286, -0.025290261954069138, -0.023907307535409927, 0.011953653767704964, -0.0005151846562512219, 0.010926707647740841, 0.002040199702605605, -0.006572455633431673, 2.428299922030419e-05, 0.00028005678905174136, -0.02116878516972065, 0.030397607013583183, -0.011180020868778229, 0.02234634943306446, -0.0036011580377817154, -0.00304318405687809, -0.029685592278838158, -0.027576928958296776, 0.008503114804625511, 0.0017227022908627987, 0.018005790188908577, 0.005203193984925747, 0.005730359815061092, -0.0018758884398266673, -0.021072937175631523, 0.005257964599877596, -0.03398507460951805, -0.03631281852722168, 0.00408039940521121, 0.00660668732598424, -0.03239673003554344, -0.028754493221640587, -0.01734854467213154, 0.008064950816333294, 0.011974193155765533, -0.00502861337736249, -0.02226419374346733, -0.03798331692814827, -0.029247427359223366, 0.015034492127597332, -0.0014942067209631205, -0.0054085832089185715, 0.026084434241056442, -0.008722196333110332, 0.028836648911237717, 0.002498902380466461, -0.01790994219481945, -0.027494773268699646, 0.04376159980893135, -0.02760431356728077, 0.009194592013955116, -0.00010023423237726092, 0.01451417338103056, -0.022045111283659935, -0.009577984921634197, 0.009940839372575283, -0.02194926328957081, 0.008804352022707462, -0.019895371049642563, 0.07602140307426453, 0.008694811724126339, 0.007654172368347645, 0.0006264371913857758, -0.015048185363411903, 0.02275712788105011, 0.022661279886960983, -0.021771259605884552, -0.019224433228373528, 0.00013917261094320565, 0.02796032279729843, -0.0026375402230769396, 0.0019905641674995422, -0.0011381987715139985, -0.022332657128572464, -0.0012006713077425957, -0.005675589200109243, -0.0018313874024897814, 0.009660140611231327, 0.006589571479707956, 0.01070762611925602, 0.004888263996690512, 0.01359676755964756, 0.007599401753395796, -0.018663035705685616, 0.0013786753406748176, 0.015280959196388721, 0.018580880016088486, -0.008537346497178078, -0.027125071734189987, -0.0005194636178202927, -0.013391378335654736, -0.03524479269981384, -0.02450978383421898, 0.01603405363857746, -0.011837266385555267, -0.018977966159582138, 0.014226628467440605, -4.431379784364253e-05, 0.012768364511430264, 0.00116301653906703, 0.035682957619428635, -0.004785569384694099, 0.0008716206066310406, 0.0018348105950281024, 0.014117087237536907, 0.010659702122211456, -0.019895371049642563, -0.035354334861040115]","[-0.00035163972643204033, 0.01704961247742176, 0.01203863974660635, -0.008094122633337975, -0.01610621064901352, 0.0387478768825531, -0.013986971229314804, -0.001204889384098351, -0.05324073135852814, -0.03174755349755287, 0.024090951308608055, 0.0007477150647900999, 0.012435141950845718, -0.0017654621042311192, 0.014027989469468594, -0.015600327402353287, 0.013822901993989944, -0.02053610049188137, 0.006641418673098087, -0.024063607677817345, -0.006590147037059069, 0.03136472404003143, 0.0009698932408355176, -0.0033514725510030985, -0.008846109732985497, 0.00462130643427372, 0.026169173419475555, -0.021083001047372818, -0.005198969505727291, 0.01095851231366396, 0.009351992979645729, 0.01493037398904562, 0.0013125604018568993, -0.01920986734330654, -0.008852946572005749, 0.005691180005669594, -0.00696614058688283, -0.02097362093627453, 0.002758427755907178, -0.0137682119384408, -0.0010297104017809033, -0.031063929200172424, -0.013057241216301918, -0.015285859815776348, -0.014397147111594677, 0.037490006536245346, 0.005486092064529657, 0.012626557610929012, 0.006388477515429258, -0.0036061229184269905, -0.017582839354872704, 0.01691288687288761, -0.013446907512843609, 0.001695390441454947, -0.00813513994216919, 0.02018061652779579, 0.012421470135450363, 0.033060114830732346, -0.005458747036755085, 0.0005080190021544695, 0.029122432693839073, 0.009830530732870102, -0.012298417277634144, -0.013029896654188633, -0.004330765455961227, 0.007178064435720444, -0.02640160545706749, -0.015354221686720848, -0.011560101993381977, -0.007287444546818733, 0.00432392954826355, 0.030817823484539986, -0.004597379360347986, 0.012920516543090343, 0.0214521586894989, 0.00040654337499290705, -0.012817972339689732, 0.024145642295479774, -0.008702549152076244, 0.022245163097977638, 0.016530057415366173, -0.03453674539923668, -0.02432338520884514, 0.006648255046457052, 0.01195660512894392, 0.004901592619717121, 0.03948619216680527, 0.028438808396458626, 0.0033805265557020903, -0.028630223125219345, -0.026305897161364555, 0.00743100605905056, 0.021165035665035248, 0.0014791940338909626, -0.009331484325230122, 0.023954227566719055, -0.014451837167143822, 0.0052263145335018635, -0.004853738937526941, 0.008709385059773922, -0.02080955170094967, 0.027139920741319656, -0.01853991486132145, -0.021848661825060844, -0.01311876717954874, 0.01677616313099861, 0.0008545314776711166, -0.033388253301382065, 0.007519877050071955, -0.03407188132405281, -0.029204469174146652, 0.010062962770462036, 0.008292373269796371, -0.027932925149798393, 0.0033224185463041067, -0.00975533202290535, -0.03234914317727089, -0.0022696356754750013, -0.0323764905333519, -0.00964595191180706, 0.006802070885896683, 0.015162806957960129, 0.03363436087965965, -0.042630866169929504, 0.02091893181204796, 0.005475837737321854, -0.011327669955790043, -0.017309390008449554, -0.04142768681049347, -0.03450940176844597, 0.03702514246106148, 0.040142472833395004, 0.0029908602591603994, 0.03229445591568947, -0.007171228528022766, 0.024487454444169998, 0.005680925212800503, 0.028848983347415924, -0.038118939846754074, -0.026948506012558937, 0.002775518223643303, 0.03259525075554848, 0.008975998498499393, -0.006101354956626892, 0.008859782479703426, 0.028438808396458626, -0.0011382359080016613, 0.007765982300043106, 0.021096672862768173, 0.006350878160446882, -0.005328858271241188, 0.010787605307996273, -0.0038864093367010355, -0.02615549974143505, 0.010069799609482288, -0.01937393844127655, -0.012701756320893764, 0.0012621430214494467, -0.0005221187602728605, -0.02216312848031521, 0.017979342490434647, 0.01094483956694603, 0.025676961988210678, -0.010274887084960938, 0.03918539732694626, 0.02734500728547573, 0.016543729230761528, -0.013139276765286922, -0.015149134211242199, -0.026606692001223564, 0.006501275580376387, 0.01953800767660141, -0.026469968259334564, 0.004190622363239527, 0.0010929458076134324, -0.004296584520488977, 0.015449929982423782, 0.0017389715649187565, 0.0010032199788838625, -0.006408986169844866, -0.024227676913142204, 0.01621558889746666, -0.00601248349994421, 0.03806425258517265, -0.03382577374577522, 0.005171624477952719, -0.01829381100833416, -0.027303989976644516, 0.0012698337668552995, -0.009092215448617935, -0.007348970975726843, 0.009406683035194874, -0.0009622024954296649, 0.009399846196174622, -0.6173409223556519, -0.006983231287449598, -1.7371023204759695e-05, -0.015162806957960129, 0.00872989371418953, 0.033142149448394775, 0.014779976569116116, 0.016502711921930313, -0.029067743569612503, 0.04027919843792915, -0.027413370087742805, 0.004816139582544565, -0.008340227417647839, 0.001958586275577545, -0.013508434407413006, -0.018745003268122673, -0.0131461126729846, -0.020959949120879173, 0.02105565555393696, 0.014875683933496475, -0.01804770529270172, 0.0321030393242836, -0.007075520697981119, 0.019004780799150467, -0.0001447362737962976, 0.007499368395656347, -0.01915517821907997, -0.017446115612983704, -0.006962722633033991, 0.022368216887116432, -0.04883818328380585, 0.04175582900643349, -0.006344041787087917, 0.0011134545784443617, 0.056276027113199234, -0.013481088913977146, 0.006942213978618383, 0.011710499413311481, -0.007519877050071955, 0.020987292751669884, -0.007307953201234341, -0.011245634406805038, -6.734776252415031e-05, -0.01610621064901352, -0.010233868844807148, -0.018662968650460243, 0.0231065321713686, -0.021124018356204033, 0.013166621327400208, -0.01685819774866104, 0.01721368171274662, 0.014219404198229313, -0.009160577319562435, -0.011409704573452473, 0.0015270478324964643, -0.014397147111594677, 0.028575534000992775, -0.02991543896496296, 0.010842295363545418, 0.0037223391700536013, 0.0005755269667133689, -0.005872340407222509, -0.024747231975197792, 0.022764720022678375, -0.02153419330716133, 0.03136472404003143, 0.027932925149798393, 0.00901017989963293, -0.012612884864211082, -0.007690783590078354, -0.015928467735648155, 0.013672503642737865, 0.01333752740174532, 0.007027667015790939, 0.0015244842506945133, 0.017582839354872704, -0.001086964039131999, 0.006169717293232679, -0.0028472989797592163, 0.004976791329681873, 0.021151363849639893, -0.0025960667990148067, -0.01052782777696848, 0.00971431378275156, 0.017555495724081993, -0.0065935649909079075, -0.01305040530860424, -0.004125677980482578, 0.025717979297041893, 0.0033753993920981884, -0.02175295352935791, 0.025923067703843117, -0.0017808435950428247, 0.014137369580566883, -0.0027191191911697388, 0.02446010895073414, -0.02731766365468502, 0.008306046016514301, 0.009967255406081676, -0.05121719837188721, 0.0005738179315812886, -0.011484903283417225, 0.01635231450200081, -0.002079929690808058, 0.015203824266791344, 0.0037804474122822285, 0.003387362929061055, -0.005185297224670649, 0.03221242129802704, -0.024815594777464867, -0.014151041395962238, -0.0016637728549540043, -0.026975849643349648, 0.0035616871900856495, -0.023612413555383682, -0.03232179954648018, 0.015983156859874725, 0.013761375099420547, 0.0004802467010449618, 0.003845391795039177, -0.01864929497241974, 0.027850890532135963, 0.02194436825811863, -0.01832115463912487, 0.0236671045422554, 0.03398984670639038, 0.005698015913367271, 0.008764075115323067, 0.0043581104837358, 0.007492532022297382, 0.010076635517179966, -0.020905258134007454, 0.025307804346084595, -0.0004661469429265708, -0.013734030537307262, -0.011724172160029411, -0.03355232626199722, 0.015846431255340576, 0.01214801985770464, 0.00030122234602458775, 0.003423253307119012, -0.0023585068993270397, 0.00328652816824615, -0.02302449755370617, -0.005171624477952719, -0.015449929982423782, -0.006832833867520094, -0.012154855765402317, -0.013433234766125679, -0.010644044727087021, -0.01864929497241974, 0.015026082284748554, -0.011129418388009071, 0.002925915876403451, 0.013699849136173725, -0.007314789574593306, -0.007328462321311235, -0.03645089641213417, -0.03234914317727089, -0.003421544097363949, 0.024118296802043915, 0.02523944154381752, -0.01735040731728077, -0.0012433433439582586, -0.01853991486132145, -0.04730686545372009, 0.008347063325345516, 0.026798108592629433, -0.014205731451511383, -0.005595472175627947, -0.0011852352181449533, -0.00841542612761259, -0.021342778578400612, -0.011122581548988819, -0.000938275596126914, -0.006976395379751921, -0.02413197048008442, -0.002650756621733308, 0.004887920338660479, -0.006867015268653631, -0.010746587999165058, -0.021342778578400612, -0.01132083311676979, 0.008299210108816624, 0.020358357578516006, 0.02056344598531723, -0.003510415321215987, 0.026688728481531143, -0.023284275084733963, 0.01856726035475731, -0.02194436825811863, 0.007013994734734297, -0.02299715206027031, -0.008292373269796371, 0.005646744277328253, 0.03675169125199318, 0.03401719033718109, 0.0077933273278176785, -0.016201917082071304, -0.0023328710813075304, -0.010411611758172512, 0.019852476194500923, 0.02966933324933052, -0.030380303040146828, -0.0027840635739266872, -0.007738637272268534, 0.018034033477306366, -0.025171080604195595, 7.316925621125847e-05, -0.006443167570978403, 0.026552002876996994, -0.008312882855534554, 0.009058034047484398, -0.008367572911083698, -0.004129096399992704, 0.037736110389232635, 0.014410818926990032, -0.005328858271241188, -0.023954227566719055, 0.013282837346196175, 0.02510271780192852, -0.0072327544912695885, 0.007225918583571911, 0.00677472585812211, -0.029341192916035652, 0.01807505078613758, 0.019018452614545822, -0.02780987322330475, -0.002621702617034316, -0.06612022966146469, -0.0034420529846102, 0.0025089045520871878, 0.007246427237987518, 0.020905258134007454, 0.009912565350532532, 0.008094122633337975, 0.015449929982423782, 0.005298095289617777, 0.018950089812278748, -0.024678869172930717, -0.028302082791924477, 0.03888460248708725, 0.007649765815585852, -0.009509226307272911, -0.0015014118980616331, 0.011580610647797585, 0.019551681354641914, 0.009461373090744019, 0.004518762696534395, 0.024610506370663643, -0.024309711530804634, 0.02596408501267433, -0.0011390905128791928, 0.007403661031275988, 0.028438808396458626, -0.02772783860564232, 0.023366309702396393, 0.0036539766006171703, 0.00526391388848424, 0.009980928152799606, 0.01021336019039154, -0.042412105947732925, 0.011573774740099907, 0.0017389715649187565, 0.0069353776052594185, 0.004593961406499147, -0.0007019976037554443, -0.02250494249165058, -0.02966933324933052, -0.006706363055855036, 0.007567731197923422, -0.02939588390290737, -0.001876551192253828, -0.008476952090859413, 0.018061377108097076, 0.0011425085831433535, 0.010582517832517624, -0.0062517523765563965, 0.03718921169638634, 0.011382360011339188, 0.0004712741356343031, 0.009980928152799606, 0.02958729863166809, -0.001968840602785349, 0.007704455871134996, -0.02942322939634323, 0.009775840677320957, 0.021629901602864265, 0.017514478415250778, 0.0040778242982923985, 0.009440864436328411, 0.020030219107866287, 0.0024576326832175255, -0.015463601797819138, -0.017309390008449554, 0.016516385599970818, 0.032814010977745056, 0.01212067436426878, 0.003132712561637163, -0.012011295184493065, -0.013542614877223969, 0.02026265114545822, -0.03702514246106148, -0.0240772794932127, 0.02202640473842621, -0.0031959477346390486, -0.0010553464526310563, -0.02255963161587715, 0.014533871784806252, -0.014274094253778458, 0.0004276930121704936, -0.007868526503443718, 0.0044196369126439095, -0.013843410648405552, -0.005950957536697388, 0.02197171375155449, -0.00047725584590807557, 0.026579348370432854, 0.016803506761789322, 0.007376316003501415, 0.017692219465970993, -0.02764580398797989, -0.012414633296430111, 0.015696033835411072, 0.02969667874276638, 0.028657568618655205, -0.008736729621887207, 0.005937284789979458, -0.019469644874334335, 0.017555495724081993, -0.02380383014678955, -0.022327199578285217, 0.0029771877452731133, -0.011122581548988819, -0.014533871784806252, -0.0005357912741601467, 0.0026387933176010847, -0.001636427827179432, 0.006299606058746576, -0.0005708270473405719, 0.0059543754905462265, -0.03133738040924072, -0.030325613915920258, -0.009064869955182076, 0.008846109732985497, -0.029067743569612503, 0.008210338652133942, 0.03141941502690315, 0.013474253006279469, 0.02137012407183647, 0.02261432074010372, 0.00972798652946949, 0.008100958541035652, -0.03882991150021553, -0.0042453124187886715, -0.010192851535975933, 0.011300324462354183, 0.014082679525017738, 0.0038864093367010355, 0.03207569569349289, 0.03243117779493332, 0.009413518942892551, 0.015791742131114006, -0.004976791329681873, -0.005920194089412689, 0.02529413253068924, 0.012059148401021957, -0.01506709959357977, -0.022135784849524498, -0.009174250066280365, -0.01721368171274662, 0.006258588749915361, 0.004460654221475124, 0.010869640856981277, 0.001124563510529697, -0.014588561840355396, -0.026989523321390152, 0.005797141697257757, 0.0326499380171299, -0.00026533202617429197, 0.001919277710840106, -0.014793649315834045, -0.019032126292586327, -0.022518614307045937, 0.009201595559716225, -0.03223976492881775, 0.006846506614238024, 0.0024422509595751762, 0.012626557610929012, -0.0439981184899807, -0.0032540559768676758, -0.008757239207625389, -0.02610081061720848, 0.012086493894457817, -0.0038795729633420706, -0.001671463600359857, -0.029122432693839073, 0.006443167570978403, 0.04189255088567734, 0.00805310532450676, 0.0172957181930542, 0.007800163701176643, 0.017282044515013695, 0.004088078625500202, -0.04563881829380989, -0.022135784849524498, -0.00369157618843019, -0.023639759048819542, 0.005390384700149298, -0.003517251694574952, -0.031091274693608284, 0.030380303040146828, -0.021124018356204033, 0.03981433063745499, 0.0010057835606858134, -0.010179178789258003, 0.033360909670591354, -0.0005533091607503593, 0.025649618357419968, 0.0231065321713686, 0.009857875294983387, 0.0010878186440095305, 0.011519084684550762, -0.0016595001798123121, 0.006545711308717728, 0.05097109451889992, -0.016639437526464462, -0.012469323351979256, -0.024719886481761932, 0.004156441427767277, -0.009140068665146828, 0.01025437843054533, 0.0055339462123811245, -0.0017671711975708604, 0.013330691494047642, 0.0025670125614851713, 0.007013994734734297, 0.015449929982423782, 0.03196631371974945, 0.006545711308717728, -0.0006156899617053568, 0.019907165318727493, -0.013857082463800907, -0.021493175998330116, -0.009399846196174622, -0.009181086905300617, 0.016229262575507164, 0.011313997209072113, -0.01837584562599659, 0.009686969220638275, -0.016584746539592743, -0.035028956830501556, 0.01799301616847515, 0.023571396246552467, -0.04131830856204033, 0.023420998826622963, -0.02147950418293476, -0.008155648596584797, -0.022737374529242516, 0.01274277362972498, 0.016489040106534958, -0.01704961247742176, 0.012776955030858517, 0.0022969807032495737, -0.011655809357762337, -0.03850177302956581, 0.00637138681486249, -0.01483466662466526, 0.0042008766904473305, -0.02377648465335369, -0.023256929591298103, 0.035028956830501556, 0.020440394058823586, 0.012243727222084999, -0.006665345747023821, 0.01497139222919941, 0.006720035802572966, -0.005581799894571304, -0.027112575247883797, -0.028766948729753494, -0.007868526503443718, -0.005940703209489584, 0.02139746956527233, -0.007882198318839073, 0.025800015777349472, -0.0031737301032990217, 0.019743096083402634, -0.006607237737625837, 0.01145755872130394, 0.02210843935608864, 0.008258192799985409, 0.02415931411087513, -0.022313525900244713, 0.021684590727090836, 0.02523944154381752, 0.006367968861013651, 0.04055264592170715, -0.0010040744673460722, -0.003454016288742423, 0.053705595433712006, -0.022381888702511787, 0.001723590074107051, -0.006367968861013651, -0.04960384592413902, -0.011389195919036865, 0.021848661825060844, -0.01123879849910736, -0.011047382839024067, -0.02623753435909748, 0.001711626653559506, 0.007061848416924477, -0.014807322062551975, 0.019633715972304344, -0.027085229754447937, 0.024692542850971222, 0.0013262329157441854, -0.006942213978618383, -0.022354543209075928, 0.020495083183050156, -0.009994599968194962, -0.000575099722482264, -0.009365664795041084, -0.014164714142680168, -0.015873776748776436, -0.02164357341825962, -0.0051408614963293076, 0.010924330912530422, 0.0017654621042311192, -0.01072607934474945, 0.003924008458852768, 0.005325440317392349, -0.011163599789142609, 0.0012245436664670706, -0.009748495183885098, 0.0032010748982429504, -0.02158888429403305, -0.024897629395127296, -0.027044212445616722, 0.031227998435497284, 0.009208431467413902, -0.002502068178728223, 0.011696827597916126, 0.008764075115323067, -0.01862195134162903, -0.018198102712631226, -0.04408015310764313, 0.018813366070389748, 0.0228330809623003, 0.016639437526464462, 0.02164357341825962, 0.003510415321215987, -0.030243579298257828, -0.01637965999543667, 0.01724102720618248, 0.0012288163416087627, 0.021766627207398415, 0.026716072112321854, -0.010172342881560326, -0.022204145789146423, 0.007041339762508869, -0.006911450996994972, -0.00033711266587488353, -0.015627672895789146, 0.010466301813721657, -0.010384267196059227, -0.020002873614430428, 0.003025041427463293, 0.012681247666478157, -0.030790479853749275, 0.0021534194238483906, -0.0017287172377109528, 0.017514478415250778, -0.0249113030731678, 0.008155648596584797, -0.02958729863166809, -0.01354945171624422, -0.009987764060497284, 0.048783496022224426, 0.024952320381999016, -0.0027293735183775425, -0.010274887084960938, 0.023530378937721252, 0.009905729442834854, 0.04126361757516861, 0.012900007888674736, 0.02556758187711239, -0.012906843796372414, -0.0056569986045360565, 0.029341192916035652, -0.006911450996994972, 0.005267332307994366, -0.007013994734734297, -0.0026883562095463276, 0.035521164536476135, -0.016475366428494453, -0.019100487232208252, 0.0002465323486831039, 0.015190151520073414, -0.006699527148157358, -0.007642929907888174, -0.0195106640458107, -0.014151041395962238, -0.009249448776245117, 0.0022952717263251543, 0.02718093805015087, 0.011806206777691841, 0.0011638719588518143, -0.009454536251723766, 0.00024439601111225784, -0.007348970975726843, -0.02964198775589466, -0.017473459243774414, -0.013139276765286922, -0.02056344598531723, -0.0028797711711376905, -0.002770391060039401, -0.0070686847902834415, 0.024583162739872932, -0.005574963521212339, -0.004658905789256096, 0.023379981517791748, 0.018362173810601234, -0.024036262184381485, 0.005947539117187262, -0.006737126503139734, -0.026661382988095284, -0.03013419918715954, -0.011184108443558216, 0.001624464406631887, -0.028493497520685196, 0.005520273465663195, -0.012790627777576447, -0.0254582017660141, -0.009167414158582687, 0.018252793699502945, -0.021260743960738182, -0.002093602204695344, -0.01325549278408289, -0.004771703854203224, -0.013330691494047642, 0.02418665960431099, -0.0015988284721970558, -0.008490624837577343, 0.02950526401400566, -0.017336735501885414, -0.016694126650691032, 0.000490501057356596, -0.015737053006887436, -0.014465508982539177, -0.028903674334287643, 0.015135462395846844, 0.005198969505727291, -0.017090629786252975, -0.01632496900856495, -0.013494761660695076, 0.017145320773124695, 0.012797463685274124, -0.023489361628890038, -0.020139599218964577, -0.01572337932884693, -0.02045406587421894, 0.026552002876996994, -0.00491868332028389, 0.00070242490619421, 0.02288777194917202, 0.04181051626801491, 0.01482099387794733, -0.009769003838300705, -0.033278875052928925, -0.0011262724874541163, -0.005352785345166922, -0.03284135460853577, -0.029368538409471512, -0.008353900164365768, -0.01256503164768219, 0.04629509896039963, 0.0010818368755280972, 0.002949842717498541, -0.0340445339679718, 0.004064152017235756, -0.023954227566719055, -0.013474253006279469, -0.018868055194616318, 0.0075745671056210995, 0.02078220620751381, 0.010233868844807148, -0.024610506370663643, 0.037599384784698486, 0.021247072145342827, 0.00030998128931969404, 0.001962004229426384, 0.03251321613788605, -0.002317489357665181, 0.02980605885386467, 0.019223541021347046, 0.0071985735557973385, -0.02950526401400566, -0.007998415268957615, -0.005031481385231018, 0.006203898694366217, 0.006576474290341139, 0.023229584097862244, -0.02175295352935791, 0.014069006778299809, -0.030681099742650986, -0.009420354850590229, 0.0028934436850249767, -0.002409778768196702, 0.04588492214679718, -0.020987292751669884, -0.0041222600266337395, -0.007171228528022766, 0.009871548041701317, -0.021315433084964752, 0.016598420217633247, 0.0037599385250359774, 0.010069799609482288, 0.013098258525133133, -0.0026541748084127903, -0.029122432693839073, -0.018225448206067085, -0.00687043322250247, 0.015696033835411072, -0.003161766566336155, 0.011375523172318935, 0.027003195136785507, -0.00288148014806211, -0.00860684085637331, -0.001794516108930111, -0.004354692529886961, 0.003578777890652418, 0.016256608068943024, 0.02618284523487091, 0.0029515516944229603, 0.006713199429214001, -0.027440715581178665, -0.0018218611367046833, -0.012182201258838177, 0.02042672038078308, 0.02255963161587715, 0.028821637853980064, -0.03207569569349289, 0.0016586456913501024, 0.016489040106534958, -0.008777747862040997, 0.01025437843054533, 0.004248730838298798, -0.015285859815776348, -0.00402655266225338, -0.010124489665031433, -0.007800163701176643, -0.028329428285360336, 0.004925519693642855, -0.003113912884145975, -0.0115532660856843, -0.02780987322330475, 0.0033190003596246243, 0.015203824266791344, 0.010220197029411793, 0.021629901602864265, 0.1973215788602829, -0.0055612907744944096, -0.007718128617852926, 0.0008861491805873811, 0.007020830642431974, -0.005814232397824526, -0.0001640700502321124, -0.002185891615226865, 0.0049733733758330345, -0.00814881268888712, -0.03456408903002739, 0.004956282675266266, -0.011177271604537964, -0.005274168215692043, -0.026825452223420143, -0.004600797779858112, -0.05890114605426788, -0.029040398076176643, -0.023708121851086617, -0.008169321343302727, 0.05228365585207939, 0.024924974888563156, -0.01482099387794733, -0.02094627544283867, 0.018717657774686813, -0.035903993993997574, 0.016844524070620537, -0.02039937674999237, -0.012257399968802929, -0.0018252793233841658, -0.019196195527911186, 0.014342457056045532, 0.017678547650575638, -0.009017016738653183, -0.015026082284748554, -0.010438957251608372, -0.0214521586894989, 0.01580541394650936, 0.0029840238858014345, 0.014397147111594677, 0.013364872895181179, -0.01807505078613758, 0.004173531662672758, -0.007328462321311235, 0.007485696114599705, 0.00491868332028389, -0.013528943061828613, 0.012448814697563648, 0.03010685369372368, 0.015313204377889633, -0.04763500392436981, 0.0051476978696882725, 0.025171080604195595, -0.0020030217710882425, -0.0037120848428457975, 0.0058655040338635445, 0.017623858526349068, 0.013467416167259216, -0.012879499234259129, 0.032896045595407486, 0.0008784583769738674, 0.009509226307272911, 0.01737775281071663, 0.01748713292181492, -0.020153271034359932, 0.018799692392349243, -0.020331013947725296, -0.026606692001223564, 0.06606554239988327, -0.004303420428186655, 0.011259307153522968, -0.03831035643815994, 0.008422262035310268, 0.0031156218610703945, 0.012236891314387321, 0.0034249622840434313, -0.01156693883240223, 0.012366780079901218, 0.017678547650575638, 0.03508364409208298, -0.018498897552490234, -0.009830530732870102, -0.005564709194004536, 0.016092536970973015, -0.03489223122596741, 0.013440071605145931, 0.02426869422197342, -0.01123879849910736, -0.0071985735557973385, -0.0029618062544614077, -0.010288558900356293, 0.023544052615761757, -0.01735040731728077, -0.003175439080223441, -0.007485696114599705, 0.019743096083402634, -0.019688405096530914, 0.012735937722027302, -0.0012664156965911388, -0.0002341416256967932, -0.016489040106534958, 0.047170139849185944, 0.021342778578400612, 0.008114631287753582, -0.002814826788380742, 0.01840319111943245, -0.005899685434997082, -0.0018064796458929777, -0.0018782602855935693, -0.012004458345472813, 0.018950089812278748, -0.039869021624326706, -0.015490947291254997, -0.004942610394209623, -0.0061662993393838406, 0.017145320773124695, 0.007588239852339029, -0.009522899053990841, 0.01713164709508419, -0.020303668454289436, 0.015026082284748554, -0.025444529950618744, 0.005773214623332024, 0.012817972339689732, -0.009420354850590229, 0.0077864909544587135, -0.003349763574078679, 0.011122581548988819, -0.0019244049908593297, -0.03844708204269409, 0.03193897008895874, -0.02991543896496296, -0.017746910452842712, 0.005602308548986912, 0.0054826741106808186, 0.0018064796458929777, 0.008873455226421356, -0.037927526980638504, -0.006699527148157358, 0.012189037166535854, 0.03229445591568947, 0.01495771948248148, 0.0059543754905462265, -0.004067569971084595, 0.009700641967356205, -0.00862051360309124, 0.030434994027018547, -0.008531642146408558, 0.004170113708823919, -0.024542145431041718, -0.0018594604916870594, 0.007642929907888174, 0.0073216259479522705, -0.019387610256671906, -0.005496346391737461, -0.03478284925222397, 0.003906918223947287, -0.06158095970749855, 0.003279691794887185, 7.27954029571265e-05, -0.021165035665035248, 0.0006558528984896839, 0.013809229247272015, 0.010233868844807148, 0.006798652466386557, -0.01862195134162903, -0.17260168492794037, 0.02634691447019577, 0.035630546510219574, -0.011293488554656506, 0.003479652339592576, 0.013317018747329712, 0.025307804346084595, -0.0008177866693586111, -0.005079335067421198, -0.0118335522711277, -0.007403661031275988, -0.03226710855960846, -0.01942862756550312, -0.02142481319606304, -0.035821959376335144, -0.004217967391014099, -0.00288148014806211, 0.01123879849910736, 0.016147227957844734, 0.042220693081617355, 0.020413048565387726, -0.010329577140510082, 0.020905258134007454, -0.000662689155433327, -0.0012211254797875881, -0.008757239207625389, 0.0032215837854892015, 0.0160515196621418, -0.006070591975003481, 0.0007442969363182783, -0.0044128005392849445, -0.013610977679491043, 0.009276794269680977, 0.008265028707683086, 0.015231169760227203, 0.023639759048819542, 0.009905729442834854, -0.021739281713962555, -0.001152763026766479, 0.0015689198626205325, 0.018963763490319252, 0.028985708951950073, -0.0034181259106844664, 0.022545959800481796, -0.008723057806491852, 0.024036262184381485, 0.0022439996246248484, 0.04883818328380585, 0.0147389592602849, -0.01732306182384491, 0.026784434914588928, -0.03133738040924072, 0.0020184034947305918, 0.01929190382361412, -0.0005695452564395964, 0.0036368861328810453, 0.01956535317003727, -0.02042672038078308, -0.010787605307996273, -0.018471552059054375, -0.026196517050266266, -0.019715750589966774, -0.005028063431382179, 0.011074728332459927, -0.015162806957960129, 0.020768534392118454, -0.0254582017660141, -0.006108191329985857, -0.023585069924592972, 0.011696827597916126, -0.020235305652022362, 0.014055334031581879, -0.003790701739490032, 0.010999529622495174, 0.014506526291370392, 0.013918609358370304, 0.008641022257506847, -0.013761375099420547, 0.010541500523686409, 0.04624040797352791, -0.02369445003569126, 0.016666783019900322, -0.012701756320893764, 0.028848983347415924, -0.006518366280943155, -0.010343248955905437, 0.005414311774075031, -0.01577807031571865, -0.03814628720283508, 0.009960419498383999, 0.01818443089723587, -0.008189829997718334, -0.0029720605816692114, 0.004300002474337816, -0.00039329813444055617, 0.016147227957844734, 0.00572877936065197, -0.006149208638817072, 0.016625765711069107, -0.011108909733593464, 0.02194436825811863, -0.0064705125987529755, 0.0020918932277709246, -0.0008575223619118333, 0.05291258916258812, 0.010855968110263348, -0.008319718763232231, -0.005759542342275381, 0.047006070613861084, -0.002054293639957905, -0.0116216279566288, -0.01845788024365902, -0.004911846946924925, 0.016598420217633247, 0.027878236025571823, -0.01707695797085762, 0.021028311923146248, -0.011813043616712093, 0.02418665960431099, 0.025854704901576042, 0.04730686545372009, -0.01264706626534462, 0.018786020576953888, -0.00019718313706107438, 0.016953904181718826, -0.014123696833848953, -0.09395744651556015, -0.03442736342549324, -0.0009570752736181021, 0.008565823547542095, -0.03669700026512146, 0.0010792732937261462, -0.00047298319987021387, 0.007184900809079409, -0.017514478415250778, 0.021000966429710388, -0.04118158295750618, -0.003230129135772586, 0.005298095289617777, -0.011799370869994164, -0.008654695004224777, 0.011901915073394775, -0.011286651715636253, -0.011361850425601006, 0.009488717652857304, 0.027960270643234253, -0.014328784309327602, -0.03256790339946747, 0.016680454835295677, -0.017446115612983704, 0.003483070293441415, 0.015299531631171703, -0.01261972077190876, 0.01986614800989628, 0.022094765678048134, 0.01788363605737686, -0.0137682119384408, -0.03152879327535629, 0.02199905924499035, -0.010719243437051773, -0.017801599577069283, 0.00803943257778883, -0.014301438815891743, 0.009058034047484398, 0.015955811366438866, -0.02942322939634323, -0.010008272714912891, -0.005991974845528603, 0.0035377603489905596, -0.01566869020462036, -0.01929190382361412, -0.022627994418144226, -0.0019312412478029728, 0.042630866169929504, 0.010555173270404339, -0.014041661284863949, -0.025253115221858025, -0.01083545945584774, -0.009269957430660725, -0.027303989976644516, 0.051627375185489655, 0.004522180650383234, -0.005130607169121504, 0.012776955030858517, -0.0007571149035356939, 0.016065191477537155, -0.009974091313779354, 0.0033019096590578556, -0.004969955421984196, 0.017596513032913208, 0.028356773778796196, 0.0196473877876997, 0.014465508982539177, -0.00040162980440072715, -0.0025054863654077053, -0.014055334031581879, -0.02543085813522339, 0.0014997028047218919, -0.020741188898682594, 0.009160577319562435, -0.01374086644500494, 0.009310975670814514, -0.014041661284863949, -0.01940128393471241, 0.016625765711069107, -0.03270462900400162, 0.007704455871134996, -0.009495554491877556, -0.012824809178709984, -0.003995789214968681, 0.035712581127882004, -0.017678547650575638, 0.009707477875053883, 0.01823912002146244, -0.020522428676486015, -0.03213038295507431, -0.023284275084733963, 0.004255566745996475, 0.026811780408024788, 0.00017528577882330865, -0.0038556461222469807, 0.0160515196621418, -0.00741733331233263, -0.009017016738653183, -0.02551289275288582, -0.021137692034244537, -0.012202709913253784, -0.024337057024240494, -0.040169816464185715, 0.009673296473920345, 0.004354692529886961, 0.016694126650691032, -0.014096351340413094, 0.01363148633390665, -0.015846431255340576, -0.007157555781304836, -0.0013535779435187578, 0.0013877591118216515, -0.018362173810601234, 0.026839125901460648, -0.00482297595590353, -0.03806425258517265, -0.01125247124582529, -0.005680925212800503, 0.01788363605737686, 0.004176950082182884, -0.010452629067003727, 0.00034928973764181137, -0.00790270697325468, -0.023844847455620766, 0.005547618493437767, 0.022354543209075928, 0.0006934523116797209, -0.016119882464408875, 0.012592376209795475, -0.010035618208348751, -0.0033822357654571533, 0.0019090233836323023, 0.03254055976867676, -0.0318295881152153, -0.009051197208464146, 0.004306838847696781, 0.02780987322330475, -0.002944715553894639, -0.0028609714936465025, 0.03379843011498451, 0.016475366428494453, 0.005510019138455391, -0.015258514322340488, -0.04044326767325401, 0.018116068094968796, -0.015901122242212296, -0.014547544531524181, 0.0037599385250359774, -0.024610506370663643, 0.02199905924499035, -0.001513375318609178, 0.023202238604426384, 0.04851004481315613, 0.011341341771185398, 0.017664875835180283, -0.013111931271851063, -0.023626087233424187, -0.04410749673843384, 0.009269957430660725, 0.00597830256447196, -0.014602234587073326, 0.01084913220256567, 0.05045153945684433, 0.010780769400298595, -0.005455329082906246, -0.016543729230761528, -0.01618824526667595, -0.01862195134162903, -0.013515270315110683, 0.009345156140625477, 0.03388046473264694, -0.03948619216680527, -0.01472528651356697, -0.0003819755802396685, 0.018334828317165375, 0.007007158361375332, 0.025389840826392174, -0.014287767000496387, -0.02039937674999237, 0.0010664552683010697, -0.01163530070334673, 0.01621558889746666, 0.019893493503332138, -0.020877914503216743, -0.023147549480199814, 0.017897307872772217, 0.004908428993076086, 0.013556287623941898, 0.0014245039783418179, -0.00462130643427372, 0.002775518223643303, 0.008969162590801716, -0.012291581369936466, 0.025622272863984108, -0.007048175670206547, 0.018758675083518028, -0.006566219963133335, 0.010555173270404339, -0.030517028644680977, -0.024569489061832428, 0.008189829997718334, 0.0011664355406537652, 0.01683085225522518, 0.003019914263859391, -0.0017458078218623996, -0.005034899804741144, -0.010910658165812492, 0.008333391509950161, -0.04099016636610031, -0.0384744256734848, -0.010097144171595573, 0.001982513116672635, -0.027044212445616722, -0.02296980656683445, -0.022983478382229805, 0.012489832006394863, 0.018963763490319252, 0.005024645011872053, -0.023325292393565178, -0.02510271780192852, -0.028165359050035477, 0.010582517832517624, 0.0037804474122822285, -0.012216382659971714, 0.028384117409586906, -0.001633864245377481, 0.02942322939634323, 0.0038795729633420706, -0.01918252371251583, -0.03666965663433075, 0.035110991448163986, -0.0321030393242836, 0.010855968110263348, -0.00431025680154562, 0.0115532660856843, -0.02656567469239235, -0.014574889093637466, 0.0012134347343817353, -0.009796349331736565, 0.004611052107065916, -0.02321591228246689, 0.07126109302043915, 0.004935774020850658, 0.0017774255247786641, -0.008627350442111492, 0.009967255406081676, 0.02775518223643303, 0.03729858994483948, -0.02061813697218895, -0.026784434914588928, -0.0005409184377640486, 0.017200009897351265, 0.00010863231727853417, 0.0012057439889758825, -0.01213434711098671, -0.004129096399992704, 0.007048175670206547, -0.021192381158471107, -0.012975206598639488, 0.020358357578516006, -0.010896985419094563, 0.008866618387401104, 0.023571396246552467, -0.009297302924096584, 0.0031395487021654844, -0.0015834468649700284, -0.010028781369328499, 0.011272979900240898, 0.012599212117493153, -0.006603819318115711, -0.02396789938211441, 0.006894360296428204, -0.023762812837958336, -0.01643434911966324, -0.03163817524909973, 0.004672578070312738, -0.014164714142680168, -0.018922746181488037, 0.016283951699733734, 0.002838753629475832, 0.009611770510673523, 0.021192381158471107, 0.021260743960738182, 0.003920590505003929, -0.0073216259479522705, -0.0006716617499478161, 0.014328784309327602, 0.026921160519123077, -0.016584746539592743, -0.024432765319943428]","[-0.008660763502120972, 0.023389406502246857, 0.01805662177503109, 0.0004590171156451106, -0.002034878358244896, -0.0030489761848002672, -0.038679394870996475, -0.026516905054450035, -0.0238705612719059, -0.024298252537846565, 0.002300515305250883, 0.004183362703770399, -0.030366133898496628, -0.001137727638706565, -0.018417486920952797, -0.008159562014043331, 0.006792951840907335, 0.004500790033489466, 0.0018728232244029641, -0.01758883334696293, -0.03894670307636261, -0.012964414432644844, 0.013398788869380951, -0.027906903997063637, 0.005526582710444927, -0.00259288283996284, 0.014661816880106926, -0.03525786101818085, -0.006238289177417755, -0.025888731703162193, -0.0008173762471415102, 0.008126148022711277, -0.017201237380504608, -0.03934766352176666, -0.009028310887515545, -0.009542877785861492, 0.009115185588598251, -0.012757251039147377, 0.030205748975276947, 0.004083122126758099, 0.00740441819652915, -0.016359219327569008, -0.005352832842618227, 0.0049819438718259335, -0.011581097729504108, -0.0017926309956237674, 0.009075090289115906, -0.0026663923636078835, -0.01312479842454195, 0.03504401445388794, 0.029644403606653214, 0.004310333635658026, -0.025153636932373047, -0.026530269533395767, 0.005870741326361895, -0.0013331961818039417, 0.004484083503484726, 0.012456529773771763, -0.0007267422624863684, -0.01281739491969347, 0.009723310358822346, -0.004276920109987259, 0.0006853931699879467, -0.015958258882164955, -0.006492231041193008, -0.00975004117935896, 0.004905092995613813, 0.014755374751985073, 0.009877012111246586, -0.0007188065792433918, 0.030339403077960014, 0.02854844182729721, 0.0055900681763887405, -0.0035886033438146114, 0.031782861799001694, 0.0031041083857417107, -0.006144731305539608, -0.008119465783238411, 0.01805662177503109, 0.0161453727632761, 0.023095369338989258, -0.026650559157133102, -0.017415083944797516, 0.021464793011546135, 0.023242387920618057, 0.013899990357458591, 0.04643131420016289, 0.024913059547543526, -0.0004372983821667731, 0.007123745046555996, 0.02753267250955105, 0.0059810057282447815, -0.006198192946612835, 0.01889864169061184, -0.01629239320755005, 0.010952925309538841, -0.005904154386371374, 0.010645521804690361, -0.011206867173314095, -0.02082325518131256, 0.008921388536691666, 0.04218112304806709, -0.047099582850933075, -0.011861770413815975, -0.03934766352176666, -0.011166770942509174, 0.013104750774800777, -0.00047363550402224064, -0.007110379636287689, -0.0064387694001197815, -0.01048513688147068, 0.043490931391716, 0.015437008813023567, -0.004373819101601839, 0.011073214001953602, -0.002693123184144497, 0.019165948033332825, 0.004039684776216745, -0.028361326083540916, -0.010478454641997814, -0.0003846722247544676, 0.01468854770064354, 0.01323840394616127, 0.0029320293106138706, 0.01697402633726597, -0.011761530302464962, -0.014608355239033699, -0.01714777760207653, -0.001526158768683672, -0.013819797895848751, 0.056669190526008606, 0.0195134487003088, -0.0036220166366547346, 0.019085755571722984, -0.020168351009488106, 0.006943312473595142, -0.03870612755417824, 0.005356174428015947, -0.023229021579027176, -0.010698983445763588, -0.018631333485245705, 0.02264094538986683, 0.020542582497000694, -0.0014760385965928435, 0.023362675681710243, 0.011146723292768002, 0.02325575239956379, 0.011601146310567856, -0.01208898238837719, -0.010812588967382908, -0.008767685852944851, -0.0036420647520571947, 0.02003469690680504, -0.025447674095630646, 0.0055867270566523075, 0.012309511192142963, -0.023015176877379417, -0.01575777679681778, 0.01996787078678608, 0.01868479512631893, 0.014167297631502151, -0.015062778256833553, 0.016185469925403595, 0.004768097773194313, 0.01705421879887581, 0.03092747926712036, 0.029644403606653214, -0.02158508077263832, 0.0027148418594151735, -0.009877012111246586, -0.003969516605138779, 0.03162247687578201, -0.03023247979581356, 0.01758883334696293, -0.009235474281013012, -0.016786912456154823, 0.028575172647833824, -0.001986428862437606, 0.007765283342450857, -0.015958258882164955, -0.03589939698576927, -0.008132831193506718, 0.028147481381893158, -0.018390756100416183, -0.011915232054889202, 0.0023355993907898664, 0.009315666742622852, -0.009736675769090652, -0.008687494322657585, -0.025447674095630646, 0.017121046781539917, 0.008847878314554691, -0.005065477453172207, -0.0021100586745887995, -0.6244303584098816, -0.003471656236797571, 0.026877770200371742, -0.009095137938857079, 0.01868479512631893, 0.03023247979581356, 0.009456003084778786, 0.0303126722574234, -0.01705421879887581, 0.03969516605138779, -0.026115942746400833, 0.010344800539314747, 0.0027549380902200937, 0.018992198631167412, -0.021411331370472908, -0.01629239320755005, 0.02074306271970272, -0.02809401974081993, 0.0033580504823476076, 0.014274220913648605, 0.015356816351413727, -0.0005880765384063125, 0.021451426669955254, -0.003815814619883895, 0.007023504935204983, -0.02448536828160286, -0.00964311882853508, 0.0032578103709965944, -0.011901866644620895, 0.014314317144453526, -0.018257101997733116, 0.014835566282272339, -0.017040854319930077, 0.0158513356000185, 0.037075553089380264, -0.012229318730533123, 0.0017224627081304789, 0.004210093058645725, -0.006295091938227415, 0.036006320267915726, -0.04905092716217041, -0.017268065363168716, 0.01752200722694397, -0.01289758738130331, -0.005860717035830021, -0.003835862735286355, 0.01358590368181467, 0.013539125211536884, -0.006485548336058855, -0.007658360060304403, 0.020408928394317627, 0.02195931226015091, -0.01797642931342125, 0.015490470454096794, 0.0038091319147497416, -0.00751802371814847, -0.007063600700348616, -0.026450077071785927, 0.0008332476136274636, 0.028735557571053505, 0.007771965581923723, -0.01967383176088333, -0.03632709011435509, -0.049398425966501236, -0.0006995938601903617, -0.012115713208913803, 0.004086463712155819, -0.009282253682613373, 0.00991042610257864, -0.000271275348495692, -0.018190275877714157, 0.024672482162714005, -0.03394805267453194, 0.015624123625457287, 0.018323929980397224, 0.033012475818395615, 0.03712901473045349, 0.0018310564337298274, -0.02179892733693123, 0.037610165774822235, 0.02127767726778984, -0.007718504406511784, -0.0027248659171164036, -0.028949402272701263, 0.02916324883699417, -0.004153290297836065, 0.0055132173001766205, -0.021224215626716614, 0.019085755571722984, -0.014434605836868286, 0.016559699550271034, 0.009529512375593185, 0.008600618690252304, -0.000369636167306453, 0.013559173792600632, 0.006936629768460989, -0.01534345094114542, 0.04445323720574379, 0.03581920638680458, -0.005970981437712908, -0.0005141492583788931, -0.0016414351994171739, 0.010518550872802734, -0.0155038358643651, 0.04357112571597099, 0.009582974016666412, -0.006408697459846735, 0.010645521804690361, 0.03172940015792847, -0.041967280209064484, -0.038305167108774185, -0.017548738047480583, -0.015637489035725594, 0.0023924021515995264, -0.003231079550459981, -0.031168054789304733, 0.012329558841884136, 0.0021384600549936295, 0.0039294203743338585, -0.01928623765707016, 0.008934753015637398, 0.00846028234809637, -0.014354413375258446, -0.012556769885122776, 0.011053165420889854, 0.0052492511458694935, 0.008326629176735878, -0.00775191793218255, -0.00017395871691405773, -0.004200069233775139, 0.015410277992486954, 0.006836389657109976, 0.029858248308300972, -0.015089509077370167, 0.03528458997607231, 0.010652204044163227, 0.00822638813406229, 0.0014760385965928435, 0.004584323614835739, -0.03664785996079445, 0.0012538392329588532, 0.009081772528588772, 0.004053050186485052, -0.025420943275094032, 0.00252605602145195, -0.008961483836174011, -0.02089008130133152, 0.021772196516394615, -0.017882872372865677, -0.008807782083749771, -0.004363795276731253, 0.0024759357329458, -0.027559403330087662, 0.009649801068007946, 0.010277973487973213, 0.013218356296420097, -0.012496626004576683, -0.004484083503484726, 0.00736432196572423, -0.010204464197158813, 0.002711500506848097, 0.02503334730863571, -0.021745465695858, -0.006238289177417755, -0.018243737518787384, -0.003865934908390045, -0.013926721177995205, 0.009863646700978279, 0.00745787937194109, -0.037904202938079834, 0.014394509606063366, -0.00971662811934948, -0.001973063452169299, -0.004751390777528286, 0.003802449209615588, 0.007778648287057877, -0.005439708009362221, -0.0015295001212507486, -0.011841722764074802, -0.006539009977132082, 0.011514270678162575, -0.006605837028473616, -0.01335869263857603, -0.011474174447357655, 0.02424479089677334, -0.01698739267885685, 0.012616914696991444, 0.01705421879887581, -0.017856141552329063, 0.006863120477646589, 0.008647398091852665, 0.000758902751840651, -0.008941436186432838, 0.014234124682843685, -0.014341047964990139, 0.023977482691407204, 0.030045364052057266, 0.009008263237774372, -0.007203937508165836, 0.006194851361215115, 0.015490470454096794, 0.032264016568660736, 0.029965171590447426, 0.0009664837270975113, 0.021678639575839043, -0.012222635559737682, -0.006823024246841669, -0.01659979671239853, 0.013552490621805191, 0.007137110456824303, 0.024979887530207634, -0.01289758738130331, 0.011654607020318508, -0.0055900681763887405, -0.001800984377041459, 0.0310076717287302, -0.00037569235428236425, 0.021758832037448883, 0.009128550998866558, 0.0007964928518049419, 0.003879300318658352, -0.02372354082763195, 0.0097567243501544, -0.01006412785500288, -0.035632092505693436, -0.028147481381893158, 0.024044310674071312, 0.009689897298812866, 0.0028685436118394136, -0.021451426669955254, -0.012496626004576683, -0.007725187111645937, 0.022159792482852936, 0.010244560427963734, 0.008400138467550278, -0.031569015234708786, -0.0027165126521140337, 0.009669848717749119, 0.017548738047480583, 0.00987032987177372, 0.003528458997607231, 0.01714777760207653, 0.020943542942404747, 0.011948646046221256, 0.03886651247739792, -0.00975004117935896, 0.030553247779607773, -0.009202061221003532, -0.01698739267885685, 0.04284939542412758, -0.0012663693632930517, 0.01659979671239853, -0.018470948562026024, 0.028895942494273186, 0.024445271119475365, -0.04573631286621094, 0.008520427159965038, 0.0015303355176001787, 0.029724594205617905, 0.018724890425801277, -0.007738552521914244, -0.026369886472821236, 0.02518036775290966, 0.00738437008112669, 0.02233354188501835, -0.01293100044131279, -0.013572539202868938, -0.02563478983938694, -0.018764987587928772, -0.0004310333461035043, -0.004697929602116346, -0.020154986530542374, 0.0359528586268425, -0.017027487978339195, 0.012149126268923283, 0.007932350039482117, -0.005025381222367287, -0.000816123210825026, -0.007792013697326183, 0.005506534595042467, -0.029590941965579987, -0.026343155652284622, 0.0014133884105831385, 0.005917519796639681, -0.016786912456154823, -0.02532738633453846, -0.031248247250914574, 0.016960661858320236, -0.013338644988834858, 0.03290555253624916, 0.0011694703716784716, 0.002141801407560706, 0.018163545057177544, -0.008841196075081825, -0.004544227849692106, -0.011587780900299549, 0.0189654678106308, 0.008874609135091305, 0.004965236876159906, 0.008747638203203678, 0.009322348982095718, 0.0022153109312057495, -0.006605837028473616, 0.018470948562026024, 0.04621746763586998, 0.021077197045087814, 0.02884248085319996, -0.015356816351413727, 0.02165190875530243, 0.00480151129886508, -0.022239984944462776, -0.019647102802991867, 0.0005701167974621058, -0.0027549380902200937, -0.0031859714072197676, -0.036995358765125275, -0.0006549034151248634, -0.007043553050607443, 0.005757135339081287, 0.014514797367155552, -0.009014945477247238, -0.014300951734185219, -0.01897883228957653, 0.008861243724822998, 0.03311939910054207, 0.039080359041690826, -0.010585376992821693, 0.03766362741589546, 0.00736432196572423, -0.01651960425078869, 0.0018160203471779823, 0.003956151194870472, 0.016720084473490715, -0.006786269601434469, -0.011013069190084934, -0.019018929451704025, 0.005813938099890947, -0.021758832037448883, 0.025755077600479126, -0.008600618690252304, 0.017936334013938904, 0.007223985623568296, -0.005683626048266888, -0.0446670837700367, 0.011547684669494629, 0.013525759801268578, 0.03330651670694351, 0.00751802371814847, 0.014488066546618938, 0.01921940967440605, 0.013953451998531818, 0.007050235755741596, 0.02793363481760025, -0.032264016568660736, 0.014153932221233845, 0.012376337312161922, 0.02983151748776436, -0.0028200941160321236, -0.04747381433844566, 0.022707773372530937, 0.014474701136350632, 0.01774921827018261, 0.011928597465157509, 0.008640714921057224, 0.009877012111246586, 0.020983640104532242, 0.008954801596701145, 0.002347294008359313, -0.019633736461400986, -0.016506237909197807, -0.017869506031274796, 0.040523819625377655, 0.0019279554253444076, -0.011861770413815975, 0.01178157888352871, -0.016813641414046288, -0.020408928394317627, -0.025527866557240486, 0.013565856032073498, 0.008640714921057224, -0.024071041494607925, -0.03007209487259388, -0.0014384485548362136, -0.016947295516729355, -0.007745235227048397, -0.032638248056173325, 0.040817856788635254, -0.0045141554437577724, 0.0014334365259855986, -0.02149152383208275, 0.0015052753733471036, -0.0006123012863099575, -0.02953748032450676, -0.001501934020780027, -0.010859367437660694, -0.015102874487638474, -0.009121868759393692, 0.00944932084530592, 0.028976133093237877, 0.013913355767726898, -0.010672252625226974, -0.006826365366578102, 0.014902393333613873, 0.005813938099890947, -0.010551963932812214, -0.024819502606987953, -0.027372289448976517, -0.0005893295165151358, 0.00516571756452322, -0.013612634502351284, 0.005469779949635267, 0.0032761876937001944, -0.014862297102808952, 0.0189654678106308, 0.023442868143320084, 0.0022387003991752863, 0.03159574791789055, -0.035765744745731354, 0.020302005112171173, -0.0011845063418149948, 0.022988446056842804, 0.02286815643310547, -0.020181717351078987, -0.0013599270023405552, -0.009890377521514893, 0.005563337355852127, -0.006956677883863449, -0.03221055492758751, 0.0025862001348286867, 0.0041900454089045525, 0.0021534960251301527, 0.025808539241552353, -0.0202084481716156, -0.011808308772742748, 0.017816046252846718, -0.0021100586745887995, -0.023629983887076378, -0.00499530928209424, 0.007812061812728643, 0.03106113336980343, -0.009081772528588772, 0.034402474761009216, 0.00249598384834826, -0.004687905311584473, 0.003338002599775791, -0.03405497595667839, 0.014862297102808952, -0.012830760329961777, 0.03167593851685524, -0.0003765276924241334, -0.02631642483174801, -0.00811278261244297, 0.010244560427963734, 0.0019262847490608692, 0.018043257296085358, 0.028254402801394463, 0.004397208336740732, -0.02479277178645134, 0.0008269826066680253, 0.026690654456615448, 0.003946126904338598, -0.009556243196129799, 0.001555395545437932, -0.01975402422249317, -0.008553840219974518, -0.016492873430252075, -0.006762879900634289, -0.024044310674071312, -0.008186292834579945, -0.03466978296637535, -0.0007568143773823977, 0.025541232898831367, 0.018845180049538612, 0.009262205101549625, -0.007177206687629223, 0.004554251674562693, -0.018257101997733116, -0.011434078216552734, -0.024365078657865524, -0.011153405532240868, -0.022173156961798668, -0.01706758514046669, 0.02487296424806118, 0.04009612649679184, 0.021785562857985497, -0.01935306377708912, 0.016118641942739487, 0.0008399303187616169, -0.008433551527559757, 0.009061724878847599, 0.009075090289115906, 0.005392929073423147, -0.012329558841884136, 0.007223985623568296, 0.009088455699384212, -0.002308868570253253, 0.009202061221003532, 0.0024040970019996166, -0.011681337840855122, 0.01305128913372755, -0.007317543029785156, 0.013151529245078564, 0.009268888272345066, -0.032397668808698654, -0.013138163834810257, 0.013579221442341805, -0.013258452527225018, -0.009362445212900639, -0.02103710174560547, 0.0034115121234208345, 0.007571485359221697, 0.005673601757735014, 0.048783618956804276, -0.008901339955627918, 0.011093261651694775, -0.040817856788635254, -0.011908549815416336, -0.013766336254775524, 0.03597959131002426, -0.015891430899500847, -0.016399316489696503, -0.005352832842618227, -0.007244033273309469, 0.02059604413807392, 0.018470948562026024, 0.012884221971035004, 0.0008695847354829311, -0.015289989300072193, -0.007103696931153536, 0.020489120855927467, -0.018190275877714157, -0.020302005112171173, 0.011300425045192242, -0.004303650930523872, 0.003996247425675392, -0.011647924780845642, -0.04405227676033974, -0.010304704308509827, 0.02403094433248043, 0.002203616313636303, -0.023670079186558723, 0.011788261123001575, -0.006047832313925028, -0.011647924780845642, -0.019473351538181305, 0.0003767365124076605, 0.012289462611079216, 0.026369886472821236, 0.03589939698576927, 0.023135464638471603, -0.005686967168003321, -0.03327978402376175, -0.02097027376294136, 0.013138163834810257, 4.724868995253928e-05, 0.018805082887411118, -0.001521982136182487, -0.031034402549266815, 0.010732396505773067, -0.0069834087044000626, 0.019032293930649757, -0.01682700775563717, -0.018858544528484344, 0.030285941436886787, 0.00719057209789753, -0.00807268638163805, -0.009222108870744705, -0.0022587485145777464, -0.002915322547778487, 0.031194785609841347, -0.0014701912878081203, 0.011861770413815975, -0.004009612835943699, 0.006495572626590729, -0.005556654650717974, 0.0060378084890544415, 0.003551848465576768, 0.02924344129860401, 0.02678421325981617, -0.0074912928976118565, -0.022520657628774643, -0.0014660146553069353, 0.030205748975276947, 0.017722487449645996, -0.011941962875425816, 0.01928623765707016, -0.033413439989089966, -0.0015737729845568538, -0.006308457348495722, 0.02953748032450676, -0.0019613688345998526, -0.02425815723836422, -0.008894657716155052, 0.02364334836602211, -0.028361326083540916, -0.0011318802135065198, 0.03643401339650154, -0.008560523390769958, 0.022373639047145844, -0.01698739267885685, -0.020061427727341652, -0.0066459327936172485, -0.030633440241217613, -0.01235628966242075, 0.009148599579930305, 0.014488066546618938, -0.0020482437685132027, -0.02127767726778984, -0.01629239320755005, 0.01060542557388544, -0.004500790033489466, -0.035551898181438446, -0.018176911398768425, -0.005600092466920614, -0.01883181370794773, 0.0012780639808624983, 0.0166933536529541, 0.016025085002183914, -0.019994601607322693, -0.010084175504744053, -0.011467492207884789, 0.02945728786289692, -0.016105277463793755, -0.005476462654769421, -0.01745518110692501, 0.00549316918477416, -0.022627580910921097, 0.03517766669392586, -0.0008015048806555569, -0.03306593745946884, 0.003082389710471034, -0.01913921721279621, -0.024365078657865524, -0.020342102274298668, 0.0155038358643651, 0.018818449229002, 0.006351894699037075, -0.002190250903367996, 0.015129605308175087, 0.008206340484321117, 0.01362599991261959, -0.015169701538980007, -0.030633440241217613, 0.03319959342479706, -0.033867862075567245, -0.0023439526557922363, -0.00044231038191355765, -0.0049819438718259335, -0.01468854770064354, -0.01293768361210823, 0.0036855023354291916, -0.0011251975083723664, -0.003229408757761121, 0.014608355239033699, -0.009389176033437252, -0.012677058577537537, -0.031114593148231506, -0.028815750032663345, -0.03557863086462021, 0.00018523575272411108, -0.02219988778233528, 0.01905902475118637, -0.00042288884287700057, 0.004697929602116346, -0.019927775487303734, 0.008593936450779438, -0.008620667271316051, 0.017401719465851784, -0.020088158547878265, 0.005870741326361895, -0.0105252331122756, -0.025220463052392006, -0.021304408088326454, -0.016546335071325302, -0.038064587861299515, 0.01815018057823181, 0.045174967497587204, -0.024578925222158432, -0.0041900454089045525, -0.025073444470763206, -0.02862863428890705, -0.012015472166240215, 0.013412154279649258, 0.0218924842774868, 0.0033998172730207443, 0.00029821493080817163, -0.016359219327569008, 0.04338400810956955, 0.0105252331122756, 0.01897883228957653, -0.01875162124633789, 0.005934226792305708, 0.01815018057823181, 0.01538354717195034, 0.008754320442676544, 0.0158513356000185, -0.018617967143654823, -0.03894670307636261, 0.012142444029450417, 0.011868453584611416, 0.012503309175372124, 0.0252605602145195, -0.036460742354393005, 0.015049412846565247, -0.012610231526196003, -0.0017099326942116022, 0.0104517238214612, 0.001507781445980072, -0.008781051263213158, -0.030579978600144386, 0.006164779420942068, 0.00033037536195479333, -0.001983087509870529, -0.016399316489696503, -0.010732396505773067, -0.023162195459008217, -0.00769177358597517, -0.010264608077704906, -0.027719788253307343, -0.007504658307880163, 0.030499786138534546, -0.014047009870409966, 0.02495315670967102, 0.024351714178919792, 0.013064654543995857, 0.047554004937410355, 0.00967653188854456, 0.021331138908863068, -0.029216710478067398, -0.0054564145393669605, -0.048569776117801666, -0.02396411821246147, 0.012109030038118362, -0.02326911874115467, -0.04231477901339531, -0.015437008813023567, 0.017949698492884636, -0.029671132564544678, 0.0013724570162594318, 0.013265134766697884, 0.004330381751060486, -0.018778352066874504, -0.01583796925842762, 0.017535371705889702, -0.013980182819068432, -0.01706758514046669, 0.008406820707023144, -0.00487502058967948, -0.010578694753348827, -0.023549791425466537, 0.023857194930315018, -0.024231426417827606, 0.015049412846565247, 0.005817279685288668, -0.004420598037540913, -0.03985555097460747, 0.009075090289115906, 0.022761235013604164, -0.021371236070990562, -0.0035084111150354147, 0.20967601239681244, 0.003125827293843031, -0.01001734845340252, -0.0014426251873373985, 0.003996247425675392, 0.009776771999895573, 0.015370181761682034, -0.001939650159329176, -0.012449847534298897, -0.004129901062697172, 0.0002514361112844199, 0.02937709540128708, -0.004146607592701912, -0.004043025895953178, 0.003187641967087984, -0.022146428003907204, -0.03528458997607231, -0.005630164407193661, -0.0407109335064888, 0.0011928597232326865, 0.01442124042659998, 0.004113194067031145, -0.0022771258372813463, -0.015517201274633408, 0.04843612015247345, -0.0012354619102552533, 0.005994370672851801, 0.019326332956552505, 0.006004394963383675, 0.020382197573781013, -0.017254699021577835, -0.010284656658768654, 0.002026525093242526, 0.01737498864531517, 0.0014175651594996452, -0.0299117099493742, 0.012209270149469376, 0.005730404518544674, 0.02769305743277073, 0.016666622832417488, -0.008032591082155704, 0.001632246421650052, 0.01044504065066576, -0.02464575320482254, -0.013679461553692818, 0.0101777333766222, 0.00524256844073534, 0.008908023126423359, 0.02441854029893875, -0.01629239320755005, -0.01293100044131279, -0.0303126722574234, 0.026276327669620514, 0.02372354082763195, -0.014153932221233845, 0.004146607592701912, -0.004661174491047859, -0.0038625935558229685, -0.01766902580857277, 0.0289226733148098, -0.027265366166830063, 0.0037322810385376215, -0.00755811994895339, 0.049772657454013824, 0.0021301067899912596, 0.031649209558963776, 0.013833163306117058, -0.00910182110965252, 0.0065089380368590355, 0.0007492963341064751, 0.008874609135091305, -0.0010817600414156914, -0.004433963447809219, -0.013686144724488258, -0.012329558841884136, 0.010578694753348827, 0.012068933807313442, 0.014100471511483192, 0.03648747503757477, 0.02501998282968998, -0.01990104466676712, -0.006375283934175968, -0.027452481910586357, -0.018257101997733116, -0.0026897818315774202, -0.04498785361647606, 0.005433025304228067, -0.009041676297783852, -0.022133061662316322, -0.00815287884324789, -0.006161438301205635, -0.009208743460476398, -0.005700332578271627, -0.004417256452143192, -0.003979540430009365, 0.029029594734311104, 0.007665042765438557, 0.018858544528484344, -0.008206340484321117, 0.008052638731896877, -0.005974323023110628, 0.01958027482032776, 0.03068690188229084, 0.011293741874396801, 0.02210633084177971, -0.013412154279649258, 0.023095369338989258, 0.0013666095910593867, 0.0021818976383656263, -0.0012880880385637283, 0.009248839691281319, -0.009582974016666412, 0.0010742420563474298, -0.0009080101735889912, -0.004681222606450319, 0.016091911122202873, -0.013726240955293179, -0.004183362703770399, -0.0024692530278116465, -0.002367342123761773, -0.008687494322657585, -0.015022682026028633, -0.0014300951734185219, 0.015102874487638474, 0.017535371705889702, -0.0025611401069909334, 0.0045342035591602325, -0.009235474281013012, 0.017789315432310104, -0.02257411926984787, 0.01637258566915989, -0.016867103055119514, -0.0032912236638367176, 0.015209796838462353, -0.013365375809371471, -0.005142328329384327, 0.010110906325280666, -0.029350364580750465, -0.0017174507956951857, -0.017481911927461624, -0.012296145781874657, -0.0008871267782524228, 0.019647102802991867, -0.006224923767149448, 0.003033940214663744, 0.006408697459846735, 0.012449847534298897, 0.0020482437685132027, -0.03277190029621124, -0.02709161676466465, -0.028254402801394463, 0.021852388978004456, -0.0007480433559976518, -0.020489120855927467, 0.012997827492654324, -0.03627362847328186, -0.02286815643310547, -0.03627362847328186, -0.008573888801038265, 0.01676018163561821, -0.04568285495042801, 0.007397735491394997, 0.032023441046476364, 0.027505943551659584, -0.028441518545150757, -0.0036353820469230413, -0.1681898832321167, 0.028361326083540916, 0.006756197195500135, -0.02983151748776436, 0.027586134150624275, 0.010438358411192894, 0.006254995707422495, -0.00483826594427228, -0.011347203515470028, 0.00042852736078202724, 0.011400665156543255, -0.02424479089677334, -0.05105573311448097, 0.023376042023301125, -0.012657010927796364, -0.014675182290375233, -0.02924344129860401, 0.009329032152891159, 0.039534781128168106, 0.010391579009592533, 0.009048359468579292, -0.007110379636287689, 0.028976133093237877, -0.019553543999791145, -0.029510749503970146, 0.019192678853869438, -0.006652615498751402, -0.0004335393605288118, -0.00952283013612032, 0.004357112571597099, 0.006796293426305056, 0.005412977188825607, 0.038064587861299515, -0.009282253682613373, 0.003628699341788888, -0.020074794068932533, -0.012576818466186523, -0.021825658157467842, -0.020061427727341652, 0.02296171523630619, 0.011621193960309029, 0.016265662387013435, -0.004504131618887186, -0.004029660485684872, -0.005894130561500788, 0.021772196516394615, 0.03774382174015045, 0.013980182819068432, 0.019018929451704025, 0.00497526116669178, 0.01269710622727871, -0.022614214569330215, -0.01511623989790678, -0.008353359997272491, -0.008493696339428425, 0.01829719915986061, 0.008553840219974518, 0.00539627019315958, -0.018310563638806343, 0.0023055272176861763, 0.006990091409534216, -0.03897343575954437, -0.018537776544690132, -0.001742510823532939, -0.004303650930523872, -0.008099417202174664, -0.018952101469039917, 0.029858248308300972, -0.010358165949583054, -0.0034315602388232946, 0.0019095779862254858, -0.0076984562911093235, 0.028361326083540916, -0.0021050465293228626, -0.004474059212952852, 0.012870856560766697, -0.0032945650164037943, 0.01174148265272379, 0.004510814324021339, 0.015370181761682034, 0.02004806324839592, 0.020154986530542374, -0.014167297631502151, 0.01706758514046669, -0.012884221971035004, -0.009729993529617786, 0.01622556522488594, 0.006388649344444275, -0.016720084473490715, -0.010592060163617134, 0.01235628966242075, -0.04485420137643814, -0.0042668962851166725, -0.01805662177503109, 0.02753267250955105, -0.004871679469943047, 0.005001991521567106, -0.013231721706688404, 0.01621220074594021, -0.0195134487003088, 0.011293741874396801, -0.023469598963856697, -0.015744412317872047, 0.023148830980062485, 0.02916324883699417, 0.0024258156772702932, -0.0109462421387434, 0.0055900681763887405, 0.03360055387020111, -0.010124271735548973, -0.00846028234809637, -0.006154755596071482, -0.003759011859074235, 0.03445593640208244, 0.0016247284365817904, 0.011714751832187176, 0.01959364116191864, 0.002106717322021723, 0.018845180049538612, 0.008219705894589424, 0.03167593851685524, -0.016051815822720528, -0.008032591082155704, 0.0097567243501544, 0.0018978833686560392, -0.017735853791236877, -0.11536992341279984, -0.005112255923449993, 0.024538829922676086, 0.004053050186485052, -0.01335869263857603, -0.01705421879887581, -0.022988446056842804, 0.02632978931069374, -0.012383020482957363, 0.011754848062992096, -0.024311617016792297, 0.009616388007998466, -0.024137867614626884, 0.002098364057019353, -0.01323840394616127, 0.014287586323916912, 0.00522252032533288, -0.02012825571000576, -0.0034582908265292645, 0.014113835990428925, -0.009001580066978931, -0.027505943551659584, -7.392723637167364e-05, -0.014969220384955406, -0.004186703823506832, 0.026877770200371742, -0.013104750774800777, 0.013392106629908085, 0.02210633084177971, 0.015330085530877113, 0.02999190241098404, -0.025728346779942513, 0.017401719465851784, 0.011921915225684643, -0.011561050079762936, -0.021144023165106773, -0.019607005640864372, 0.0052459100261330605, 0.025380847975611687, 0.0009656483889557421, -0.0014275892172008753, 0.0021301067899912596, -0.0310076717287302, -0.008487013168632984, -0.04239496961236, -0.004848289769142866, -0.005272640381008387, 0.013806432485580444, -0.004748049657791853, -0.020529216155409813, -0.024966521188616753, 0.001060876646079123, -0.00518242409452796, -0.002816752763465047, 0.031702671200037, 0.02563478983938694, -0.004560934379696846, 0.0034983870573341846, -0.02280133031308651, 0.00979013741016388, -0.012650327757000923, -0.03533805161714554, 0.004337064456194639, 0.01009754091501236, 0.02715844288468361, 0.004808194003999233, 0.002848495729267597, 0.012376337312161922, 0.005603433586657047, -0.03394805267453194, -0.006599154323339462, 0.00964311882853508, -0.02702478878200054, 0.0203554667532444, -0.0198074858635664, -0.03809132054448128, -0.014902393333613873, -0.0041900454089045525, -0.007264081388711929, 0.0008804441313259304, -0.001608021673746407, 0.000720059615559876, 0.02134450525045395, -0.017789315432310104, 0.026289694011211395, -0.011206867173314095, 0.007705138996243477, 0.011487539857625961, 0.02395075187087059, -0.028120750561356544, 0.010505185462534428, 0.03557863086462021, 0.0252605602145195, -0.04228804633021355, -0.021478157490491867, -0.016733450815081596, -0.001986428862437606, -0.02838805690407753, -0.024766040965914726, 0.006916581653058529, -0.015102874487638474, -0.008573888801038265, -0.016773546114563942, 0.00795908086001873, -0.05134977400302887, -0.011634559370577335, -0.02463238686323166, -0.016666622832417488, 0.0012262732489034534, 0.008747638203203678, -0.0019112486625090241, 0.0007609910680912435, -0.0075113410130143166, 0.0359528586268425, -0.008099417202174664, 0.030499786138534546, -0.017949698492884636, -0.01309138536453247, -0.0024224743247032166, -0.010318069718778133, -0.012095664627850056, -0.004644467961043119, -0.007203937508165836, -0.03135517239570618, 0.013171577826142311, -0.003939444199204445, -0.013519077561795712, 0.03106113336980343, 0.0020916813518851995, 0.013198308646678925, -0.009669848717749119, -0.004280261695384979, 0.01575777679681778, -0.015557296574115753, 0.0009155282168649137, 0.013418836519122124, 0.012302828021347523, -0.03282536193728447, -0.0013098068302497268, 0.03854574263095856, 0.03702209144830704, 0.010551963932812214, -0.0033196250442415476, -0.03950804844498634, -0.013258452527225018, -0.006949995178729296, -0.00026584567967802286, -0.008206340484321117, -0.03023247979581356, -0.0027733154129236937, 0.006949995178729296, 0.012256049551069736, 0.060946110635995865, 0.017388353124260902, -0.016546335071325302, 0.0018644698429852724, -0.007157158572226763, -0.04063074290752411, 0.0026279669255018234, 0.005890789441764355, -0.019246140494942665, 0.0013565856497734785, 0.026450077071785927, 0.00535951554775238, 0.009389176033437252, -0.024084405973553658, 0.019607005640864372, 0.0006365259760059416, -0.024512099102139473, 0.016011720523238182, 0.03849228098988533, -0.011901866644620895, -0.008025907911360264, 0.0053227609023451805, -0.006475524511188269, 0.007431148551404476, -0.00123880326282233, 3.231706068618223e-05, -0.022400369867682457, -0.014180663041770458, -0.015958258882164955, 0.0002963354345411062, 0.006298433057963848, -0.013572539202868938, 0.0026179428678005934, 0.007010139524936676, -0.0061915102414786816, -0.003949468489736319, -0.0035351417027413845, 0.019780755043029785, 0.003976199310272932, -0.0029487358406186104, -0.024218060076236725, 0.007130427751690149, -0.007705138996243477, -0.006268361117690802, -0.007939033210277557, -0.004203410353511572, -0.017642294988036156, -0.01055864617228508, 0.008981532417237759, 0.02143806219100952, 0.028949402272701263, 0.001824373728595674, 0.00721062021329999, 0.005229203030467033, -0.039668433368206024, -0.004888385999947786, -0.027906903997063637, -0.012095664627850056, 0.005904154386371374, -0.00518242409452796, -0.0255545973777771, -0.009569608606398106, 0.005696991458535194, -0.0014969219919294119, 0.0025461039040237665, -0.008988214656710625, 0.003179288702085614, -0.02342950366437435, -0.015664219856262207, 0.01583796925842762, 0.006495572626590729, 0.03809132054448128, 0.04830246791243553, -0.025140270590782166, 0.021865753456950188, -0.0010249572806060314, 0.0025978947523981333, 0.0012931000674143434, 0.03581920638680458, -0.0036955263931304216, 0.0045910063199698925, 0.005803914275020361, -0.006462159100919962, 0.004026319365948439, 0.00061898393323645, -0.001988099655136466, -0.017321527004241943, 0.012062251567840576, 0.008259802125394344, 0.05348823219537735, -0.004397208336740732, -0.017040854319930077, 0.008366725407540798, -0.019540179520845413, 0.018938736990094185, -0.012302828021347523, 0.01270378939807415, -0.010705665685236454, -0.0038291800301522017, 0.038144782185554504, 0.008353359997272491, 0.008213023655116558, 0.0032227260526269674, -0.048329196870326996, 0.02655700035393238, -0.0024993252009153366, 0.03261151537299156, 0.0020298664458096027, 0.013646048493683338, 0.0031893127597868443, 0.00242915702983737, 0.016626527532935143, 0.02900286391377449, -0.028655365109443665, 0.01220258790999651, 0.02072969637811184, 0.026369886472821236, -0.030713632702827454, -0.03712901473045349, -0.005516558885574341, 0.011373934336006641, -0.0446670837700367, -0.02058267779648304, 0.0020515851210802794, 0.0044038910418748856, -0.016626527532935143, -0.012830760329961777, 0.01320499088615179, 0.029189979657530785, -0.02707825042307377, 0.04955881088972092, -0.021945945918560028, 2.419863812974654e-05, 0.0051957895047962666, 0.00796576403081417, -0.00501201581209898, -0.012576818466186523, -0.028682095929980278]"
7217,"How to use 'refs' in mogoose properly?<p>I have 3 schema as per<br>
This one is customer</p>

<pre><code>    const customerSchema = {
    name:{
        type:String,
        required:true
    },
    products:[{
        type: mongoose.Schema.Types.ObjectId,
        ref: 'Products'
    }],

    salesExcecutive:[{
        type: mongoose.Schema.Types.ObjectId,
        ref: 'Sales'
    }]


}

const Customer = mongoose.model('Customer', customerSchema)
</code></pre>

<p>This is Product  </p>

<pre><code>const productSchema = {
    name:{
        type:String,
        required:true
    },
    customer:[{
        type: mongoose.Schema.Types.ObjectId,
        ref: 'Customer'
    }],

    salesExcecutive:[{
        type: mongoose.Schema.Types.ObjectId,
        ref: 'Sales'
    }]


}

const Product = mongoose.model('Product', productSchema)
</code></pre>

<p>And this is Sales</p>

<pre><code>const salesSchema = {
    name:{
        type:String,
        required:true
    },
    product:{
        type: mongoose.Schema.Types.ObjectId,
        ref: 'Product'  
    },
    customer:{
        type:mongoose.Schema.Types.ObjectId,
        ref:""Customer""
    }
}

const Sale = mongoose.model('Sale',salesSchema)
</code></pre>

<p>As you can see I have used 'refs' and want to connect all 3 of these with each other, if a user is saving product, sales, and customer simultaneously, it should go in each other, like from any of these 3 I can access the current information.</p>

<p>I tried using refs</p>

<pre><code>router.post('/add',verify,async (req,res)=&gt;{
    var customerName =  req.body.customer;
    var productName = req.body.product;
    var saleName = req.body.sale


    const cust = new customer({
        name:customerName,

    })

    const prod = new product({
        name:productName
    })

    const sale = new sales({
        name:saleName
    })

    res.send(cust._id+"" ""+prod._id+"" ""+sale._id)
}) 
</code></pre>

<p>Now this is what I have, for now, I have all 3 ids, but how do I save it in each one of them, or is there a simpler method or I am doing something wrong</p>

<p>Thanks</p>
",but the -t mmddyyyy can only add the file those their modify time  big than mmddyyyy.I want to add the file those their modify time or create time big than mmddyyyy,"Embed Field: How to use 'refs' in mogoose properly?<p>I have 3 schema as per<br>
This one is customer</p>

<pre><code>    const customerSchema = {
    name:{
        type:String,
        required:true
    },
    products:[{
        type: mongoose.Schema.Types.ObjectId,
        ref: 'Products'
    }],

    salesExcecutive:[{
        type: mongoose.Schema.Types.ObjectId,
        ref: 'Sales'
    }]


}

const Customer = mongoose.model('Customer', customerSchema)
</code></pre>

<p>This is Product  </p>

<pre><code>const productSchema = {
    name:{
        type:String,
        required:true
    },
    customer:[{
        type: mongoose.Schema.Types.ObjectId,
        ref: 'Customer'
    }],

    salesExcecutive:[{
        type: mongoose.Schema.Types.ObjectId,
        ref: 'Sales'
    }]


}

const Product = mongoose.model('Product', productSchema)
</code></pre>

<p>And this is Sales</p>

<pre><code>const salesSchema = {
    name:{
        type:String,
        required:true
    },
    product:{
        type: mongoose.Schema.Types.ObjectId,
        ref: 'Product'  
    },
    customer:{
        type:mongoose.Schema.Types.ObjectId,
        ref:""Customer""
    }
}

const Sale = mongoose.model('Sale',salesSchema)
</code></pre>

<p>As you can see I have used 'refs' and want to connect all 3 of these with each other, if a user is saving product, sales, and customer simultaneously, it should go in each other, like from any of these 3 I can access the current information.</p>

<p>I tried using refs</p>

<pre><code>router.post('/add',verify,async (req,res)=&gt;{
    var customerName =  req.body.customer;
    var productName = req.body.product;
    var saleName = req.body.sale


    const cust = new customer({
        name:customerName,

    })

    const prod = new product({
        name:productName
    })

    const sale = new sales({
        name:saleName
    })

    res.send(cust._id+"" ""+prod._id+"" ""+sale._id)
}) 
</code></pre>

<p>Now this is what I have, for now, I have all 3 ids, but how do I save it in each one of them, or is there a simpler method or I am doing something wrong</p>

<p>Thanks</p>; Answer: but the -t mmddyyyy can only add the file those their modify time  big than mmddyyyy.I want to add the file those their modify time or create time big than mmddyyyy","[-0.01058734767138958, 0.007853178307414055, 0.007194828242063522, -0.004776398651301861, -0.017318643629550934, 0.012784088030457497, 0.01135990209877491, -0.01868908666074276, -0.0038325393106788397, -0.017788894474506378, 0.02446644753217697, -0.008316710591316223, 0.006052792072296143, -0.007577746175229549, -0.01962958835065365, -0.01250193826854229, 0.0061569190584123135, -0.011500976979732513, 0.010701551102101803, -0.020301373675465584, 0.0010177558287978172, 0.008578707464039326, -0.012569116428494453, -0.022236118093132973, -0.016391579061746597, 0.024896390736103058, 0.038856104016304016, -0.016875265166163445, 0.007759128697216511, -0.0049342685379087925, 0.004601734224706888, -0.0052197775803506374, -0.006314788479357958, -0.04256436228752136, -0.031547073274850845, -0.014362785033881664, 0.0028702057898044586, -0.011541283689439297, 0.023001953959465027, 0.014967392198741436, 0.00712093198671937, -0.021416539326310158, -0.011225544847548008, 0.001201657229103148, -0.010822473093867302, 0.037700630724430084, 0.0030112809035927057, -0.03888297453522682, -0.01850098744034767, 0.011440516449511051, 0.01874282956123352, 0.029907913878560066, -0.020193887874484062, 0.011400208808481693, -0.005995690356940031, 0.013516334816813469, 0.001372962724417448, 0.03853364661335945, 0.0037821552250534296, -0.017224593088030815, 0.026965491473674774, 0.018863752484321594, -0.005747129675000906, -0.0016156453639268875, -0.02091941609978676, -0.009277365170419216, 0.0043296609073877335, 0.006062868982553482, 0.011850305832922459, -0.003916512709110975, 0.013798484578728676, 0.017426129430532455, -0.01680808700621128, 0.007389646489173174, -0.005733693949878216, -0.008907882496714592, -0.014335913583636284, -0.012078712694346905, 0.002107728738337755, -0.008222660981118679, 0.006321506574749947, -0.033374328166246414, -0.017358951270580292, 0.018514422699809074, 0.015128620900213718, 0.004285994917154312, 0.013408849015831947, 0.022155502811074257, 0.013905970379710197, -0.005696745589375496, -0.013785049319267273, 0.016364706680178642, -0.006932831835001707, -0.028376242145895958, 0.01488677877932787, 0.015397335402667522, -0.007651642896234989, 0.03719007596373558, 0.0014955636579543352, 0.008000971749424934, -0.022975081577897072, 0.0036679517943412066, -0.021309053525328636, -0.01833975873887539, -0.009351261891424656, 0.004010562784969807, 0.031090257689356804, -0.017708279192447662, 0.013892535120248795, -0.04350486397743225, -0.0020422295201569796, 0.05183500796556473, 0.005968818906694651, -0.0070739067159593105, -0.0010018008761107922, -0.007497131824493408, -0.008612296544015408, -0.029209256172180176, 0.0010933317244052887, 0.02544725500047207, 0.0005584221216849983, 0.027005799114704132, 0.002502402989193797, -0.04052213206887245, 0.012152609415352345, -0.007685231976211071, -0.0054078777320683, 0.02594437636435032, -0.0016618306981399655, -0.019414616748690605, 0.04444536194205284, 0.012891573831439018, -0.0191459022462368, 0.019898302853107452, -0.0003512181283440441, 0.000565979746170342, -0.012018252164125443, 0.017708279192447662, -0.02043572999536991, -0.03960850462317467, 0.016646858304739, 0.012562398798763752, -0.007302314043045044, 0.010137251578271389, -0.011863741092383862, 0.010903087444603443, -0.007859896868467331, 0.02496356889605522, 0.02042229473590851, 0.0019448205130174756, 0.022894468158483505, -0.01113149430602789, 0.029988527297973633, 0.004148278851062059, 0.0012654769234359264, 0.015021135099232197, -0.013583513908088207, -0.0008514887886121869, -0.010285044088959694, -0.006217379588633776, 0.017063364386558533, 0.02047603763639927, -0.015451078303158283, 0.0012008175253868103, 0.0188906230032444, 0.024493318051099777, 0.0083301467821002, 0.0018961160676553845, -0.017385821789503098, -0.008632450364530087, 0.012542244978249073, 0.03487912937998772, -0.02257201075553894, 0.01581384241580963, -0.013019213452935219, 0.005082061514258385, 0.010305197909474373, 0.03326684236526489, -0.025084489956498146, -0.012394452467560768, -0.011373337358236313, -0.017667973414063454, 0.016888700425624847, 0.04444536194205284, -0.022706367075443268, -0.02257201075553894, -0.010238018818199635, -0.026925183832645416, -0.014201556332409382, -0.0028634879272431135, 0.012078712694346905, 0.007651642896234989, 0.006126688327640295, -0.015088314190506935, -0.6238473653793335, 0.0005420473753474653, 0.015074877999722958, -0.03536281734704971, -0.024238040670752525, 0.013348388485610485, -0.017291773110628128, -0.0021513947285711765, -0.03297125920653343, 0.016445321962237358, -0.024291783571243286, 0.014752421528100967, 0.012219787575304508, -0.005589259788393974, -0.01714397966861725, -0.019105594605207443, 0.03455667197704315, -0.04557396471500397, 0.01675434410572052, 0.014174684882164001, -0.008410761132836342, 0.02277354709804058, 0.015007699839770794, -0.00351679977029562, -0.01868908666074276, -0.0035335945431143045, -0.0026619520504027605, -8.350090502062812e-05, 0.01734551601111889, 0.03224572911858559, -0.023794660344719887, 0.012837830930948257, 0.025715969502925873, -0.010123815387487411, 0.0427524633705616, -0.021456845104694366, -0.03968911990523338, 0.02535320445895195, 0.008014407008886337, 0.049980878829956055, 0.0023243797477334738, -0.0006621290813200176, 0.03146645799279213, -0.0003822882426902652, 0.015397335402667522, -0.010500015690922737, 0.03520158678293228, -0.030149755999445915, 0.0012008175253868103, -0.01113149430602789, -0.0023697251453995705, 0.004430428612977266, -0.017063364386558533, 0.021403102204203606, 0.007752410601824522, -0.038506776094436646, 0.037861861288547516, -0.028940541669726372, 0.008451067842543125, -0.008155482821166515, 0.009976022876799107, -0.00585461501032114, -0.026132475584745407, -0.00020510467584244907, -0.01520923525094986, -0.0054213134571909904, 0.004296071827411652, -0.0030465496238321066, 0.011279287748038769, -0.0005302911158651114, 0.007510567549616098, 0.006664117332547903, -0.028698699548840523, -0.00530710956081748, -0.01760079339146614, 0.04388106241822243, 0.00587812764570117, -0.0007872492424212396, -0.023001953959465027, 0.02231673151254654, 0.014604628086090088, -0.0013385337078943849, -0.010520169511437416, -0.004551350139081478, -0.006633887067437172, 0.02560848370194435, -0.019428052008152008, -0.013294645585119724, 0.0026770674157887697, 0.0007351858075708151, 0.0012705153785645962, -0.0017718356102705002, -0.0001060162321664393, 0.007745692972093821, 0.025715969502925873, 0.010607501491904259, 0.0012327273143455386, 0.009922279976308346, 0.010023047216236591, -0.032810028642416, -0.020462602376937866, -0.006103176157921553, 0.00770538579672575, 0.005155957769602537, 0.025715969502925873, 0.007745692972093821, -0.017238030210137367, 0.01984455995261669, 0.014604628086090088, -0.03748565912246704, -0.03426108881831169, 0.005431389901787043, 0.0028315780218690634, 0.004467376973479986, -0.026024989783763885, -0.03323997184634209, 0.031251486390829086, -0.003127163974568248, 0.004890602082014084, 0.01061421912163496, 0.013281209394335747, 0.011265851557254791, 0.01016412302851677, -0.009841665625572205, -0.010923240333795547, -0.004131483845412731, 0.0013066238025203347, -0.004366609267890453, -0.009015368297696114, 0.023875275626778603, 0.013879098929464817, -0.014725550077855587, 0.02977355755865574, -0.002129561733454466, -0.005585900973528624, -0.021040339022874832, 0.03463728725910187, -0.003923230338841677, 0.03697510436177254, -0.004185226745903492, -0.008491375483572483, 0.024049939587712288, 0.022357039153575897, 0.0004836859297938645, 0.01590789295732975, -0.01754705049097538, -0.03633018955588341, 0.006973139010369778, -0.04060274735093117, -0.023096004500985146, -0.0035403124056756496, -0.04885227978229523, 0.0025242359843105078, -0.0028147834818810225, -0.012891573831439018, 0.003876205300912261, -0.01734551601111889, -0.0029911273159086704, -0.023337846621870995, -0.02456049621105194, -0.004739450290799141, 0.02108064480125904, -0.03071405738592148, -0.012145891785621643, -0.009284082800149918, -0.03141271322965622, -0.001278072944842279, 0.010345504619181156, 0.00019765204342547804, -0.033293716609478, -0.011621898040175438, -0.018312886357307434, -0.01526297815144062, -0.02520541101694107, 0.006153559777885675, 0.0322994738817215, -0.03420734405517578, 0.009653565473854542, -0.018017301335930824, -0.01918620802462101, -0.02421116828918457, 0.0005244129570201039, 0.013919406570494175, -0.008780243806540966, 0.013314799405634403, 0.009069111198186874, 0.031144000589847565, 0.00474616838619113, -0.013455874286592007, 0.04651446267962456, 0.0226257536560297, 0.0038997179362922907, -0.02907489985227585, -0.012851267121732235, -0.010903087444603443, 0.0009505772031843662, -0.005172752309590578, 0.014685242436826229, -0.00535749364644289, 0.008605578914284706, -0.0014720511389896274, -0.004353173542767763, 0.03649141639471054, -0.031788915395736694, 0.008961625397205353, -0.01844724453985691, -0.003041511168703437, -0.0002177006535930559, 0.03958163410425186, 0.01471211388707161, -0.005404518451541662, -0.007819589227437973, -0.02172555960714817, -0.01979081705212593, 0.004584939684718847, 0.022504832595586777, -0.0026485163252800703, 0.016982750967144966, -0.021591203287243843, 0.007806153502315283, -0.016230350360274315, -0.010285044088959694, 0.030740927904844284, 0.005105573683977127, -0.013079673983156681, 0.02783881314098835, -0.006166995503008366, -0.01699618622660637, -0.012233223766088486, -0.02047603763639927, 0.0026938619557768106, 0.01680808700621128, 0.02087911032140255, 0.01868908666074276, 0.01183015201240778, 0.01491365022957325, 0.03692135959863663, -0.015195799991488457, 0.029048027470707893, -0.03047221340239048, 0.011595026589930058, 0.043182406574487686, 0.0045815808698534966, -0.023391589522361755, 0.014080635271966457, 0.034180473536252975, 0.0018356553046032786, 0.0248560830950737, 0.004081100225448608, 0.009095982648432255, -0.0004383403866086155, 0.02872557006776333, 0.013415566645562649, 0.0039030767511576414, 0.02400963194668293, -0.01369771733880043, -0.002509120851755142, 0.03762001916766167, -0.00040370141505263746, 0.011500976979732513, -0.0011126456083729863, -0.009263928979635239, 0.02306913211941719, -0.002688823500648141, 0.02739543467760086, 0.006479375995695591, -0.02907489985227585, -0.012038405984640121, -0.005125727504491806, -0.03270254284143448, 0.007456825114786625, 0.0002256781153846532, -0.01620347984135151, -0.015545128844678402, -0.0006251808954402804, 0.008981779217720032, 0.015451078303158283, 0.012206352315843105, 0.011910766363143921, 0.012333991006016731, -0.033186230808496475, -0.004306148272007704, 0.009364697150886059, 0.012911727651953697, 0.00025296941748820245, -0.008410761132836342, -0.014846471138298512, 0.013462591916322708, 0.01349618099629879, 0.021886788308620453, 0.005673232953995466, 0.017318643629550934, 0.018702523782849312, -0.012071995064616203, -0.006647322792559862, 0.018554730340838432, 0.033132486045360565, -0.001076537068001926, 0.010466426610946655, 0.0008783602388575673, -0.004336379002779722, 0.03391175717115402, 0.005508645437657833, -0.020220760256052017, 0.02063726633787155, -0.020596958696842194, -0.011144930496811867, -0.024170860648155212, 0.020247630774974823, 0.002446980681270361, -0.0013292966177687049, -0.024533625692129135, -0.035470303148031235, -0.0030398317612707615, 0.006771603133529425, -0.021537460386753082, -0.014013456180691719, -0.011346465907990932, 0.01725146546959877, 0.0023949171882122755, -0.015397335402667522, -0.021389666944742203, -0.03141271322965622, 0.014671807177364826, 0.02739543467760086, 0.003486569505184889, -0.01918620802462101, 0.01494052167981863, 0.004742809571325779, -0.025984684005379677, -0.026065297424793243, -0.02281385287642479, 0.018111351877450943, -0.002512479666620493, -0.007886768318712711, 0.0047797574661672115, -0.001575338188558817, 0.0023294179700315, 0.00877352524548769, -0.0005920114344917238, -0.002781194169074297, -0.006835422944277525, -0.0067581674084067345, -0.02181961014866829, 0.0016089275013655424, -0.012246659025549889, 0.01983112283051014, 0.025380076840519905, 0.02546069025993347, -0.0013368541840463877, 0.018178530037403107, 0.008807115256786346, 0.017479872331023216, -0.009808075614273548, 0.023754354566335678, 0.0045782215893268585, 0.024426139891147614, 0.028026912361383438, -0.00713436771184206, 0.043128661811351776, 0.01795012317597866, 0.017332078889012337, 0.004208739381283522, 0.015572000294923782, -7.594330963911489e-05, 0.018635343760252, -0.005733693949878216, 0.003038152353838086, 0.01546451449394226, -0.0015350310131907463, -0.009962586686015129, -0.02529946155846119, 0.01538390014320612, 0.0019884866196662188, 0.005108932498842478, 0.009868537075817585, -0.027677584439516068, -0.020556652918457985, 0.0412745326757431, -0.002843334339559078, 0.006788397673517466, -0.0176411010324955, -0.01600194349884987, -0.03350868821144104, -0.014698678627610207, -0.024869518354535103, 0.03197701647877693, 0.010882933624088764, -0.014134378172457218, -0.010553758591413498, -0.02688487619161606, -0.004497607238590717, -0.02564879134297371, -0.0009363017743453383, -0.01111134048551321, -0.008605578914284706, -0.030203498899936676, 0.003086856799200177, 0.03106338530778885, 0.032729413360357285, 0.014174684882164001, 0.0020119992550462484, 0.009962586686015129, 0.008813832886517048, -0.008585425093770027, -0.027677584439516068, -0.01997891627252102, 0.004185226745903492, -0.016405014321208, 0.023593125864863396, 0.009458747692406178, 0.008659321814775467, -0.011977944523096085, 0.011071033775806427, 0.018460679799318314, 0.006502888631075621, 0.007853178307414055, -0.012864702381193638, 0.023042261600494385, 0.00704703526571393, 0.004964498803019524, 0.015491385944187641, -0.01074185874313116, -0.003906435798853636, -0.008733218535780907, 0.0058714100159704685, -0.009982740506529808, -0.013758177869021893, -0.0034596980549395084, 0.028618084266781807, 0.006301352754235268, 0.0023596484679728746, -0.007376210764050484, 0.0027795147616416216, -0.0011605103500187397, -0.0021262026857584715, 0.012676602229475975, 0.013986584730446339, 0.0006952985422685742, 0.01491365022957325, 0.007712103426456451, 0.02505761943757534, -0.00760461762547493, -0.0024671342689543962, 0.005192906130105257, -0.011621898040175438, 0.029639199376106262, 0.0034311471972614527, -0.022706367075443268, 0.009028804488480091, 0.00524328975006938, -0.012058558873832226, 0.029021156951785088, -0.022733239457011223, -4.290508513804525e-05, 0.026172783225774765, -0.009277365170419216, -0.017775457352399826, -0.023552818223834038, -0.0018457320984452963, 0.010211147367954254, 0.023579688742756844, -0.018165094777941704, 0.011615180410444736, -0.004904037807136774, -0.017533615231513977, 0.0005983094451949, -0.03297125920653343, -0.005129086319357157, -0.026481805369257927, -0.014335913583636284, 0.001315021188929677, 0.029316741973161697, 0.030955899506807327, 0.0018843597499653697, 0.02097315900027752, -0.00874665379524231, 0.0003518479352351278, -0.01645875722169876, -0.05234556645154953, -0.01804417185485363, 0.00538100628182292, 0.045063406229019165, 0.014483707025647163, 0.0070067280903458595, -0.011749537661671638, 0.037512533366680145, -0.02098659612238407, 0.004094535950571299, 0.0038258214481174946, 0.00038585709990002215, -0.01538390014320612, -0.029746685177087784, 0.02619965560734272, 0.02222268097102642, 0.019051851704716682, 0.037405047565698624, 0.03501348942518234, -0.01660655066370964, 0.026320576667785645, -0.03667951747775078, 0.009767768904566765, -0.013381977565586567, -0.0333205871284008, 3.417973857722245e-06, 0.03299812972545624, -0.006042715162038803, 0.0011361581273376942, -0.02923612855374813, -0.005592618603259325, 0.01973707415163517, 0.004285994917154312, 0.01614973694086075, -0.0064256335608661175, 0.018420372158288956, -0.014537449926137924, 0.011225544847548008, -0.03509410098195076, 0.007396364118903875, -0.015545128844678402, 0.0012587590608745813, -0.013133416883647442, -0.02032824605703354, 0.006113253068178892, -0.00294578168541193, 0.020570088177919388, 0.0020724597852677107, -0.0032783157657831907, -0.015491385944187641, -0.007282160688191652, -0.008954907767474651, -0.015518257394433022, -0.014819599688053131, -0.0338042713701725, -0.0017416052287444472, -0.03598085790872574, 0.0008783602388575673, -0.015934765338897705, 0.011789844371378422, 0.01833975873887539, -0.008632450364530087, 0.009747615084052086, -0.022907903417944908, 0.013811920769512653, -0.018124787136912346, -0.017426129430532455, 0.042725592851638794, 0.017708279192447662, 0.017587358132004738, 0.03864113241434097, 0.017211157828569412, -0.02325723133981228, -0.020220760256052017, 0.020395424216985703, 0.008135329000651836, 0.019857995212078094, 0.011299440637230873, 0.001783591927960515, -0.03982347622513771, -0.003990408964455128, -0.0018306169658899307, -0.01813822239637375, -0.028806185349822044, 0.009814794175326824, 0.012206352315843105, 0.0022236118093132973, -0.0006671674782410264, 0.025890633463859558, -0.019508665427565575, 0.00592851173132658, 0.001080735819414258, 0.006932831835001707, 0.0015501462621614337, -0.03495974466204643, -0.027422305196523666, 0.022988518700003624, 0.0010656205704435706, 0.018904058262705803, 0.012213069945573807, -0.024627676233649254, -0.007463542744517326, 0.009761051274836063, -0.01730520837008953, 0.01804417185485363, 0.006408838555216789, 0.02132248878479004, -0.009505772031843662, 0.015128620900213718, 0.014980828389525414, 0.006388685200363398, 0.0004975415067747235, -0.006146842148154974, 0.018366629257798195, 0.030687185004353523, -0.0016164850676432252, 0.006442428100854158, 0.0028013477567583323, 0.017278335988521576, -0.01715741492807865, -0.003407634561881423, -0.019616151228547096, -0.0382918044924736, -0.0024721724912524223, -0.01898467354476452, 0.026172783225774765, -0.014053763821721077, -0.008914600126445293, -0.003365647979080677, -0.008766807615756989, -0.005082061514258385, -0.01883688010275364, 0.00014873762847855687, -0.00704703526571393, -0.030633442103862762, -0.01760079339146614, -0.005122368223965168, 0.007624771445989609, 0.018608473241329193, -0.021900223568081856, -0.00656334962695837, -0.0017449641600251198, 0.03724381700158119, -0.017573922872543335, 0.004769680555909872, -0.03076780028641224, -0.010399247519671917, -0.026683341711759567, 0.018124787136912346, 0.006210661958903074, -0.029451100155711174, 0.008639167994260788, 0.013905970379710197, -0.026454932987689972, 0.005636284593492746, 0.012085430324077606, 0.009593104012310505, -0.027704454958438873, -0.02098659612238407, 0.018071044236421585, -0.013751460239291191, 0.01813822239637375, -0.026078732684254646, -0.020113274455070496, 0.024143990129232407, -0.0006058670114725828, -0.007503849919885397, -0.020261066034436226, -0.017587358132004738, -0.017211157828569412, -0.012864702381193638, 0.0298273004591465, -0.012548962607979774, -0.007779282052069902, -0.00890116486698389, 0.0074097998440265656, 0.013133416883647442, 0.009767768904566765, -0.012609424069523811, -0.0051828292198479176, -0.02207488939166069, -0.03396550193428993, 0.004988011438399553, -0.013731306418776512, 0.002695541363209486, 0.002438583178445697, 0.01964302361011505, 0.02242421731352806, 0.011453951708972454, -0.033374328166246414, -0.013321517035365105, -0.028940541669726372, -0.0457351915538311, -0.028000041842460632, 0.005619490053504705, -0.010184275917708874, 0.042188163846731186, 0.018635343760252, -0.02251826785504818, -0.02778507024049759, 0.00702016381546855, -0.04877166450023651, -0.0156660508364439, 0.019347436726093292, 0.004682348575443029, 0.0322994738817215, 0.020193887874484062, -0.00814876426011324, 0.039742860943078995, -0.001788630266673863, 0.03017662838101387, -0.023136310279369354, 0.011917483992874622, -0.01295203436166048, -0.013079673983156681, 0.004013921599835157, -0.0062879170291125774, -0.041086431592702866, 0.00814876426011324, 0.0025947734247893095, -0.0005739571643061936, 0.0203819889575243, 0.028564341366291046, -0.014161249622702599, -0.03791560232639313, -0.010432836599647999, -0.01372458878904581, -0.026360884308815002, -0.0007225898443721235, 0.04280620440840721, -0.03297125920653343, -0.027005799114704132, 0.01546451449394226, -0.00051727524260059, 0.01315357070416212, -0.010305197909474373, 0.015142057090997696, -0.009069111198186874, 0.022988518700003624, 0.00323800859041512, 0.002981050405651331, 0.0023663663305342197, -0.017264900729060173, 0.04194631800055504, 0.0033203023485839367, 0.011017290875315666, 0.03415360301733017, 0.012071995064616203, 0.0017500026151537895, 0.008545118384063244, 0.02476203255355358, 0.0017819124041125178, -0.014080635271966457, 0.00704703526571393, -0.03141271322965622, 0.01590789295732975, -0.011621898040175438, 0.019159337505698204, -0.012589270249009132, -0.016243785619735718, 0.006170354783535004, -0.020449167117476463, -0.002806386211887002, -0.00894819013774395, -0.004299430642277002, -0.03262193128466606, -0.019078722223639488, 0.026038426905870438, 0.003085177391767502, -0.003802308812737465, -0.01670060120522976, -0.0018339758971706033, 0.00019870171672664583, -0.02704610489308834, 0.008739936165511608, 0.0015325119020417333, -0.013973149470984936, 0.004904037807136774, 0.028806185349822044, 0.012810959480702877, 0.009996175765991211, 0.19476421177387238, -0.009485619142651558, -0.008894447237253189, 0.03719007596373558, 0.001528313267044723, -0.01535702869296074, 0.023673739284276962, -0.0018608473474159837, -0.010674679651856422, 0.018662216141819954, -0.025312896817922592, 0.01570635661482811, 0.006261045578867197, -0.005898281466215849, -0.0009010329958982766, -0.000203530173166655, -0.047105636447668076, -0.02198083885014057, -0.002720733406022191, -0.006818627938628197, 0.022948211058974266, 0.024318654090166092, 0.006697706878185272, -0.020811930298805237, 0.01600194349884987, 0.00379559095017612, 0.016633421182632446, -0.008014407008886337, 0.020852237939834595, 0.02202114649116993, -0.024869518354535103, -0.005925152916461229, 0.017211157828569412, 0.012119020335376263, -0.040495261549949646, -0.0031993810553103685, 0.005972177721560001, 0.01535702869296074, 0.012078712694346905, 0.028644956648349762, 0.004742809571325779, -0.0045983754098415375, 0.03434170037508011, 0.003335417713969946, -0.009022085927426815, 0.004527837969362736, -0.011951073072850704, 0.015679486095905304, -0.011548002250492573, 0.03960850462317467, -0.03361617401242256, 0.003990408964455128, 0.011037444695830345, 0.019011544063687325, 0.009082547388970852, -0.009707308374345303, 0.007349339313805103, -0.016472192481160164, -0.008605578914284706, -0.0013855586294084787, -0.000582354492507875, 0.018071044236421585, 0.006439069285988808, 0.016270658001303673, -0.014483707025647163, -0.0017130543710663915, -0.019965481013059616, -0.03600773215293884, 0.027623841539025307, -0.002275675069540739, -0.00010155515337828547, -0.02052978053689003, -0.020959723740816116, 0.014362785033881664, 0.00880039669573307, -0.018124787136912346, 0.009935715235769749, -0.0020590240601450205, 0.00817563571035862, 0.04181196168065071, -0.015545128844678402, -0.01130615919828415, -0.011615180410444736, 0.018554730340838432, -0.019925173372030258, -0.03017662838101387, 0.003347173798829317, 0.00415163766592741, 0.0036914641968905926, -0.01675434410572052, -0.009566232562065125, 0.030096013098955154, -0.00991556141525507, -0.011554719880223274, -0.018474115058779716, -0.014201556332409382, 0.000637776858638972, 0.008182353340089321, 0.004067664500325918, -0.0034462623298168182, -0.03267567232251167, 0.04842233657836914, 0.04852982237935066, 0.009129571728408337, 0.0030717416666448116, 0.001366244861856103, 0.015827279537916183, 0.018527857959270477, -0.00837717205286026, -0.015034571290016174, -0.002033832250162959, -0.044714078307151794, -0.008632450364530087, -0.006324865389615297, 0.005770641844719648, 0.001405712217092514, 0.011910766363143921, -0.02450675331056118, -0.001674426719546318, -0.004655477125197649, -0.0037452070973813534, -0.014107506722211838, 0.019213080406188965, 0.012333991006016731, 0.011427080258727074, -0.006445786915719509, -0.024090247228741646, 0.013825356028974056, 0.025541305541992188, -0.0020052813924849033, 0.017023058608174324, -0.0007964863325469196, 0.015303285792469978, -0.01565261371433735, -0.011548002250492573, -0.00771882152184844, 0.008545118384063244, -0.008840704336762428, 0.018272580578923225, 0.014080635271966457, -0.0031977014150470495, -0.00900193303823471, 0.001131959492340684, 0.0027795147616416216, 0.011346465907990932, -0.031788915395736694, -0.01045970804989338, 0.005918434821069241, -0.013838792219758034, -0.038748618215322495, 0.00145693589001894, 0.0010631013428792357, -0.006177072413265705, -0.014443399384617805, -0.018850315362215042, -0.005626208148896694, 0.013059520162642002, -0.0392860472202301, 0.018527857959270477, -0.028618084266781807, -0.029343614354729652, -0.010728422552347183, -0.006973139010369778, -0.009505772031843662, -0.011393491178750992, -0.009848383255302906, -0.16961254179477692, 0.02813439816236496, 0.03936666250228882, -0.011823434382677078, 0.003852692898362875, -0.008121892809867859, 0.0333205871284008, -0.004141560755670071, -0.005730334669351578, -0.014282170683145523, 0.008760089986026287, -0.002554466249421239, -0.04428413510322571, -0.010419401340186596, -0.018621908500790596, 0.019105594605207443, -0.004020639229565859, -0.010137251578271389, 0.026723647490143776, 0.036813873797655106, 0.03321310132741928, -0.04514402151107788, 0.006838781759142876, -0.024076811969280243, -0.004013921599835157, 0.01625722274184227, 0.013704434968531132, -0.007564310450106859, -0.02316318266093731, -0.017332078889012337, -0.015195799991488457, 0.015867585316300392, 0.028322499245405197, 0.007000010460615158, 0.020193887874484062, -0.016378143802285194, 0.007812871597707272, -0.010264890268445015, -0.018124787136912346, -0.014322478324174881, -0.011635334230959415, 0.0038795643486082554, -0.007624771445989609, 0.022195810452103615, 0.010829190723598003, 0.009955869056284428, 0.008498093113303185, -0.0008229378727264702, -0.0003707419091369957, -0.025393512099981308, 0.01750674471259117, -0.04100582003593445, -0.013012494891881943, 0.003970255609601736, 0.013039366342127323, 0.013267774134874344, 0.00022735758102498949, -0.003815744537860155, -0.009949151426553726, -0.03170830011367798, -0.00949233677238226, -0.010258172638714314, -0.007725539151579142, -0.012065277434885502, -0.021053774282336235, -0.002226970624178648, -0.0029306665528565645, -0.00759118190035224, -0.03847990185022354, 0.0016929007833823562, 0.009619975462555885, 0.021403102204203606, -0.008410761132836342, -0.015330157242715359, 0.014026892371475697, 0.020355116575956345, -0.041140176355838776, 0.009976022876799107, 0.018662216141819954, 0.026831133291125298, -0.016472192481160164, 0.023378154262900352, -0.014564321376383305, 0.037861861288547516, 0.008619015105068684, -0.0005105573800392449, -0.0064222742803394794, -0.023593125864863396, 0.010412683710455894, -0.004924191627651453, 0.021564330905675888, -0.044364750385284424, -0.004954421892762184, 0.012313838116824627, -0.0011403567623347044, -0.0018390142358839512, 0.0016047288663685322, 0.008195789530873299, 0.003950101789087057, -0.0033438149839639664, 0.004037434235215187, -0.040441520512104034, -0.018823444843292236, 0.013019213452935219, 0.03853364661335945, 0.017090236768126488, 0.012629576958715916, 0.014201556332409382, 0.04613826423883438, 0.005693386774510145, -0.014752421528100967, 0.024681419134140015, -0.014013456180691719, 0.025420382618904114, 0.00039278488839045167, 0.03052595630288124, 0.0056026955135166645, 0.0009774486534297466, 0.0073426212184131145, 0.006912678014487028, 0.04264497756958008, -0.02390214614570141, 0.006566708441823721, 0.006126688327640295, -0.0054011596366763115, 0.0037284125573933125, -0.09130915999412537, -0.01625722274184227, 0.0013015854638069868, 0.0347985178232193, -0.05508645251393318, -0.012770652770996094, -0.009317671880126, 0.048744793981313705, -0.002099331235513091, 0.011030726134777069, -0.03796934708952904, -0.02560848370194435, 0.000997602241113782, 0.02445301227271557, -0.010365658439695835, 0.010493298061192036, -0.015276414342224598, 0.009559514932334423, -0.0003470194642432034, 0.026656469330191612, -0.02575627714395523, -0.02778507024049759, 0.006506247445940971, -0.013314799405634403, -0.01631096564233303, 0.006879088934510946, -0.022343603894114494, -0.01312669925391674, 0.0047965520061552525, 0.0005735373124480247, 0.009767768904566765, -0.01909215934574604, 0.017385821789503098, -0.02087911032140255, -0.03221885859966278, -0.010506733320653439, -0.026629598811268806, 0.013314799405634403, 0.024923261255025864, -0.021940531209111214, -0.001503121224232018, 0.014873342588543892, 0.014389656484127045, -0.012837830930948257, -0.0009480580338276923, -0.014671807177364826, -0.03544342890381813, 0.0492016077041626, -0.006848858669400215, -0.03192327171564102, -0.007241853512823582, 0.002922269282862544, -0.01172938384115696, -0.026522113010287285, 0.03872174769639969, 0.019696766510605812, -0.004638682585209608, 0.020771624520421028, 0.0034462623298168182, 0.022142067551612854, -0.00871978234499693, -0.00411468930542469, -0.01076201256364584, 0.003620926756411791, 0.02813439816236496, -0.0019498589681461453, 0.007537438999861479, -0.010291761718690395, -0.009922279976308346, 0.018071044236421585, -0.019898302853107452, -0.008981779217720032, -0.03520158678293228, -0.005522081162780523, -0.015948200598359108, 0.018675651401281357, -0.02623996138572693, -0.02032824605703354, 0.025084489956498146, -0.036168958991765976, 0.011554719880223274, -0.006103176157921553, -0.02435896173119545, -0.029048027470707893, 0.03767376020550728, 0.029558585956692696, 0.0036310034338384867, -0.0032766363583505154, -0.02148371748626232, -0.05954711511731148, 0.00037934916326776147, 0.02515166811645031, 0.013261056505143642, -0.010493298061192036, 0.00840404350310564, 0.03796934708952904, -0.01372458878904581, -0.004618528764694929, -0.006865653209388256, 0.01141364499926567, -0.0008090822957456112, -0.018259143456816673, -0.041677605360746384, 0.018957801163196564, 0.016646858304739, 0.0066238101571798325, -0.004457300063222647, 0.02177930250763893, -0.004494248423725367, -0.028349369764328003, 0.005921793635934591, -0.0013259376864880323, -0.013973149470984936, 0.00877352524548769, -0.006375249475240707, -0.003919871523976326, 0.010305197909474373, -0.0042624822817742825, 0.01977737993001938, 0.006899242289364338, -0.003889641026034951, -0.0009942433098331094, 0.0027425664011389017, 0.008713064715266228, -0.0008162200101651251, 0.02699236199259758, -0.010842626914381981, 0.0061569190584123135, 0.012669884599745274, 0.0027895914390683174, -0.030660314485430717, -0.011024008505046368, 0.0034462623298168182, -0.03305187076330185, 0.0201401449739933, 0.023431897163391113, 0.01878313720226288, -0.005898281466215849, 0.0201401449739933, 0.025420382618904114, 0.06384654343128204, -0.0006323186098597944, -0.008444350212812424, -0.013617102988064289, 0.003943384159356356, -0.010311915539205074, -0.007443389389663935, -0.010023047216236591, -0.030310984700918198, 0.024533625692129135, 0.022343603894114494, -0.007450107019394636, 0.04119391739368439, -0.00042994305840693414, -0.018057608976960182, -0.02744917757809162, -0.020153580233454704, -0.02883305586874485, 0.012024969793856144, 0.02546069025993347, 0.005656438414007425, -0.018527857959270477, 0.04659507796168327, -0.009505772031843662, -0.00016773657989688218, 0.000382708094548434, -0.0036175677087157965, -0.022585446015000343, 0.0006411357899196446, 0.01620347984135151, 0.0024335449561476707, -0.02842998504638672, -0.025272591039538383, 0.001991845667362213, 0.0020002429373562336, 0.003583978395909071, 0.01600194349884987, 0.0052668023854494095, -0.03366991505026817, -8.46030525281094e-05, -0.0013830395182594657, 0.028161270543932915, 0.010123815387487411, -0.02281385287642479, 0.003906435798853636, 0.02132248878479004, 0.023821532726287842, 0.017963558435440063, -0.01600194349884987, 0.013247620314359665, 0.007906921207904816, -0.009962586686015129, -0.021067209541797638, 0.021550895646214485, -0.01585415005683899, 0.008679475635290146, 0.012239941395819187, -0.004853654187172651, 0.0011840228689834476, 0.0032228934578597546, 0.020489472895860672, -0.009089265018701553, 0.021013466641306877, -0.004040793050080538, 0.0046655540354549885, -0.02296164631843567, -0.038748618215322495, 0.001354488544166088, -0.04603077843785286, -0.020516345277428627, -0.0004244848096277565, -0.0010790562955662608, -0.011299440637230873, -0.008995214477181435, -0.011218826286494732, 0.006432351190596819, -0.025017311796545982, -0.017076801508665085, -0.001542588695883751, -0.020355116575956345, -0.016391579061746597, 0.022330166772007942, 0.011453951708972454, 0.012837830930948257, 0.012468348257243633, -0.0005109772318974137, 0.021550895646214485, 0.011218826286494732, -0.010446272790431976, -0.03514784574508667, 0.026831133291125298, -0.012071995064616203, 0.009928997606039047, -0.0009942433098331094, -0.00653647817671299, -0.0035201588179916143, -0.03017662838101387, -0.011178519576787949, -0.012676602229475975, -0.012152609415352345, -0.008807115256786346, 0.08125923573970795, -0.002567901974543929, -0.006721219047904015, 0.019992351531982422, -0.014564321376383305, 0.033938631415367126, 0.011843587271869183, -0.010795601643621922, -0.0011512732598930597, -0.039501018822193146, 0.029558585956692696, 0.02063726633787155, 0.004232252016663551, 0.008706347085535526, -0.012038405984640121, 0.0012705153785645962, 0.011124776676297188, 0.004376686178147793, -0.005743770394474268, -0.014470270834863186, 0.004830141551792622, -0.010076790116727352, 0.009579668752849102, 0.007450107019394636, -0.0008926356676965952, -0.0012134135467931628, -0.01307295635342598, -0.010869498364627361, -0.017385821789503098, -0.0012369260657578707, 0.00234285369515419, 0.014618064276874065, -0.011460669338703156, 0.008095021359622478, -0.001403193105943501, -0.0005206341738812625, 0.01183015201240778, -0.01001632958650589, 0.007510567549616098, 0.02524571865797043, 0.011178519576787949, -0.02813439816236496, -0.024197733029723167, 0.0035470302682369947, 0.009250493720173836, 0.0026720289606601, 0.009257211349904537, -0.003196022007614374, -0.0392591767013073]","[-0.0002935459488071501, 0.017558259889483452, 0.011236493475735188, 0.000752237334381789, -0.013456047512590885, 0.013145574368536472, 0.019843870773911476, -0.01004084013402462, 0.003586958162486553, -0.030413176864385605, 0.023714879527688026, -0.013753308914601803, 0.007418331690132618, -0.007920373231172562, -0.01316539105027914, -0.009743578732013702, 0.005892388056963682, -0.021785981953144073, 0.013337142765522003, -0.025287063792347908, 0.004273963160812855, 0.0033607089426368475, -0.012623714283108711, -0.017809279263019562, -0.012108461000025272, 0.01385900191962719, 0.03717753291130066, -0.009320806711912155, 0.01762431673705578, -0.0079534025862813, 0.004227722529321909, -0.007424937095493078, -0.007015376817435026, -0.04544801637530327, -0.02304108627140522, -0.008607378229498863, 0.003284742124378681, -0.004125331994146109, 0.01110437698662281, 0.009545404464006424, 0.0016043875366449356, -0.02569662407040596, -0.016976946964859962, -0.001961927395313978, -0.012597291730344296, 0.032764848321676254, -0.010648575611412525, -0.03255346044898033, -0.0138325784355402, 0.006282131187617779, 0.019341830164194107, 0.023437434807419777, -0.01739971898496151, 0.01284831203520298, -0.006810596212744713, 0.022618314251303673, 0.009452923201024532, 0.03958205133676529, -0.003106385003775358, -0.020755473524332047, 0.029092013835906982, 0.01709585264325142, -0.015378340147435665, -0.0011502377456054091, -0.026925306767225266, 0.0029181193094700575, 0.007233368698507547, -0.003349148668348789, 0.01360798068344593, 0.002404517028480768, 0.02395268902182579, 0.022063426673412323, -0.014902721159160137, 0.0005107121542096138, -0.0017736615845933557, -0.003752103541046381, -0.014268563129007816, -0.014387467876076698, -0.010106898844242096, -0.010602334514260292, 0.013423018157482147, -0.0276651568710804, -0.016356000676751137, 0.018958691507577896, 0.016461694613099098, 0.00180669070687145, 0.011903680860996246, 0.01689767837524414, 0.018232053145766258, -0.012980428524315357, -0.01346925925463438, 0.011408244259655476, -0.022565467283129692, -0.03432381898164749, 0.005000602919608355, 0.016527751460671425, -0.011144011281430721, 0.04240933805704117, -0.009102814830839634, 0.008290299214422703, -0.02547202631831169, 0.003192260628566146, -0.024626482278108597, -0.01482345163822174, -0.010879779234528542, -0.002108906861394644, 0.011764958500862122, -0.02248619869351387, 0.021785981953144073, -0.04069182649254799, -0.0006692517199553549, 0.05665148049592972, 0.009109420701861382, -0.0017967820167541504, 0.01088638510555029, -0.010172956623136997, -0.005756968632340431, -0.02268437296152115, -0.001617599162273109, 0.020874379202723503, 0.0004520855436567217, 0.02519458346068859, -0.006318463012576103, -0.029911134392023087, 0.0071408869698643684, -0.011031713336706161, -0.02129715122282505, 0.03260630741715431, -0.01536512840539217, -0.013515499420464039, 0.03612060099840164, 0.020570510998368263, -0.019117232412099838, 0.014546006917953491, 0.012669955380260944, -0.003649713471531868, -0.005116204731166363, 0.022671161219477654, -0.0009338972740806639, -0.04386261850595474, 0.021283939480781555, 0.005690910387784243, -0.005994778126478195, 0.014995202422142029, -0.0055654002353549, 0.02107255347073078, -0.005337499547749758, 0.026872459799051285, 0.011322368867695332, -0.003292999230325222, 0.002868575742468238, -0.0186680369079113, 0.02774442732334137, -0.001331897685304284, 0.01076087448745966, 0.0051195076666772366, -0.010727845132350922, -0.002549845026805997, -0.011850833892822266, -0.01208864338696003, 0.003510991344228387, 0.01539155188947916, -0.012068825773894787, -0.003989913035184145, -0.000923162791877985, 0.030862372368574142, 0.011804593726992607, 0.002312035532668233, -0.020980071276426315, -0.007788257207721472, 0.0050138141959905624, 0.029039166867733, -0.01442710217088461, 0.015523667447268963, -0.024349037557840347, 0.008719677105545998, 0.010641969740390778, 0.02179919369518757, -0.015034837648272514, -0.006225981749594212, 0.0010338102001696825, -0.0005767703405581415, 0.008680041879415512, 0.03345185145735741, -0.017637528479099274, -0.01319181453436613, -0.02265794947743416, -0.030333908274769783, -0.013925060629844666, -0.005373831372708082, 0.0005672744591720402, 0.007114463951438665, -0.0005156664992682636, -0.01122988760471344, -0.6257029175758362, -0.008752706460654736, 0.012689772993326187, -0.02721596136689186, -0.018786940723657608, 0.01739971898496151, -0.009862483479082584, 0.00033194225397892296, -0.023159991949796677, 0.0218520388007164, -0.025102101266384125, 0.014255351386964321, 0.009578432887792587, -0.015325493179261684, -0.01654096320271492, -0.025564508512616158, 0.041061751544475555, -0.039925552904605865, 0.023860206827521324, 0.0026010400615632534, -0.0016654913779348135, 0.02304108627140522, 0.005572005640715361, -0.0037587094120681286, -0.018496284261345863, -0.0005313553265295923, 0.013898637145757675, -0.005126113072037697, 0.016580598428845406, 0.03144368529319763, -0.017412930727005005, 0.01687125489115715, 0.029673326760530472, -0.017056217417120934, 0.043439846485853195, -0.0201873742043972, -0.034561630338430405, 0.02785012125968933, -0.002508558565750718, 0.050574127584695816, -0.010087081231176853, -0.003192260628566146, 0.034508783370256424, 0.005601732060313225, 0.010708027519285679, -0.009644491598010063, 0.04383619502186775, -0.03427097573876381, 0.005971657577902079, 0.003831373294815421, -0.005433283746242523, -0.007358879316598177, -0.02536633424460888, 0.01319181453436613, 0.007530630566179752, -0.04074467346072197, 0.03133799135684967, -0.02511531300842762, 0.0027430651243776083, 0.002825637813657522, 0.011414850130677223, -0.015180164948105812, -0.023027874529361725, -0.006797384936362505, -0.012346270494163036, 0.007821286097168922, 0.016976946964859962, -0.011791381984949112, 0.00696913618594408, 0.0015920016448944807, 0.002875181380659342, -0.0008917851955629885, -0.028537126258015633, -0.005192171316593885, -0.01944752223789692, 0.039793435484170914, 0.0031641859095543623, 0.004868486430495977, -0.014757392928004265, 0.017109064385294914, 0.0032401527278125286, -0.002064317464828491, -0.012200942263007164, -0.018800152465701103, -0.005687607452273369, 0.022010579705238342, -0.011282733641564846, -0.0201873742043972, 0.008336540311574936, 0.011031713336706161, 0.00045332411536946893, -0.007715593092143536, 0.00553897675126791, 0.014255351386964321, 0.03482586145401001, 0.010628757998347282, -0.009109420701861382, 0.016752349212765694, -0.003392086597159505, -0.0378909595310688, -0.016950523480772972, -0.013178602792322636, -0.0015019974671304226, -0.0007377871079370379, 0.023794149979948997, 0.0019437613664194942, -0.022116271778941154, 0.020980071276426315, 0.020121315494179726, -0.032236382365226746, -0.028220046311616898, 0.009558616206049919, 0.016025708988308907, 0.008468655869364738, -0.027955813333392143, -0.029409093782305717, 0.032923389226198196, -0.006988953333348036, -0.008640407584607601, 0.0001355224521830678, 0.01294739916920662, 0.01536512840539217, 0.021032918244600296, -0.006486911326646805, -0.009518980979919434, -0.015497244894504547, -0.0071408869698643684, -0.001786873210221529, -0.00678417319431901, 0.024547211825847626, 0.0032599703408777714, -0.020530875772237778, 0.01533870492130518, 0.002513512969017029, 0.006163226440548897, -0.022591890767216682, 0.023107144981622696, -0.006225981749594212, 0.03535432741045952, -0.006678480189293623, -0.011381820775568485, 0.024824656546115875, 0.010846749879419804, 0.0031740947160869837, 0.007662746589630842, -0.007616505958139896, -0.02061014622449875, 0.00047231584903784096, -0.032262805849313736, -0.016303153708577156, -0.006671874318271875, -0.045817941427230835, -0.0007394385174848139, -0.00026134258951060474, -0.005667790304869413, 0.002987480256706476, -0.018403803929686546, 0.007609900087118149, -0.021204669028520584, -0.023582763969898224, -0.014559218659996986, 0.02306750975549221, -0.02478502131998539, -0.008283693343400955, -0.017809279263019562, -0.03619987145066261, 0.00188596046064049, 0.011309157125651836, -0.011712111532688141, -0.03247419372200966, -0.016950523480772972, -0.019619273021817207, -0.006361400708556175, -0.026317572221159935, 0.009439711458981037, 0.02779727429151535, -0.028642818331718445, 0.005707425065338612, -0.01601249910891056, -0.011071347631514072, -0.013462653383612633, -0.0017175121465697885, 0.007134281564503908, -0.006761052645742893, 0.029435517266392708, 0.011480907909572124, 0.034482359886169434, 0.00036249414552003145, -0.022314446046948433, 0.0461878664791584, 0.014215716160833836, -0.00034990182030014694, -0.021944520995020866, -0.021283939480781555, -0.0007559530786238611, -0.012623714283108711, -0.005707425065338612, 0.011705505661666393, -0.00854792632162571, 0.01013992726802826, 0.014189292676746845, 0.002270749304443598, 0.034006740897893906, -0.03020179085433483, 0.00538043724372983, -0.014440313912928104, -0.0024606664665043354, 0.0026555380318313837, 0.03797022998332977, 0.01013992726802826, -0.0019949565175920725, -0.005453101359307766, -0.011982950381934643, -0.019645696505904198, 0.009763396345078945, 0.02888062782585621, -0.004240933805704117, 0.019764602184295654, -0.018720882013440132, 0.0028008660301566124, -0.001904126489534974, 0.0001901236391859129, 0.036331988871097565, -0.0013715325621888041, -0.014017541892826557, 0.020808320492506027, -0.0013517150655388832, -0.015920016914606094, -0.007477783598005772, -0.018720882013440132, -0.012650137767195702, 0.018773728981614113, 0.01944752223789692, 0.016699502244591713, 0.000660581630654633, 0.029911134392023087, 0.02832574024796486, -0.022829700261354446, 0.01539155188947916, -0.038683660328388214, 0.008065701462328434, 0.04098248481750488, -0.009149054996669292, -0.01601249910891056, 0.020227009430527687, 0.03070383332669735, 0.0036166843492537737, 0.015378340147435665, 0.004574527498334646, 0.013224843889474869, -0.006427458953112364, 0.021112188696861267, 0.003005646402016282, 0.0007728805067017674, 0.02696494199335575, -0.015840746462345123, -0.00011085384903708473, 0.04085036739706993, 0.01126952189952135, 0.003349148668348789, 0.003970095422118902, -0.012194336391985416, 0.0370718389749527, -0.008977304212749004, 0.026951730251312256, 0.009532192721962929, -0.02296181581914425, -0.01745256595313549, -0.008779129944741726, -0.0390007384121418, 0.007299426943063736, -0.0031179452780634165, -0.009961570613086224, -0.018852999433875084, 0.009400076232850552, 0.015299069695174694, 0.017135487869381905, 0.00020746390509884804, 0.00696913618594408, 0.011857439763844013, -0.03524863347411156, 0.001945412834174931, 0.006153317634016275, 0.010985472239553928, 0.0037785267923027277, -0.017280815169215202, -0.004984088242053986, 0.002526724711060524, 0.016395635902881622, 0.018443439155817032, 0.006496820133179426, 0.021416055038571358, 0.010674999095499516, -0.013674039393663406, -0.01717512123286724, 0.01088638510555029, 0.040665403008461, -0.00340860104188323, 0.01420250441879034, 0.006087259389460087, 0.0003874723915942013, 0.021614231169223785, 0.0001921879593282938, -0.02281648851931095, 0.010087081231176853, -0.01388542540371418, -0.008435627445578575, -0.02423013374209404, 0.022116271778941154, -0.007464572321623564, -0.01091280858963728, -0.02478502131998539, -0.03614702448248863, -0.007477783598005772, 0.006770961452275515, -0.02066299319267273, -0.011679083108901978, -0.003907340113073587, 0.023173203691840172, 0.006490214262157679, -0.01270959060639143, -0.030016828328371048, -0.015721842646598816, 0.0025960856582969427, 0.027374502271413803, 3.2125943107530475e-05, -0.023477070033550262, 0.00959825050085783, 0.008111942559480667, -0.018879422917962074, -0.024956773966550827, -0.006212770007550716, 0.020240221172571182, -3.413865124457516e-05, -0.00016659042739775032, 0.007960008457303047, -0.005337499547749758, -0.004904818255454302, 0.008032672107219696, -0.003960186615586281, -0.0007051708525978029, -0.009644491598010063, -0.021006494760513306, -0.027321655303239822, 0.01013992726802826, -0.014070387929677963, 0.018707670271396637, 0.02218233048915863, 0.020015623420476913, 0.011916892603039742, 0.01869446039199829, 0.010490035638213158, 0.01753183640539646, -0.0145195834338665, 0.01720154471695423, 0.00038788525853306055, 0.009736972860991955, 0.03147010877728462, -0.006344886496663094, 0.03884219750761986, 0.019130444154143333, 0.024626482278108597, -0.010305073112249374, 0.020015623420476913, 0.0028008660301566124, 0.01354192290455103, -0.00036001697299070656, -0.011606418527662754, 0.013238055631518364, -0.003573746420443058, -0.01038434263318777, -0.024652905762195587, 0.01676556095480919, 0.00509638711810112, -0.0024160773027688265, 0.006186346989125013, -0.0203327015042305, -0.017056217417120934, 0.0520009845495224, -0.01297382265329361, -0.0017406325787305832, -0.011071347631514072, -0.01274922490119934, -0.03876292705535889, -0.009935147128999233, -0.014717758633196354, 0.032764848321676254, 0.01315218023955822, -0.019064385443925858, -0.012603896670043468, -0.02370166778564453, -0.0015168605605140328, -0.03606775403022766, -0.007107858080416918, -0.012854917906224728, -0.01126952189952135, -0.02107255347073078, 0.010747662745416164, 0.039819858968257904, 0.046346407383680344, 0.018522707745432854, 0.0035407175309956074, 0.009822848252952099, 0.029779018834233284, -0.017914973199367523, -0.033874623477458954, -0.021561384201049805, 0.002871878445148468, -0.00873949471861124, 0.009657703340053558, 0.0026951730251312256, 0.006622330751270056, -0.008779129944741726, 0.009855877608060837, 0.018047088757157326, -8.778510527918115e-05, 0.003970095422118902, -0.020847955718636513, 0.01919650100171566, 0.008792340755462646, 0.004591042175889015, 0.010351314209401608, -0.01648811623454094, -0.009049967862665653, -0.007735410705208778, 0.007675958331674337, -0.0030617958400398493, -0.013753308914601803, -0.02000241167843342, 0.02500961907207966, -0.0014565824531018734, -0.012200942263007164, -0.015008414164185524, 0.004349929746240377, -0.000964449136517942, -0.013079515658318996, 0.01869446039199829, 0.004059274215251207, -0.008039277978241444, 0.01839059218764305, 0.009756790474057198, 0.025353122502565384, -0.012927582487463951, -0.006988953333348036, 0.006539757829159498, -0.016686292365193367, 0.030492447316646576, 0.007484389469027519, -0.04277926683425903, 0.010694816708564758, -5.578817945206538e-05, -0.005231806542724371, 0.037600304931402206, -0.014070387929677963, 0.006955924443900585, 0.028537126258015633, -0.012194336391985416, -0.017465777695178986, -0.02279006503522396, 0.007735410705208778, 0.012207548134028912, 0.01944752223789692, -0.01000120583921671, 0.00741172581911087, -0.00930759496986866, -0.012788860127329826, 0.002348367590457201, -0.032130688428878784, -0.0031955635640770197, -0.027480194345116615, -0.011011895723640919, -0.007094646338373423, 0.026819612830877304, 0.038075923919677734, 0.0067082061432302, 0.023913053795695305, -0.01107795350253582, 0.0016423710621893406, -0.021006494760513306, -0.04888303950428963, -0.010357920080423355, 0.005912205204367638, 0.049966391175985336, 0.01654096320271492, 0.009036756120622158, -0.0030799617525190115, 0.02619866654276848, -0.018628401681780815, -0.007028588093817234, -0.002931330818682909, -0.004633979871869087, -0.009373652748763561, -0.03548644483089447, 0.029858289286494255, 0.02456042356789112, 0.017545048147439957, 0.030307484790682793, 0.042277224361896515, -0.011566784232854843, 0.026013704016804695, -0.03368966281414032, 0.003415206912904978, -0.016884466633200645, -0.027427349239587784, 0.0002510210033506155, 0.03310834988951683, 0.0010660135885700583, 0.008633801713585854, -0.02058372274041176, -0.005730545613914728, 0.0123792989179492, 0.004574527498334646, 0.01416287012398243, 0.0019222925184294581, 0.019975988194346428, -0.022327657788991928, 0.020927226170897484, -0.032209958881139755, 0.01230663526803255, -0.015444397926330566, -0.004534892737865448, -0.019843870773911476, -0.018734093755483627, -0.0010552791645750403, -0.0030551899690181017, 0.024573635309934616, 0.004297083243727684, 0.00020023880642838776, -0.016356000676751137, -0.011784776113927364, -0.006159923505038023, -0.027044210582971573, -0.005436586681753397, -0.029356246814131737, -0.006797384936362505, -0.03368966281414032, -0.006192952394485474, -0.007471178192645311, 0.00990211870521307, 0.02107255347073078, -0.014915932901203632, 0.01038434263318777, -0.03144368529319763, -0.001261710887774825, -0.018786940723657608, -0.005951840430498123, 0.04380977153778076, 0.017941396683454514, 0.02339780144393444, 0.028589971363544464, 0.014625276438891888, -0.022803276777267456, -0.016197461634874344, 0.010655181482434273, -0.008594166487455368, 0.017267603427171707, 0.019949564710259438, 0.007570265326648951, -0.03826088830828667, -0.014915932901203632, -0.0006093865376897156, -0.01927577145397663, -0.03326689079403877, 0.0034218127839267254, 0.009116026572883129, 0.006870048586279154, -0.008633801713585854, 0.020253432914614677, -0.021587807685136795, 0.010774086229503155, -0.002229462843388319, 0.0090565737336874, 0.005083175376057625, -0.027902966365218163, -0.02630436047911644, 0.029197707772254944, 0.002525073243305087, 0.011388426646590233, 0.012815283611416817, -0.014678123407065868, 0.00016700329433660954, 0.01359476987272501, -0.025564508512616158, 0.0016060390044003725, 0.013185208663344383, 0.024771809577941895, -0.021733134984970093, 0.012438751757144928, 0.012755830772221088, 0.011474302969872952, 0.009248142130672932, -0.0016795287374407053, 0.021416055038571358, 0.02519458346068859, 0.005215291865170002, 0.00637461245059967, 0.0029197707772254944, 0.006397732999175787, -0.016554174944758415, -0.005264835432171822, -0.017492201179265976, -0.03775884583592415, -0.006288737058639526, -0.013238055631518364, 0.02005525678396225, -0.010106898844242096, -0.0004198821843601763, -0.0016737486002966762, -0.012669955380260944, -0.008680041879415512, -0.021402843296527863, 0.009908724576234818, -0.007405119948089123, -0.018456650897860527, -0.023490281775593758, 0.0009116026340052485, 0.007781651336699724, 0.01957963965833187, -0.022301234304904938, -0.01363440416753292, -0.0002638197911437601, 0.0315229557454586, -0.018298109993338585, 0.015378340147435665, -0.025736259296536446, -0.016725925728678703, -0.03020179085433483, 0.020821532234549522, 0.012498203665018082, -0.025683412328362465, 0.015827534720301628, 0.009571827948093414, -0.034588053822517395, -0.0032797877211123705, 0.022922182455658913, 0.0016027361853048205, -0.018786940723657608, -0.019672119989991188, 0.025022830814123154, -0.015827534720301628, 0.019090808928012848, -0.023516705259680748, -0.013211632147431374, 0.02693851850926876, -0.008647013455629349, -0.017981031909585, -0.02127072773873806, -0.013766520656645298, -0.014281773939728737, -0.02182561717927456, 0.03527505695819855, 0.0027579283341765404, 5.7749282859731466e-05, -0.02182561717927456, -0.00741172581911087, 0.01316539105027914, 0.014625276438891888, -0.012227365747094154, 0.0028983016964048147, -0.014413890428841114, -0.026727132499217987, 0.008983910083770752, 0.0036530164070427418, -0.0016960432985797524, 0.0036133814137429, 0.01808672398328781, 0.02362239919602871, 0.014189292676746845, -0.03199857473373413, -0.01598607562482357, -0.0225390437990427, -0.03313477337360382, -0.0337425097823143, -0.006060836371034384, -0.015285858884453773, 0.03176076337695122, 0.016422059386968613, -0.02187846228480339, -0.019315406680107117, 0.01169890072196722, -0.04383619502186775, -0.018099935725331306, 0.013198420405387878, 0.00839599221944809, 0.026595015078783035, 0.029092013835906982, -0.0130002461373806, 0.029779018834233284, 0.0030766588170081377, 0.02619866654276848, -0.02895989827811718, 0.015378340147435665, -0.003946975339204073, -0.02215590700507164, -0.0026159032713621855, -0.003920551855117083, -0.045897211879491806, 0.0024722267407923937, 0.0045580132864415646, 0.006909683812409639, 0.016501327976584435, 0.026766767725348473, -0.012610502541065216, -0.03020179085433483, -0.017545048147439957, -0.01477060467004776, -0.025181371718645096, -0.0025201188400387764, 0.051155440509319305, -0.028801357373595238, -0.036913301795721054, 0.015801111236214638, 0.002092392183840275, 0.006126894615590572, -0.006391127128154039, 0.011751746758818626, -0.00915566086769104, 0.02016095072031021, -0.0033854807261377573, 0.002450757659971714, 0.007675958331674337, -0.0014086902374401689, 0.031602222472429276, 0.0011774867307394743, 0.011196858249604702, 0.041035328060388565, 0.000842241570353508, 0.004524983931332827, 0.017412930727005005, 0.024243345484137535, -0.0015829186886548996, -0.0022030395921319723, 0.02238050475716591, -0.011857439763844013, 0.013687251135706902, -0.013277689926326275, 0.008283693343400955, -0.012577474117279053, -0.012049008160829544, 0.0011601464357227087, -0.01841701567173004, -0.006754446774721146, -0.007286215201020241, -0.000300564628560096, -0.024798233062028885, -0.012049008160829544, 0.028722088783979416, 0.004795822314918041, -0.006348189432173967, -0.019130444154143333, -0.0077486224472522736, -0.005202080123126507, -0.04026905447244644, 0.00533089367672801, 0.007576871197670698, -0.023794149979948997, 0.0005330067942850292, 0.02359597571194172, 0.02423013374209404, 0.011665871366858482, 0.20673562586307526, 0.0004196757508907467, -0.016369212418794632, 0.03139083832502365, 0.009822848252952099, -0.01349568273872137, 0.01601249910891056, 0.005674396175891161, -0.006628936622291803, 0.013198420405387878, -0.028193622827529907, 0.013806155882775784, 0.011150617152452469, 4.91823666379787e-05, -0.002047803020104766, 0.002932982286438346, -0.03728322684764862, -0.03408601135015488, 0.008382780477404594, -0.004323506727814674, 0.0218520388007164, 0.025736259296536446, 0.01060894038528204, -0.024903926998376846, 0.017941396683454514, 0.013277689926326275, 0.022908970713615417, -0.0010395903373137116, 0.024547211825847626, 0.015259435400366783, -0.022221965715289116, 0.009201901964843273, 0.013898637145757675, 0.014915932901203632, -0.024137651547789574, -0.015497244894504547, 0.014043965376913548, 0.002723247744143009, 0.01765074022114277, 0.015827534720301628, -0.00041885001701302826, 0.0019569729920476675, 0.03136441484093666, 0.008825370110571384, -0.013251267373561859, 0.00962467398494482, -0.021006494760513306, 0.02718953974545002, 0.014017541892826557, 0.03857796639204025, -0.04439108446240425, 0.013436229899525642, 0.014678123407065868, 0.01917007751762867, 0.010021023452281952, -0.010324890725314617, 0.012267000041902065, -0.0138325784355402, -0.004171573091298342, -0.0047925193794071674, -0.007603294216096401, 0.015100895427167416, 0.01919650100171566, 0.017994243651628494, -0.010959048755466938, -0.0022129483986645937, -0.014043965376913548, -0.04391546547412872, 0.031575802713632584, -0.008858399465680122, 0.009466134011745453, -0.024705752730369568, -0.013456047512590885, 0.01930219493806362, 0.010258832015097141, -0.008164788596332073, 0.00766935246065259, 0.00029953246121294796, 0.012346270494163036, 0.031205875799059868, -0.0006139280158095062, -0.006648753769695759, -0.01048342976719141, 0.021429266780614853, -0.023688456043601036, -0.020253432914614677, 0.007193733938038349, 0.0014177733100950718, 0.007484389469027519, -0.014532795175909996, -0.010490035638213158, 0.0224069282412529, -0.012669955380260944, -0.009162266738712788, -0.009116026572883129, -0.002189828082919121, -0.009954964742064476, 0.005882479250431061, 0.011031713336706161, -0.013271084986627102, -0.03427097573876381, 0.05197456106543541, 0.03654337301850319, 0.00896409247070551, 0.00460425391793251, -0.006830413825809956, 0.019262559711933136, 0.015008414164185524, -0.01676556095480919, -0.014294985681772232, -0.001966881798580289, -0.04719195142388344, -0.014863085933029652, -0.0031047335360199213, 0.005007208790630102, 0.0071408869698643684, 0.0013352006208151579, -0.020530875772237778, -0.01420250441879034, -0.012438751757144928, -0.004881698172539473, -0.014308197423815727, 0.009618068113923073, 0.00751081295311451, 0.017558259889483452, -0.005132718943059444, -0.0222616009414196, 0.005241714883595705, 0.03294980898499489, -0.0028454551938921213, 0.023477070033550262, -0.009261353872716427, 0.008746100589632988, -0.018522707745432854, -0.015999287366867065, -0.009373652748763561, 0.009380258619785309, -0.0019322012085467577, 0.01334374863654375, 0.003791738534346223, -0.007768439594656229, -0.0021204669028520584, -0.0011411546729505062, -0.012465175241231918, 0.011362004093825817, -0.019592851400375366, -0.012194336391985416, 0.001156843500211835, -0.019262559711933136, -0.0367811843752861, 0.005591823253780603, 0.002232765778899193, -0.0035968669690191746, -0.022314446046948433, -0.01562936045229435, -0.008191212080419064, 0.009921935386955738, -0.031020913273096085, 0.029144860804080963, -0.023913053795695305, -0.037415340542793274, -0.005644669756293297, 0.005076569505035877, 0.0002902430424001068, -0.01073445100337267, -0.013449441641569138, -0.16551533341407776, 0.020517664030194283, 0.035671405494213104, -0.0201873742043972, 0.00048800467629916966, -0.008732888847589493, 0.042832110077142715, 0.000757604546379298, -0.0022938696201890707, -0.016408847644925117, 0.010298467241227627, 0.001146109076216817, -0.03826088830828667, -0.006427458953112364, -0.015814322978258133, 0.0054002548567950726, 0.00046529716928489506, -0.011031713336706161, 0.020861167460680008, 0.031602222472429276, 0.03368966281414032, -0.04624071344733238, 0.005023723002523184, -0.021984156221151352, 0.0025647080037742853, 0.004726461600512266, -0.0020940436515957117, -0.016052132472395897, -0.022776853293180466, -0.009294383227825165, -0.020927226170897484, 0.01957963965833187, 0.027017787098884583, 0.0012575822183862329, 0.02356955222785473, -0.003134459722787142, 0.00814497098326683, 0.002254234626889229, -0.020861167460680008, -0.010549488477408886, -0.02207663655281067, 0.011388426646590233, 0.007623111829161644, 0.025656988844275475, 0.011011895723640919, 0.01626351848244667, 0.016461694613099098, -0.0002997388946823776, -0.0007695775711908937, -0.020623357966542244, 0.020861167460680008, -0.024718964472413063, -0.004941150546073914, -0.004102211911231279, 0.013211632147431374, 0.006285434123128653, 0.011606418527662754, 0.0036034726072102785, -0.008825370110571384, -0.027004575356841087, -0.002630766248330474, -0.0100936871021986, -0.0034614475443959236, -0.007821286097168922, -0.02389984205365181, 0.007134281564503908, -0.004980785306543112, -0.009558616206049919, -0.0478525310754776, -0.002006516559049487, 0.0077023813501000404, 0.029250552877783775, -0.014836663380265236, -0.016580598428845406, 0.0003073768748436123, 0.03073025681078434, -0.029250552877783775, 0.011553572490811348, 0.01889263466000557, 0.015999287366867065, -0.007742016576230526, 0.015814322978258133, -0.01883978769183159, 0.038102347403764725, 0.006480305455625057, -0.006235890556126833, -0.0035473231691867113, -0.03379535675048828, 0.0012311589671298862, -0.011982950381934643, 0.021416055038571358, -0.039264969527721405, -0.006632239557802677, 0.018218841403722763, -0.00788073893636465, 0.002087437780573964, 0.005066661164164543, 0.004168270155787468, 0.0037421947345137596, -0.0036596220452338457, 0.0026373721193522215, -0.03168149292469025, -0.034667324274778366, 0.007035193964838982, 0.039951976388692856, 0.012484992854297161, 0.01676556095480919, 0.016025708988308907, 0.025960857048630714, 0.002804168965667486, -0.0029263764154165983, 0.025353122502565384, -0.0052945613861083984, 0.03006967529654503, 0.00706822331994772, 0.024084804579615593, 0.005542279686778784, 0.006856837309896946, 0.021534960716962814, 0.01977781392633915, 0.03897431492805481, -0.012484992854297161, 0.005182262510061264, 0.0019536700565367937, 0.005165748298168182, 0.005687607452273369, -0.09850592911243439, -0.018773728981614113, 0.0026373721193522215, 0.02685924805700779, -0.05596447363495827, -0.008059095591306686, 0.0018545829225331545, 0.050442010164260864, -0.010589122772216797, 0.0034878707956522703, -0.046874869614839554, -0.02577589452266693, 0.004848668817430735, 0.02076868526637554, -0.012729407288134098, 0.002805820433422923, -0.011348792351782322, 0.00918208435177803, 0.013845790177583694, 0.02660822682082653, -0.025551296770572662, -0.023358166217803955, 0.006526546087116003, -0.0022492804564535618, -0.014730969443917274, 0.007372090592980385, -0.01135539822280407, -0.023331742733716965, -0.0015399808762595057, 0.013660827651619911, 0.006288737058639526, -0.015233011916279793, 0.0144535256549716, -0.020200585946440697, -0.025841953232884407, -0.008680041879415512, -0.02415086328983307, 0.009736972860991955, 0.03902716189622879, -0.016091767698526382, -0.0013236403465270996, 0.014995202422142029, 0.011685688979923725, -0.01737329550087452, -0.011665871366858482, -0.010172956623136997, -0.02771800383925438, 0.05247660353779793, -0.017822491005063057, -0.0276651568710804, -0.0015738357324153185, 0.004290477372705936, -0.0028999531641602516, -0.032209958881139755, 0.0531107597053051, 0.01957963965833187, -0.004178178496658802, 0.032870542258024216, -0.001554843969643116, 0.025841953232884407, 0.0046174656599760056, -0.007497601211071014, -0.001113905687816441, -0.00022273986542131752, 0.03350469842553139, -0.002090740716084838, 0.0015143833588808775, -0.009637885726988316, -0.00434332387521863, -0.0022608404979109764, -0.014902721159160137, -0.010377736762166023, -0.03863081336021423, -0.007986431941390038, -0.014281773939728737, 0.02901274338364601, -0.006955924443900585, -0.008772524073719978, 0.02187846228480339, -0.04774683713912964, 0.013753308914601803, -0.010542882606387138, -0.029065590351819992, -0.0289070513099432, 0.03686045482754707, 0.023252472281455994, 0.007107858080416918, 0.012134884484112263, -0.02948836237192154, -0.06045642867684364, 0.008217635564506054, 0.017161909490823746, 0.018073512241244316, -0.007094646338373423, 0.008151576854288578, 0.028589971363544464, -0.012247183360159397, -0.009730366989970207, -0.006665268447250128, 0.011903680860996246, 0.0015185120282694697, -0.0186680369079113, -0.038155194371938705, 0.012412328273057938, 0.01919650100171566, 0.009413287974894047, 0.002847106661647558, 0.01385900191962719, -0.0007526501431129873, -0.03548644483089447, 0.012841706164181232, -0.003134459722787142, -0.013806155882775784, 0.005505947861820459, -0.006394430063664913, -0.008329934440553188, -0.0047793081030249596, 0.00348456809297204, 0.025234216824173927, -0.00087114202324301, -0.007292821072041988, -0.010252226144075394, 0.0006056707352399826, 0.00462737400084734, 0.007867527194321156, 0.019355041906237602, -0.015219800174236298, -0.0003115055151283741, 0.008382780477404594, 0.002183222211897373, -0.02898632176220417, -0.007233368698507547, 0.00807891320437193, -0.034482359886169434, 0.021640652790665627, 0.03202499821782112, 0.008660225197672844, -0.013647615909576416, 0.009195296093821526, 0.02331853099167347, 0.07308674603700638, -0.010278649628162384, -0.015061261132359505, -0.014334620907902718, 0.009367046877741814, -0.017082640901207924, -0.008818764239549637, -0.003330982755869627, -0.033980317413806915, 0.029884712770581245, 0.02491713874042034, -0.005129416007548571, 0.03849869593977928, 0.008594166487455368, -0.012861523777246475, -0.028510702773928642, -0.02956763282418251, -0.03667549043893814, 0.0094727398827672, 0.017571471631526947, 0.002967662876471877, -0.020253432914614677, 0.04468173906207085, -0.019962776452302933, -0.0029627084732055664, -0.00039201389881782234, 0.0034647504799067974, -0.015668995678424835, -0.005311076063662767, 0.013006852008402348, 0.00032843291410245, -0.027982236817479134, -0.019355041906237602, 0.004974179435521364, 0.00751081295311451, 0.008250663988292217, 0.014942356385290623, -0.01019277423620224, -0.024467943236231804, 0.004785913974046707, -0.002805820433422923, 0.029329823330044746, 0.011322368867695332, -0.017135487869381905, 0.001963578863069415, 0.021165035665035248, 0.030968066304922104, 0.01385900191962719, -0.007801468949764967, 0.024349037557840347, 0.007220156956464052, -0.006143408827483654, -0.01482345163822174, 0.02071584016084671, -0.01393827237188816, 0.005175657104700804, 0.013964694924652576, 0.010648575611412525, 0.0036431076005101204, 0.005978263448923826, 0.016607021912932396, -0.006694994401186705, 0.022922182455658913, 0.0034383272286504507, 0.007576871197670698, -0.02769158035516739, -0.03841942548751831, 0.008666831068694592, -0.045104511082172394, -0.023159991949796677, -0.013396594673395157, -0.002450757659971714, -0.009518980979919434, -0.00634158356115222, 0.007015376817435026, 0.003273181850090623, -0.016659868881106377, -0.00842241570353508, 0.0037025599740445614, -0.02491713874042034, -0.025273852050304413, 0.019672119989991188, 0.0051789600402116776, 0.014030753634870052, 0.005585217382758856, -0.0027397621888667345, 0.019989199936389923, 0.022420139983296394, -0.009710549376904964, -0.027559464797377586, 0.022776853293180466, -0.009234931319952011, 0.010186168365180492, 0.0028933475259691477, -0.011348792351782322, -0.01038434263318777, -0.02580231800675392, -0.01588038168847561, -0.01942109875380993, -0.005756968632340431, -0.014057176187634468, 0.07012734562158585, -0.004264054354280233, -0.01338998880237341, 0.016461694613099098, -0.004032850731164217, 0.036279141902923584, 0.008600772358477116, -0.005258229561150074, -0.000601129257120192, -0.044602468609809875, 0.038683660328388214, 0.025300275534391403, 0.009618068113923073, 0.006054230500012636, -0.00408569723367691, 0.020702628418803215, 0.003610078478232026, 0.000530942459590733, 0.013423018157482147, -0.018218841403722763, 0.004059274215251207, -0.011157223023474216, -0.003510991344228387, 0.003831373294815421, -0.0012567564845085144, -0.0024738782085478306, -0.012491597793996334, -0.014955567196011543, -0.018905846402049065, -0.008303510956466198, -0.001923943986184895, 0.013271084986627102, -0.018126359209418297, 0.005403557792305946, -0.002463969402015209, -0.005892388056963682, 0.016884466633200645, -0.01598607562482357, 0.007742016576230526, 0.02281648851931095, 0.009393470361828804, -0.021455690264701843, -0.018747305497527122, -0.003983307164162397, 0.012352876365184784, 0.002568010939285159, 0.0028603184036910534, -0.001725769485346973, -0.024996407330036163]","[-0.04163692519068718, 0.0035783934872597456, -0.003569584107026458, -0.039015237241983414, -0.038423243910074234, 0.010049805976450443, -0.030868269503116608, -0.030558176338672638, -0.03673183172941208, -0.010606562718749046, 0.01925390586256981, 0.022439399734139442, 0.012763112783432007, -0.004411766305565834, -0.012819493189454079, -0.0014147956389933825, 0.009676286019384861, 0.0102612329646945, 0.014771664515137672, -0.00024600353208370507, 0.018210869282484055, 0.007562021259218454, -0.024736899882555008, -0.008428869768977165, 0.00931686069816351, 0.024948326870799065, 0.015222707763314247, -0.03146026283502579, 0.011304270476102829, 0.016054319217801094, 0.008316108956933022, 0.0004166864091530442, -0.023707957938313484, -0.025892699137330055, -0.03594250604510307, -0.03196768835186958, -0.01090256031602621, -0.006120797246694565, 0.030727317556738853, -0.0208466537296772, 0.022509874776005745, -0.008294966071844101, 0.004355385899543762, -0.016026128083467484, -0.025667177513241768, 0.01812629960477352, 0.015222707763314247, -0.036872781813144684, -0.02321462891995907, 0.004330719355493784, -0.007928493432700634, 0.014813950285315514, -0.03574517369270325, -0.013827293179929256, -0.0013575343182310462, -0.015011281706392765, -0.0020455513149499893, 0.026484692469239235, -0.020043231546878815, 0.008471155539155006, 0.009415526874363422, -0.0025899745523929596, -0.007674782071262598, 0.013925958424806595, 0.014757569879293442, -0.030389035120606422, -0.0032524443231523037, -0.01303796749562025, 0.011980835348367691, -0.003788058180361986, 0.019183430820703506, 0.012453020550310612, -0.0030551129020750523, 0.014968995936214924, 0.01713964156806469, -0.004140435717999935, -0.0033687290269881487, -0.0010262994328513741, 0.01071932353079319, 0.007766399998217821, 0.024990612640976906, -0.014447477646172047, -0.012030167505145073, 0.006962979212403297, 0.0033017771784216166, 0.0020420276559889317, 0.0260759349912405, -0.007251929026097059, -0.007886208593845367, -0.007618401665240526, 0.022199783474206924, 0.01207950059324503, 0.03960723057389259, 0.02694983221590519, 0.021241316571831703, 0.01925390586256981, -0.003486775327473879, 0.006120797246694565, 0.020127803087234497, -0.009915903210639954, 0.014954901300370693, -0.006226510275155306, -0.04194701835513115, -0.008428869768977165, -0.013552438467741013, -0.009345050901174545, 0.03554784134030342, -0.003992436919361353, -0.014165575616061687, -0.029599709436297417, -0.020451990887522697, 0.06224396079778671, -0.0033546339254826307, -0.045132510364055634, -0.026230981573462486, -0.006529555190354586, -0.028669433668255806, -0.01870419830083847, -0.02544165588915348, -0.0005298876785673201, 0.030219893902540207, 0.018746482208371162, 0.04933284968137741, -0.015405944548547268, 0.01626574620604515, -0.0022023594938218594, 0.00512004503980279, -0.011677790433168411, 0.0010817989241331816, -0.017604779452085495, 0.06822028756141663, 0.016787264496088028, 0.007858018390834332, 0.025512130931019783, 0.005948132369667292, 0.003921961411833763, -0.011691885069012642, 0.0008390989387407899, -0.048571713268756866, -0.003964246716350317, 0.002433166606351733, 0.037859439849853516, -0.0186478178948164, -0.000541339919436723, -0.023975765332579613, 0.02112855575978756, 0.0131648238748312, 0.005993941333144903, 0.006191272754222155, -0.018845148384571075, 0.03450480476021767, -9.002143997349776e-06, 0.006416794378310442, 0.006494317203760147, 0.00452100345864892, 0.01622346043586731, -0.009598762728273869, -0.024060335010290146, -0.02118493616580963, -0.002144217025488615, -0.0015055328840389848, 0.020000947639346123, 0.023045487701892853, 0.008527535945177078, 0.042990054935216904, 0.01334101241081953, 0.014031671918928623, -0.009133624844253063, -0.01148045901209116, -0.022848157212138176, 0.008055349811911583, 0.021029889583587646, -0.023130059242248535, 0.02631555125117302, -0.00321544473990798, 0.031121980398893356, 0.005923465825617313, 0.03594250604510307, -0.02204473689198494, -0.012601019814610481, -0.01713964156806469, -0.011980835348367691, 0.04583726450800896, 0.042116157710552216, -0.032897964119911194, -0.028556672856211662, 0.025906793773174286, -0.008146967738866806, 0.031065599992871284, -0.016364410519599915, 0.024567758664488792, 0.003735201433300972, 0.0025212611071765423, 0.000978728523477912, -0.5854541063308716, -0.03346176818013191, -0.0111985569819808, -0.02545575052499771, 0.013510153628885746, 0.03707011416554451, 0.017379257827997208, 0.02752773091197014, -0.0446532778441906, 0.01224159449338913, -0.01656174287199974, 0.030755508691072464, 0.014461572282016277, -0.006804409436881542, -0.0012641543289646506, 0.0011029415763914585, 0.009175910614430904, -0.014334716834127903, -0.03030446544289589, 0.028951335698366165, -0.01470118947327137, 0.004246148746460676, 0.013672247529029846, 0.0006232677260413766, 0.017520209774374962, -0.028584862127900124, -0.00421795854344964, 0.005218710750341415, -0.0100991390645504, 0.03030446544289589, -0.03360271826386452, 0.0003695558989420533, 0.016110699623823166, -0.03244692087173462, 0.041157692670822144, -0.016364410519599915, -0.02937418781220913, 0.010951892472803593, 0.0392407588660717, 0.02597726881504059, -0.0057472772896289825, -0.026512883603572845, -0.016773169860243797, 0.023073678836226463, 0.00506014097481966, -0.0017248878721147776, -0.008471155539155006, -0.015053566545248032, -0.018450485542416573, -0.0348430871963501, 0.016448982059955597, 0.019690854474902153, 0.011431125923991203, -0.014983091503381729, -0.012798351235687733, -0.005504136439412832, 0.016434887424111366, -0.025638986378908157, 0.013742722570896149, -0.006550697609782219, -0.004172149579972029, 0.024440903216600418, -0.012988634407520294, 0.0010377517901360989, -0.01781620644032955, -0.008041254244744778, -0.011734170839190483, 0.005613373592495918, 0.012692637741565704, -0.00226050172932446, 0.004982617683708668, 0.0021477409172803164, -0.0009452526574023068, -0.015716036781668663, -0.010585419833660126, 0.030699128285050392, 0.026118220761418343, -0.016040224581956863, -0.011424078606069088, 0.02693573571741581, 0.03255968168377876, -0.015011281706392765, -0.007991922087967396, 0.0008047420997172594, 0.04961475357413292, 0.024370428174734116, -0.006864313967525959, -0.007449260447174311, -0.005662706680595875, -0.02542756125330925, 0.0006518983864225447, 0.011233794502913952, -0.01191740669310093, -0.03131931275129318, 0.007695924490690231, 0.00015031102520879358, -0.0030093039385974407, -0.03396918997168541, 0.00012157023593317717, -0.006437936797738075, -0.020000947639346123, -0.008224491029977798, 0.012453020550310612, 0.013326916843652725, 0.01086027454584837, 0.008527535945177078, -0.021621882915496826, -0.013876626268029213, 0.024708710610866547, -0.024906041100621223, -0.011875121854245663, -0.001472937990911305, 0.014341764152050018, 0.018901528790593147, 0.0023662149906158447, -0.03769029676914215, 0.02015599235892296, 0.002896543126553297, 0.029797041788697243, 0.007688877172768116, 0.01895790919661522, 0.020000947639346123, -0.007163834758102894, -0.00025305108283646405, 0.008210395462810993, 0.030501795932650566, 0.03991732373833656, -0.011811694130301476, 0.0014165575848892331, -0.012770161032676697, 0.008013064041733742, -0.004232053644955158, 0.0190424807369709, -0.02515975385904312, -0.0011240842286497355, 0.02445499785244465, 0.04772600904107094, -0.0022023594938218594, 0.011515696533024311, -0.01742154359817505, -0.007315356750041246, 0.005137663800269365, 0.008964483626186848, -0.0018411724595353007, 0.038733333349227905, -0.036872781813144684, -0.028866764158010483, 0.013115490786731243, -0.04003008455038071, -0.009993425570428371, -0.03210863843560219, -0.012770161032676697, -0.008428869768977165, 0.014687093906104565, -0.01985999569296837, 0.0013910102425143123, -0.005712039303034544, -0.02542756125330925, 0.0008703724015504122, -0.0006069702212698758, -0.0012394879013299942, 0.017548399046063423, -0.031065599992871284, -0.025540322065353394, 0.0007443974609486759, -0.01895790919661522, -0.003014589427039027, -0.00978199951350689, -0.0004968522698618472, -0.027020307257771492, -0.0029705422930419445, -0.012692637741565704, -0.0021477409172803164, 0.0004019305924884975, 0.009239338338375092, 0.004813476465642452, -0.019986851140856743, 0.008689628913998604, -0.000645291293039918, -0.0021142649929970503, 0.011649600230157375, 0.017830301076173782, 0.013573581352829933, 0.01069818064570427, -0.00024688447592779994, 0.01238254550844431, -0.002787305973470211, -0.014799854718148708, -0.047951530665159225, 0.04408947378396988, 0.006610602140426636, -0.007308309432119131, -0.0016367934877052903, -0.005454803816974163, -0.000621946295723319, 0.030727317556738853, 0.007843922823667526, 0.023482436314225197, 0.013608818873763084, 0.0020966462325304747, 0.022805871441960335, -0.01811220310628414, 0.025540322065353394, -0.016364410519599915, 0.004669001791626215, -0.021635979413986206, 0.02762639708817005, -0.014073957689106464, 0.013362155295908451, 0.00905610155314207, -0.02510337345302105, -0.02174874022603035, -0.014828044921159744, -0.003567822277545929, 0.0019662664271891117, 0.0029687804635614157, 0.008760104887187481, 0.005944608245044947, -0.02363748289644718, 0.014412240125238895, -0.00843591708689928, -0.027090782299637794, 0.023820718750357628, 0.008344299159944057, 0.015222707763314247, 0.018253155052661896, 0.018732387572526932, 0.03380005061626434, -0.0050530931912362576, -0.01287587359547615, 0.0023133582435548306, -0.008689628913998604, -0.011015321128070354, 0.010839131660759449, 0.045527175068855286, -0.006931265350431204, 0.026287361979484558, -0.0009699190850369632, 0.024370428174734116, 0.013228251598775387, -0.014757569879293442, 0.014743474312126637, 0.04380756989121437, -0.024567758664488792, 0.014024624601006508, 0.010338756255805492, 0.020888937637209892, 0.03977637365460396, -0.002896543126553297, -0.014426334761083126, 0.02906409651041031, -0.004492813255637884, -0.0037598679773509502, 0.04132683202624321, 0.008943340741097927, -0.01774573139846325, -0.003964246716350317, -0.0008012183243408799, 0.011085796169936657, 0.03365910053253174, 0.0023186439648270607, 0.004876904655247927, -0.014757569879293442, -0.007329451851546764, 0.01750611513853073, -0.0038620573468506336, 0.005345566663891077, -0.012206356972455978, 0.003395157167688012, -0.012001977302134037, -0.00951419211924076, 0.0016500076744705439, 0.011233794502913952, -0.014278336428105831, -0.004443480167537928, -0.003118540858849883, 0.008055349811911583, 0.026724310591816902, 0.0001320314477197826, 0.003083303105086088, -0.029233237728476524, -0.01781620644032955, 0.016012033447623253, 0.005789562128484249, 0.009190005250275135, -0.0015266755362972617, -0.02789420261979103, 0.025582605972886086, 0.010296470485627651, 0.018506865948438644, 0.0021530266385525465, -0.0186478178948164, 0.018464580178260803, 0.008689628913998604, -0.018450485542416573, 0.012164071202278137, 0.0020790272392332554, -0.004690144676715136, 0.010303517803549767, 0.010980082675814629, 0.010803894139826298, 0.03425109386444092, -0.006325175985693932, -0.02813381887972355, 0.016928214579820633, -0.011092843487858772, -0.0034268712624907494, -0.02515975385904312, 0.014109195210039616, -0.003486775327473879, -0.007646591868251562, -0.01226273737847805, -0.018281344324350357, 0.009486001916229725, -0.003974818158894777, 0.016082508489489555, -0.000302604166790843, -0.0036294881720095873, 0.012784255668520927, 0.012086547911167145, -0.0013284632004797459, -0.013193014077842236, -0.05443527549505234, 0.030783697962760925, 0.013453773222863674, 0.018140394240617752, 0.023200534284114838, -0.006769171915948391, -0.009866570122539997, -0.0027784965932369232, -0.016167080029845238, -0.010874370113015175, 0.0161952693015337, -0.008950388990342617, 0.01988818682730198, -0.0013055586023256183, 0.016434887424111366, 0.014983091503381729, 0.00022750372590962797, -0.016096604987978935, 0.005648611579090357, -0.006737458053976297, 0.001860553165897727, -0.006237081717699766, -0.010141424834728241, -0.01805582270026207, 0.006473174784332514, 0.029966183006763458, 0.029881611466407776, 0.004735953640192747, 0.02353881672024727, -0.01654764823615551, 0.019127050414681435, -0.019380763173103333, -0.008485250174999237, 0.01994456723332405, 0.005620421376079321, 0.016110699623823166, -0.0054054707288742065, 0.015490515157580376, 0.008330204524099827, -0.001430652686394751, 0.007879161275923252, -0.012312069535255432, 0.0168436449021101, 0.016054319217801094, 0.014461572282016277, -0.01054313499480486, 0.012467116117477417, -0.022227972745895386, -0.00794258899986744, 0.012601019814610481, 0.0002378548088017851, -0.018577340990304947, 0.01653355173766613, -0.00279435352422297, -0.041777875274419785, -0.0050671882927417755, 0.004746525082737207, 0.024271761998534203, -0.02879628911614418, -0.022890442982316017, -0.027161257341504097, -0.025920888409018517, -0.021199030801653862, -0.03980456292629242, 0.010296470485627651, 0.0027432588394731283, 0.008802389726042747, -0.003816248383373022, -0.03301072493195534, -0.003241873113438487, -0.030558176338672638, 0.0020420276559889317, -0.002857781480997801, -0.0009937045397236943, -0.031375691294670105, 0.015448229387402534, 0.010451517067849636, 0.0055569931864738464, 0.0006245890981517732, -0.01990228146314621, 0.005035474430769682, 0.023778432980179787, 0.0016878882888704538, -0.014574333094060421, 0.003070969833061099, 0.007230786141008139, -0.032587870955467224, 0.014271289110183716, -0.0008188372012227774, -0.014828044921159744, -0.02792239375412464, 0.03092464990913868, -3.42191597155761e-05, 0.02236892469227314, 0.03337719663977623, -0.02083255723118782, 0.014503858052194118, -0.007125073112547398, 0.008710771799087524, 0.02267901599407196, 0.005955179687589407, 0.011614362709224224, -0.00198564724996686, 0.015504609793424606, -0.002974066184833646, -0.024750996381044388, 0.013122538104653358, 0.026442408561706543, 0.011121033690869808, 0.024018051102757454, -0.010585419833660126, -0.012967492453753948, 0.02482147142291069, 0.013235298916697502, 0.018182680010795593, 0.026400122791528702, 0.02174874022603035, 0.033518146723508835, -0.00020250694069545716, 0.04797971993684769, 0.026555169373750687, 0.0015064137987792492, -0.01991637609899044, -0.0245254747569561, 0.020015042275190353, 0.007364689838141203, 0.015434134751558304, -0.00383034348487854, 0.006631744559854269, -0.05079874023795128, -0.02117083966732025, -0.00858391635119915, -0.00749859306961298, -0.013629961758852005, -0.013742722570896149, -0.03148845210671425, -0.011973787099123001, -0.020437894389033318, 0.002399690682068467, 0.02848619781434536, -0.018464580178260803, 0.003756344085559249, -0.004654906690120697, -0.005567564629018307, -0.015800606459379196, 0.0034180618822574615, 0.00034202641109004617, -0.0183941051363945, -0.00951419211924076, -0.003497346770018339, 0.02415900118649006, -8.379289511140087e-07, 0.0034339188132435083, -0.00260054599493742, -0.03862057253718376, -0.005803657229989767, 0.0033475863747298717, -0.050685979425907135, -0.036027077585458755, 0.0035977743100374937, -0.0006858147098682821, 0.0220024511218071, 0.026104126125574112, -0.017026880756020546, 0.03608345612883568, 0.01620936580002308, 0.013524248264729977, -0.0042426250874996185, 0.010183709673583508, 0.019225716590881348, -0.009274575859308243, -0.008062397129833698, 0.040903981775045395, -0.01750611513853073, 0.013390345498919487, -0.012904063798487186, -0.025230228900909424, 0.004045293666422367, -0.0005025783902965486, 0.006564792711287737, -0.023482436314225197, -0.04964294284582138, 0.017336973920464516, -0.007195548620074987, 1.6118518033181317e-05, -0.012777208350598812, -0.03213682770729065, -0.01747792400419712, 0.024624139070510864, 0.028345245867967606, 0.032616060227155685, -0.012911112047731876, 0.010444468818604946, -0.007209643721580505, -0.004753572400659323, -0.007710019592195749, 0.025963174179196358, -0.027400875464081764, 0.006688124965876341, 0.01484214048832655, 0.004788810387253761, 0.027147162705659866, 0.008696677163243294, -0.011670743115246296, -0.0009584667859598994, -0.02236892469227314, 0.00237854802981019, 0.007125073112547398, -0.02971247024834156, 0.019761329516768456, -0.01561737060546875, -0.028288865461945534, -0.03129112347960472, -0.015673751011490822, -0.007244881242513657, -0.014532048255205154, 0.02999437227845192, 0.0025970221031457186, -0.00919705256819725, 0.005349090322852135, -0.004376528784632683, -0.0059868935495615005, -0.002882448025047779, -0.017336973920464516, 0.04896637797355652, 0.006638792343437672, -0.0035572508350014687, 0.0330389142036438, 0.013573581352829933, -0.01074046641588211, -0.014884425327181816, 0.026470597833395004, 0.023369675502181053, -0.00019050408445764333, 0.00033916335087269545, -0.012777208350598812, 0.010620658285915852, 0.010832084342837334, 0.0027503063902258873, -0.019733140245079994, -0.021523218601942062, 0.003326443722471595, 0.014447477646172047, 0.018845148384571075, 0.0067057437263429165, -0.008217443712055683, -0.01334101241081953, 0.00398186594247818, -0.002487785182893276, -0.0016297459369525313, -0.0035237749107182026, -0.027739156037569046, 0.00742811756208539, 0.03791581839323044, -0.03588612377643585, 0.029768850654363632, 0.005275091156363487, -0.008175157941877842, -0.0029634947422891855, -0.03766210749745369, -0.008090587332844734, 0.02974066138267517, -0.050037603825330734, 0.007463355548679829, 0.0459500253200531, -0.02236892469227314, -8.980120765045285e-05, -0.013770912773907185, -0.024906041100621223, -0.0472467765212059, -0.02056475169956684, 0.03286977484822273, -0.03309529647231102, -0.005796609912067652, 0.011945596896111965, 0.02783782221376896, -0.01811220310628414, -0.0005748157855123281, -0.006325175985693932, -0.030529987066984177, 0.00965514313429594, -0.006860789842903614, 0.03828229010105133, 0.006906599272042513, -0.002316882135346532, -0.02176283486187458, -0.0005369352293200791, -0.01348196342587471, 0.004306053277105093, 0.002628736197948456, -0.003021636977791786, -0.007836875505745411, 0.0022781204897910357, 0.004189768340438604, 0.015194517560303211, 0.02668202482163906, -0.013615867123007774, 0.011522743850946426, 0.008386584930121899, 0.04755686596035957, -0.01424309890717268, 0.03408195078372955, 0.0034074904397130013, -0.010606562718749046, -0.028429817408323288, -0.014066909439861774, -0.01869010180234909, -0.04003008455038071, 0.004792334046214819, -0.007442212663590908, -0.03391281142830849, -0.027978774160146713, 0.015391848981380463, 0.018464580178260803, -0.005137663800269365, 0.0011311317794024944, 0.017407448962330818, 0.0008457060321234167, 0.007872113026678562, -0.02269311062991619, -0.02850029245018959, -0.0029476378113031387, -0.011980835348367691, 0.006145463790744543, 0.013355107046663761, -0.013855483382940292, 0.0030621604528278112, 0.0003900378360413015, 0.0017169594066217542, -0.01592746376991272, -0.011029415763914585, 0.0002702295023482293, 0.015307278372347355, 0.028697622939944267, -0.01437700167298317, 0.014059862121939659, -0.011388841085135937, -0.042398061603307724, -0.013707485049962997, 0.005208139307796955, -0.027203543111681938, 0.016138888895511627, -0.016744978725910187, 0.019690854474902153, -0.01533546857535839, 0.01650536246597767, -0.008358394727110863, -0.0009628715342842042, -0.01547641959041357, -0.029486948624253273, -0.037211064249277115, -0.00997933093458414, 0.0010465611703693867, 0.023524722084403038, -0.007991922087967396, -0.010317613370716572, -0.03219320997595787, -0.013221204280853271, -0.02422947622835636, -0.01224159449338913, 0.008534583263099194, 0.00634984252974391, 0.030445415526628494, -0.01957809366285801, 0.004140435717999935, 0.01743563823401928, -0.02449728362262249, 0.019521713256835938, 0.010641800239682198, -0.027809632942080498, -0.02576584368944168, 0.009908854961395264, 0.004957951605319977, 0.0017248878721147776, -0.04005827382206917, 0.0034673945046961308, 0.022805871441960335, -0.014672999270260334, 0.0002442416443955153, 0.028951335698366165, 0.005063664633780718, -0.019817709922790527, 0.007526783272624016, -0.017534304410219193, 0.007512688171118498, 0.013045014813542366, 0.010761609300971031, -0.03131931275129318, -0.006230034399777651, 0.01833772473037243, 0.008513440378010273, -0.005761371925473213, -0.04096036031842232, -0.004496336914598942, -0.009070197120308876, 0.00825972855091095, 0.017308782786130905, -0.016674503684043884, 0.010247137397527695, -0.015039471909403801, 0.019394857808947563, 0.021607788279652596, 0.016322126612067223, 0.032305970788002014, 0.019986851140856743, -0.0111985569819808, 0.00026274146512150764, 0.02238301932811737, -0.017985347658395767, -0.0034691565670073032, -0.007512688171118498, -0.03363090753555298, -0.010381041094660759, 0.006053845398128033, 0.02693573571741581, -0.0021336458157747984, 0.0015689608408138156, 0.020522465929389, -0.02110036462545395, -0.0057860384695231915, -0.014574333094060421, 0.020339230075478554, -0.05356138199567795, -0.02974066138267517, 0.00356077472679317, -0.014017577283084393, 0.015067662112414837, -0.02479328028857708, -0.015391848981380463, 0.0037175826728343964, 0.015856986865401268, 0.011409983970224857, -0.007100406568497419, -0.026484692469239235, -0.006046798080205917, 0.004309576936066151, 0.005535850767046213, -0.012516449205577374, 0.19812072813510895, 0.01132541336119175, 0.02393347956240177, 0.04561174288392067, 0.010747513733804226, 0.02538527548313141, 0.03002256341278553, -0.002903590677306056, -0.008710771799087524, 0.03551965206861496, -0.002149502746760845, 0.020423799753189087, 0.005807181354612112, -0.004062912426888943, -0.01288292184472084, -0.04203158989548683, -0.04160873591899872, 0.001853505615144968, -0.04558355361223221, -0.009972283616662025, 0.004059388767927885, 0.0018640769412741065, -0.02203064225614071, -0.008999721147119999, 0.0374365858733654, 0.0018006489844992757, 0.004189768340438604, -0.01719602197408676, 0.01719602197408676, -0.007850971072912216, -0.029909802600741386, -0.009309813380241394, 0.00475709605962038, -0.013355107046663761, -0.04445594549179077, -0.019747234880924225, 0.006663458421826363, 0.005014332011342049, 0.01191740669310093, 0.017055071890354156, -0.007114501670002937, -0.015194517560303211, 0.004528050776571035, -0.015730131417512894, 0.014369954355061054, 0.03098103031516075, -0.004422337748110294, -0.016082508489489555, -0.026498788967728615, 0.014672999270260334, 0.012798351235687733, -0.03495584800839424, 0.026273267343640327, 0.021269505843520164, 0.024581855162978172, -0.007019359618425369, 0.001955695217475295, -0.004263767972588539, -0.003056874731555581, 0.036365360021591187, -0.02086074836552143, 0.015532799996435642, -0.013904816471040249, -0.003196063917130232, -0.010000473819673061, 0.015279088169336319, -0.02324282005429268, 0.03594250604510307, 0.010677038691937923, -0.00383034348487854, -0.0043800524435937405, -0.0190424807369709, -0.011811694130301476, 0.01178350392729044, -0.0015337230870500207, -0.021241316571831703, 0.04420223459601402, 0.029599709436297417, 0.024990612640976906, 0.03816952928900719, -0.034814897924661636, -0.035660602152347565, -0.007258976344019175, -0.029937991872429848, 0.0014218431897461414, -0.003781010629609227, -0.007294214330613613, 5.19481509400066e-05, -0.025286609306931496, 0.004464623052626848, -0.0004968522698618472, 0.006540126632899046, -0.000314496923238039, -0.025554416701197624, 0.0017477923538535833, 0.006906599272042513, 0.0020296943839639425, -0.022157497704029083, 0.00251949904486537, -0.004584431182593107, -0.027175353839993477, 0.007477450650185347, 0.02762639708817005, -0.009260480292141438, -0.0008963602595031261, -0.018563246354460716, -0.0033105865586549044, -0.007364689838141203, 0.0398891344666481, -0.03182673454284668, -0.020437894389033318, -0.01653355173766613, 0.010063901543617249, 0.006575364153832197, -0.00920410081744194, 0.0011593219824135303, 0.0066951727494597435, -0.029261427000164986, 0.015730131417512894, 0.016632217913866043, 0.0569160133600235, -0.01391891110688448, 0.0110364630818367, 0.009901807643473148, 0.023327389732003212, -0.009908854961395264, -0.016688598319888115, 0.0004052341391798109, -0.009697428904473782, -0.05113702267408371, 0.004232053644955158, -0.007149739656597376, 0.03224958851933479, -0.020029136911034584, -0.022834062576293945, -0.00596222747117281, 0.0006924218032509089, -0.030078943818807602, 0.0020437894854694605, 0.010817989706993103, -0.006550697609782219, 0.00961990561336279, -0.021847404539585114, 0.02145274169743061, 0.010113234631717205, -0.040875788778066635, -0.008210395462810993, -0.013150728307664394, -0.033489957451820374, -0.030417226254940033, -0.02541346475481987, -0.010634752921760082, 0.022890442982316017, 0.005497089121490717, 0.0263296477496624, 0.0012086548376828432, -0.0330389142036438, -0.0354914627969265, -0.022199783474206924, 0.009253432974219322, -0.020437894389033318, -0.0201982781291008, 0.029937991872429848, -0.042426250874996185, -0.017632970586419106, -0.00237854802981019, -0.17951519787311554, 0.030248085036873817, 0.013876626268029213, -0.015420039184391499, 0.01811220310628414, 0.006674029864370823, 0.006452031899243593, -0.011015321128070354, -0.02174874022603035, -0.014757569879293442, 0.011748265475034714, 0.0029881612863391638, -0.023496530950069427, 0.01842229627072811, -0.013975291512906551, 0.016632217913866043, 0.0069101229310035706, -0.009591715410351753, 0.025582605972886086, 0.02021237276494503, 0.014193765819072723, -0.014968995936214924, -0.008661438710987568, -0.00643088947981596, 0.01623755507171154, 0.022749491035938263, 0.019437143579125404, -0.0021741692908108234, -0.003943104296922684, -0.03439204394817352, -0.011254937388002872, -0.0010174900526180863, 0.0017301734769716859, 0.031178360804915428, 0.012530543841421604, -0.011149223893880844, -0.020762082189321518, -0.01226273737847805, 0.0018640769412741065, -0.00034797278931364417, 0.0049473801627755165, 0.00994409341365099, 0.0031167790293693542, -0.01055722963064909, 0.010042758658528328, 0.02448318898677826, 0.030558176338672638, -0.012918159365653992, -0.016167080029845238, 0.009563525207340717, 0.006642316002398729, -0.0508551225066185, -0.000555435020942241, 0.00349029921926558, 0.02604774571955204, 0.008922198787331581, -0.0001674894301686436, -0.007068692706525326, -0.01269968505948782, -0.006860789842903614, -0.017886681482195854, -0.013608818873763084, 0.012178166769444942, 0.00809763465076685, -0.01900019496679306, -0.04296186566352844, -0.009612858295440674, 0.0052046156488358974, -0.019380763173103333, -0.004327195696532726, -0.015025376342236996, -0.019225716590881348, 0.014109195210039616, -0.01991637609899044, 0.039973702281713486, -0.007554973475635052, -0.0484025739133358, -0.013552438467741013, 0.006427365820854902, 0.024666424840688705, -0.019380763173103333, 0.036872781813144684, -0.014532048255205154, 0.02762639708817005, -0.0011179175926372409, 0.028655339032411575, 0.023961670696735382, -0.00813992042094469, 0.0015346040017902851, -0.0104233268648386, 0.005800133571028709, -0.005359661765396595, -0.014073957689106464, -0.036619070917367935, -0.00011716551671270281, 0.006962979212403297, 0.0026181647554039955, -0.0005646849749609828, -0.0017248878721147776, -0.02422947622835636, 0.01104351133108139, -0.010310566052794456, 0.01348196342587471, 0.003879676340147853, 0.009133624844253063, 0.030417226254940033, 0.010028664022684097, 0.007421070244163275, 0.059537701308727264, 0.0072730714455246925, -0.04228530079126358, 0.028866764158010483, -0.01842229627072811, 0.02601955458521843, -0.010684086009860039, 0.014088052324950695, -0.0030603986233472824, -0.008196300826966763, -0.018309535458683968, -0.0004142638063058257, 0.013904816471040249, -0.03191130608320236, 0.007237833924591541, 0.018760578706860542, 0.015687845647335052, -0.021579599007964134, -0.09804551303386688, 0.009493050165474415, -0.0067092678509652615, 0.047359537333250046, -0.03061455674469471, 0.00857686810195446, -0.004676049575209618, 0.0027538302820175886, -0.010585419833660126, 0.011550934053957462, 0.0003849724307656288, -0.0348430871963501, -0.010148472152650356, -0.020959414541721344, 0.0006893384852446616, 0.02638602815568447, 0.0007364689954556525, -0.028429817408323288, -0.02448318898677826, 0.033264435827732086, 0.0015513419639319181, -0.02965608984231949, 0.0008413012837991118, -0.039381708949804306, -0.0035713459365069866, -0.020339230075478554, -0.02971247024834156, 0.0026604500599205494, 0.02477918565273285, -0.01441928744316101, 0.004158054478466511, -0.021199030801653862, -0.006998217198997736, -0.013679294846951962, -0.03332081809639931, -0.01395414862781763, -0.03436385467648506, 0.01330577488988638, -0.001628865022212267, -0.011663694866001606, 0.012354355305433273, 0.022566255182027817, 0.011424078606069088, 0.019817709922790527, 0.010218947194516659, -0.03182673454284668, -0.022552160546183586, 0.02177692949771881, 0.0038761524483561516, 0.0030445416923612356, -0.008936293423175812, 0.008710771799087524, -0.04355385899543762, 0.006733933929353952, 0.024553664028644562, -0.011720075272023678, 0.016420790925621986, 0.01627984084188938, -0.01712554693222046, 0.0161952693015337, -0.006296985782682896, -0.0050848075188696384, 0.004954427480697632, 0.026216886937618256, -0.00015691810403950512, -0.0016878882888704538, 0.018859243020415306, -0.011987882666289806, -0.011628457345068455, 0.015208613127470016, 0.016744978725910187, 0.023355580866336823, -0.019408952444791794, -0.02384890988469124, -0.041242264211177826, 0.012389592826366425, -0.02476509101688862, -0.03529413044452667, 0.00828087143599987, -0.02079027332365513, -0.010197805240750313, -0.011670743115246296, -0.009556477889418602, -0.007794590201228857, -0.006029178854078054, -0.014743474312126637, -0.005726134404540062, -0.014447477646172047, 0.02389119379222393, -0.014327669516205788, 0.004267291631549597, 0.02291863225400448, 0.008851722814142704, 0.009965235367417336, -0.015490515157580376, 0.01840820163488388, 0.002156550297513604, 0.027118973433971405, 0.012051310390233994, -0.012431878596544266, -0.03639354929327965, -0.026090029627084732, -0.040001895278692245, 0.015067662112414837, 0.015786511823534966, 0.01654764823615551, 0.0010254185181111097, 0.0017134356312453747, 0.005444232374429703, -0.004108721856027842, -0.011085796169936657, -0.0006250296137295663, -0.027809632942080498, 0.010817989706993103, -0.024018051102757454, 0.0012659161584451795, -0.009373241104185581, -0.01041627861559391, 0.01456023845821619, 0.007315356750041246, 0.013256441801786423, -0.010585419833660126, -0.0026093553751707077, -0.013101395219564438, -0.0014967233873903751, 0.027189448475837708, 0.0070299310609698296, 0.016984594985842705, -0.0012703208485618234, 0.020931223407387733, -0.025300703942775726, -0.029571520164608955, 0.01133950799703598, -0.003470918396487832, -0.005278614815324545, -0.008027159608900547, 0.005888227839022875, -0.007738209795206785, -0.014327669516205788, 0.013489010743796825, -0.009908854961395264, 0.024060335010290146, -0.010951892472803593, -0.03191130608320236, -0.006603554356843233, -0.0060045127756893635, 0.0017715778667479753, 0.001971552148461342, -0.023651577532291412, -0.004672525450587273, -0.004408242646604776, -0.024314047768712044, 0.024271761998534203, 0.010225995443761349, -0.004690144676715136, -0.01254463940858841, 0.015758322551846504, -0.02417309582233429, -0.0187182929366827, 0.020296944305300713, 0.0010060378117486835, -0.014884425327181816, 0.040622077882289886, 0.013566534034907818, 0.029289618134498596, -0.0070440261624753475, 0.01690002530813217, -0.03408195078372955, -0.009457811713218689, 0.018267249688506126, 0.0290359053760767, -0.041439592838287354, -0.002149502746760845, -0.004940332379192114, 0.017830301076173782, 0.003985389601439238, 0.03098103031516075, 0.03148845210671425, -0.03577336296439171, -0.014785760082304478, -0.013376249931752682, 0.013376249931752682, 0.025610797107219696, -0.014912615530192852, -0.01812629960477352, 0.01985999569296837, 0.005246900953352451, 0.017914872616529465, -0.003192540258169174, 0.017590684816241264, -0.00612784456461668, 0.010021615773439407, -0.0296842809766531, -0.0010835608700290322, 0.00935914646834135, -0.00020184624008834362, 0.010620658285915852, -0.006282890681177378, 0.002560022519901395, -0.0004937689518555999, 0.003180206986144185, 0.02693573571741581, 0.02114265039563179, -0.006733933929353952, -0.015349564142525196, 0.005007284227758646, -0.015081756748259068, 0.012763112783432007, -0.03213682770729065, -0.010507897473871708, 0.01425719354301691, 0.022890442982316017, -0.012107690796256065, 0.007893255911767483, -0.0161952693015337, 0.024328142404556274, -0.020973509177565575, 0.026808880269527435, 0.00019226597214583308, -0.014045767486095428, -0.013249394483864307, 0.014983091503381729, 0.03030446544289589, 0.008555726148188114, 0.05017855763435364, -0.02484966069459915, 0.02417309582233429, 0.011910359375178814, 0.025850413367152214, -0.05598573759198189, 0.023496530950069427, 0.012678542174398899, -0.00348501349799335, -0.008534583263099194, 0.024342237040400505, -0.02296091802418232, -0.019803615286946297, 0.0032401110511273146, 0.009915903210639954, 0.02725992351770401, 0.004235577769577503, 0.0766773447394371, 0.003988913260400295, -0.006973550654947758, 0.005578136071562767, -0.011156272143125534, 0.02386300452053547, 0.03309529647231102, 0.005941084586083889, -0.008266775868833065, -0.021593693643808365, 0.03518136963248253, -0.007970779202878475, 0.0015953890979290009, -0.005246900953352451, -0.008555726148188114, -0.00037792488001286983, -0.0049614752642810345, 0.036308977752923965, 0.01932438276708126, 0.02018418349325657, 0.029937991872429848, 0.0165194571018219, 0.0023591674398630857, -0.001257987692952156, -0.028077438473701477, -0.019141145050525665, 0.007928493432700634, 0.004739477299153805, -0.006540126632899046, 0.0034409663639962673, -0.004672525450587273, 0.01990228146314621, 0.011353603564202785, 0.0030110657680779696, -0.023496530950069427, 0.016124794259667397, -0.027640491724014282, 0.00286482903175056, 0.012988634407520294, 0.03797220066189766, -0.0010183709673583508, -0.03577336296439171, -0.01840820163488388, 0.012149976566433907, 0.013531296513974667, -0.024384522810578346, 0.02480737678706646, 0.005578136071562767, -0.017675256356596947]"
7218,"BsonRegularExpression in Mongodb driver doesn't return desired value<p>Suppose I have database named GSCADB and collection named GSCALogs, and each document looks like:</p>

<pre><code>{
    ""_id"": ""5d6f514c19038b8b38aec8d7"",
    ""SHA-256"": ""839c95cb99e8243d762ccb6f33ed8e1550b6848f739556e71dc8bcf684a159c5"",
    ""File Name"": ""Settings.settings"",
    ""Start Job Date"": ""2019-09-04T05:53:43.397Z""
}
</code></pre>

<p>and I want to know how many documents have <code>Start Job Date</code> that starts with <code>2019-09</code></p>

<p>For now I have:</p>

<pre><code>IMongoDatabase db = dbClient.GetDatabase(""GSCADB"");
var collection = db.GetCollection&lt;BsonDocument&gt;(""GSCALogs"");
var filter = Builders&lt;BsonDocument&gt;.Filter.Regex(""Start Job Date"", new BsonRegularExpression(""^(2019-09)""));
var countedDocuments = collection.Find(filter).ToList();
MessageBox.Show(countedDocuments.Count.ToString());
</code></pre>

<p>But it prints always <code>0</code>, what I'm missing?</p>
",Thank you also for the references so much helpful,"Embed Field: BsonRegularExpression in Mongodb driver doesn't return desired value<p>Suppose I have database named GSCADB and collection named GSCALogs, and each document looks like:</p>

<pre><code>{
    ""_id"": ""5d6f514c19038b8b38aec8d7"",
    ""SHA-256"": ""839c95cb99e8243d762ccb6f33ed8e1550b6848f739556e71dc8bcf684a159c5"",
    ""File Name"": ""Settings.settings"",
    ""Start Job Date"": ""2019-09-04T05:53:43.397Z""
}
</code></pre>

<p>and I want to know how many documents have <code>Start Job Date</code> that starts with <code>2019-09</code></p>

<p>For now I have:</p>

<pre><code>IMongoDatabase db = dbClient.GetDatabase(""GSCADB"");
var collection = db.GetCollection&lt;BsonDocument&gt;(""GSCALogs"");
var filter = Builders&lt;BsonDocument&gt;.Filter.Regex(""Start Job Date"", new BsonRegularExpression(""^(2019-09)""));
var countedDocuments = collection.Find(filter).ToList();
MessageBox.Show(countedDocuments.Count.ToString());
</code></pre>

<p>But it prints always <code>0</code>, what I'm missing?</p>; Answer: Thank you also for the references so much helpful","[-0.011662795208394527, 0.022857703268527985, 0.0054908026941120625, -0.0030515927355736494, -0.03627507761120796, 0.006271762773394585, -0.01915588416159153, -0.01051371730864048, -0.007788958493620157, 0.0002146995102521032, 0.010795827023684978, 0.027137501165270805, 0.0032648947089910507, -0.018660472705960274, -0.021935688331723213, 0.015082506462931633, 0.016018282622098923, -0.026036588475108147, -0.0017717815935611725, 0.006588275544345379, -0.0009581382037140429, 0.01381645631045103, -0.01343113649636507, 0.004926585126668215, -0.0298897847533226, 0.009777482599020004, 0.03244940564036369, -0.013933428563177586, 0.006842861417680979, 0.013651319779455662, 0.001414844999089837, -0.002516617998480797, -0.025499893352389336, -0.029614556580781937, -0.01994028314948082, -0.018330199643969536, 0.003564205253496766, -0.004197230096906424, 0.03899983689188957, 0.0057385084219276905, 0.020050374791026115, 0.009199502877891064, 0.0043761287815868855, -0.0149448923766613, -0.009983903728425503, 0.032669588923454285, 0.02024303562939167, -0.010424268431961536, -0.015743054449558258, -0.0037396633997559547, -0.0023858845233917236, 0.023573296144604683, -0.04577045142650604, 0.004200670402497053, -0.0046995216980576515, 0.0010106036206707358, 0.03809158504009247, 0.028403552249073982, -0.002934620715677738, -0.0011060733813792467, 0.013589393347501755, 0.013548108749091625, 0.000152558131958358, -0.014394436031579971, -0.02920171432197094, -0.013369210064411163, -0.030275102704763412, -0.018247630447149277, -0.006271762773394585, -0.010410507209599018, 0.014050399884581566, -0.0005440057720988989, 0.004210991784930229, -0.00911005400121212, 0.009715556167066097, -0.016788920387625694, -0.039137452840805054, 0.01397471223026514, 0.015522871166467667, 0.0015378376701846719, -0.0006098024896346033, -0.017504515126347542, -0.03993561491370201, -0.003486797446385026, -0.004513742867857218, 0.022720089182257652, 0.005428876727819443, 0.01636231690645218, 0.006147910375148058, -0.017229286953806877, 0.013651319779455662, -0.003698379034176469, 0.035614531487226486, -0.012660497799515724, 0.028059516102075577, 0.010279773734509945, -0.02716502547264099, 0.03451361879706383, 0.00628896476700902, -0.017765982076525688, -0.019568726420402527, 0.01511002890765667, -0.00950225442647934, -0.012605451978743076, -0.014243059791624546, 0.005955250468105078, 0.011071055196225643, -0.02077973075211048, -0.015440302900969982, -0.013830217532813549, -0.013699484057724476, 0.0002543710870668292, 0.012426554225385189, -0.014243059791624546, 0.005979333072900772, 0.009240787476301193, 0.012743066065013409, -0.030825559049844742, -0.022169632837176323, -0.01877056434750557, -0.015440302900969982, 0.023710910230875015, 0.03908240795135498, -0.012825634330511093, 0.011277476325631142, 0.01711919531226158, -0.007155933417379856, -0.02179807424545288, 0.0012497081188485026, -0.022609997540712357, 0.03564205393195152, 0.03244940564036369, 0.008814183995127678, 0.042164962738752365, -0.02826593816280365, 0.015054983086884022, -0.017146717756986618, 0.0017408184939995408, -0.023889809846878052, -0.007699509151279926, 0.018096255138516426, 0.013265999965369701, 0.012158206664025784, -0.006130708381533623, 0.0004773489199578762, 0.02383476309478283, -0.003235651645809412, 0.021990735083818436, 0.0018147859955206513, -0.004730484914034605, 0.02522466517984867, 0.0001572886249050498, -0.005122685339301825, 0.018357722088694572, 0.004499981179833412, -0.019417351111769676, 0.014738471247255802, 0.007204098626971245, 0.007001117803156376, -0.034623708575963974, 0.012419672682881355, 0.0298897847533226, -0.005071079824119806, -0.033522795885801315, -0.002256871433928609, 0.026518238708376884, 0.011848574504256248, -0.03715580701828003, -0.00314448238350451, -0.024976961314678192, -0.0006768893799744546, 0.02351825125515461, -0.05281629413366318, 0.009412804618477821, -0.011428851634263992, -0.010878395289182663, 0.011456374078989029, 0.004331403877586126, -0.01506874430924654, -0.020600831136107445, -0.008477029390633106, 0.0070045581087470055, 0.0007349453517235816, 0.029421895742416382, -0.029614556580781937, -0.01234398502856493, 0.008649046532809734, -0.00891739409416914, 0.0014002235839143395, 0.004985070787370205, 0.003956405445933342, -0.0007762295426800847, -0.0024839346297085285, -0.028843916952610016, -0.591850757598877, -0.023174215108156204, -0.008683450520038605, -0.013967831619083881, 0.015316450037062168, -0.0005061618867330253, -0.007458684500306845, 0.006116947159171104, -0.04491724446415901, 0.020229274407029152, -0.0016668508760631084, 0.0036502142902463675, 0.013548108749091625, -0.008848587051033974, 0.003674296662211418, -0.01681644469499588, 0.022403577342629433, -0.006364652421325445, 0.0022929951082915068, 0.016252225264906883, -0.032036565244197845, 0.024632925167679787, -0.011518300510942936, 0.01074766181409359, -0.03206408768892288, -0.004541265312582254, -0.011167384684085846, -0.00213129841722548, 0.004252275917679071, 0.02592649683356285, -0.05069703608751297, -0.005563050042837858, 0.02054578624665737, 0.026270532980561256, 0.05768783390522003, -0.010376103222370148, -0.02834850549697876, 0.01783478818833828, -0.0069907964207232, 0.032972339540719986, -0.007438042666763067, 0.0014036638895049691, -0.007919691503047943, -0.0034816369879990816, -0.03778883442282677, 0.020366888493299484, 0.04150441288948059, 0.013073340058326721, 0.004248835612088442, -0.03723837807774544, 0.010623808950185776, 0.012123802676796913, 0.011766006238758564, 0.0319264717400074, 0.041064050048589706, -0.0024994162376970053, 0.025816407054662704, -0.01579809933900833, 0.024660447612404823, -0.026587044820189476, 0.0008286949596367776, -0.0035504440311342478, -0.023931093513965607, -0.006505706813186407, -0.02856868878006935, 0.02072468400001526, 0.0050779604353010654, -0.006884145550429821, 0.022609997540712357, -0.009034366346895695, 0.020752206444740295, 0.0063268085941672325, 0.000814503466244787, 0.008669688366353512, -0.00024340495292562991, 0.022554952651262283, 0.027233831584453583, -0.033440228551626205, -0.004912823438644409, 0.0009865211322903633, 0.031981516629457474, 0.007960976101458073, -0.00906876940280199, -0.00801602192223072, 0.006227038335055113, -0.019802669063210487, -0.03839433565735817, -0.01564672403037548, 0.0012531484244391322, -0.003060193732380867, 0.00023953455092851073, 0.02077973075211048, 0.004317642655223608, -0.0174357071518898, 0.0004117672215215862, 0.025183381512761116, -0.019210929051041603, 0.013259119354188442, 0.0171329565346241, -0.02266504429280758, -0.02865125611424446, -0.02391733229160309, -0.0013907625107094646, 0.024866869673132896, 0.02087605930864811, 0.00510204304009676, 0.0016720114508643746, 0.0013443178031593561, 0.018123777583241463, -0.038504425436258316, 0.001529236789792776, -0.0025768240448087454, -0.014463243074715137, 0.006371533032506704, -0.021908165886998177, -0.039605338126420975, 0.005776352249085903, -0.005225895904004574, -0.0036708563566207886, 0.0221145860850811, -0.0062648821622133255, 0.002712717978283763, 0.0010467272950336337, -0.02133018709719181, -0.004290119744837284, 0.005855480208992958, 0.009639868512749672, 0.0008876110077835619, 0.03613746538758278, -0.00872473418712616, 0.012557287700474262, -0.025197142735123634, 0.022293485701084137, -0.018798086792230606, 0.03610994294285774, -0.004152505658566952, 0.008112351410090923, 0.004916263744235039, 0.0002563062880653888, -0.003963286057114601, -0.00022448301024269313, 0.009977023117244244, 0.029256759211421013, -0.02274761162698269, 0.04087138921022415, -0.01823386922478676, -0.040375977754592896, 0.012839396484196186, -0.015027460642158985, 0.023614579811692238, 0.004795851651579142, -0.02072468400001526, -0.004441495519131422, 0.022293485701084137, -0.04120166227221489, -0.006048140116035938, -0.010671974159777164, -0.024550355970859528, 0.013582512736320496, -0.03333013504743576, 0.0006614077719859779, 0.015440302900969982, -0.015137551352381706, -0.0066261193715035915, 0.00426259683445096, -0.025334756821393967, -0.019417351111769676, 0.014807278290390968, 0.0037259019445627928, -0.021784313023090363, -0.00368805811740458, -0.011071055196225643, -0.008635285310447216, 2.0796662738575833e-06, -0.004035533871501684, -0.011181145906448364, -0.0471741147339344, 0.020380649715662003, 0.027591628953814507, -0.016568738967180252, -0.007238502148538828, 0.007142172195017338, 0.006364652421325445, 0.01327288057655096, 0.007121529895812273, 0.021371470764279366, 0.00855959765613079, 0.009454089216887951, -0.001887033460661769, 0.03674296662211418, 0.0015713811153545976, -0.0019317580154165626, -0.031238403171300888, -0.002291274955496192, -0.008126112632453442, 0.0007925712270662189, -0.0020659316796809435, 0.022444861009716988, 0.0034678755328059196, 0.008745376951992512, 0.0204907413572073, 0.021935688331723213, 0.03467875346541405, -0.013217834755778313, -0.007919691503047943, -0.02903657592833042, -0.0038531948812305927, -0.011380686424672604, 0.011408209800720215, 0.0021983853075653315, 0.006061901338398457, -0.030027398839592934, -0.00020029302686452866, 0.0232843067497015, 0.008745376951992512, 0.015247642993927002, -0.011628392152488232, 0.0055011240765452385, -0.005597453564405441, 0.02515585906803608, -0.017188001424074173, 0.013100863434374332, 0.02024303562939167, 0.0024512512609362602, -0.011999949812889099, 0.0372108556330204, 9.51472538872622e-05, 0.033990684896707535, 0.014779754914343357, -0.01589442975819111, -0.0021433397196233273, 0.03844938054680824, -0.005188051611185074, 0.014614618383347988, 0.003118679625913501, 0.0200778990983963, 0.024041185155510902, -0.028761347755789757, 0.0034420727752149105, -0.01078894641250372, -0.01312150526791811, 0.027151262387633324, 0.001487952540628612, -0.0008282649214379489, 0.022169632837176323, -0.01272930484265089, 0.012075637467205524, 0.04100900515913963, 0.00564561877399683, 0.040293410420417786, 0.003347463207319379, -0.015825621783733368, -0.0164173636585474, 0.0037190213333815336, 0.013940309174358845, -0.013217834755778313, -0.010692615993320942, 0.026353102177381516, -0.006481624208390713, 0.022527430206537247, 0.021536607295274734, -0.022169632837176323, 0.027935663238167763, -0.005972452461719513, 0.022334769368171692, -0.005907085724174976, -0.013637557625770569, -0.004407091997563839, 0.009571061469614506, -0.01875680312514305, 0.010266012512147427, -0.03699067234992981, 0.009440327994525433, -0.03699067234992981, 0.00926142930984497, -0.009048127569258213, 0.02537604048848152, 0.008931155316531658, 0.00817427784204483, 0.01417425274848938, -0.036164987832307816, -0.008132994174957275, 0.0024564117193222046, 0.004255716223269701, 0.014477004297077656, -0.013224715366959572, 0.00016782470629550517, 0.00590020464733243, -0.0027901260182261467, 0.009832527488470078, 0.005466720554977655, 0.022775134071707726, -0.001586002530530095, -0.009013723582029343, -0.011428851634263992, 0.013286641798913479, 0.03217417746782303, 0.015206358395516872, -0.011917381547391415, 0.0012608892284333706, -0.003242532489821315, 0.03451361879706383, -0.030660422518849373, -0.011504539288580418, 0.04728420823812485, 0.012522883713245392, -0.013899024575948715, -0.023931093513965607, -0.0022929951082915068, 0.030880605801939964, 0.001257448922842741, -0.003067074343562126, -0.0036639755126088858, 0.010616928339004517, -0.006130708381533623, 0.02422008290886879, -0.002760882955044508, 0.007699509151279926, 0.013589393347501755, 0.01852285861968994, -0.016238464042544365, -0.02343568205833435, -0.0016668508760631084, 0.012626094743609428, 0.05281629413366318, 0.0011163944145664573, 0.0023807240650057793, -0.009632987901568413, 0.0012565888464450836, 0.022307246923446655, -0.021687982603907585, -0.023614579811692238, 0.012199490331113338, -0.005022915080189705, -0.0030705146491527557, 0.004596311133354902, 0.024247605353593826, -0.02126137912273407, 0.006227038335055113, -0.021068720147013664, 0.001971322111785412, -0.017270570620894432, 0.0035607649479061365, 0.001665990799665451, -0.021068720147013664, 0.0222659632563591, -0.009784363210201263, 0.03732094541192055, -0.008607761934399605, 0.012495361268520355, 0.011607750318944454, -0.007142172195017338, 0.02671089768409729, -0.032201699912548065, 0.003123840317130089, 0.030908128246665, 0.03338518366217613, 0.016706353053450584, 0.031238403171300888, 0.05099978670477867, 0.019376065582036972, 0.003025790210813284, 0.03145858645439148, 0.01691277325153351, 0.006608917377889156, 0.0168302059173584, -0.013341687619686127, 0.022706327959895134, 0.034623708575963974, -0.031045742332935333, -0.025059528648853302, 0.01658250018954277, -0.006110066547989845, 0.016307272017002106, -0.009171980433166027, -0.0272475928068161, -0.014311866834759712, -0.010458672419190407, 0.007052722852677107, 0.005036676302552223, -0.005652499385178089, -0.021454039961099625, -0.03699067234992981, -0.03930258750915527, -0.016486169770359993, -0.011421971023082733, 0.00420411117374897, 0.00926830992102623, -0.028087038546800613, -0.029146667569875717, -0.022210916504263878, -0.0186054278165102, 0.005573371425271034, 0.006309606600552797, -0.016389839351177216, -0.04180716723203659, -0.024963198229670525, 0.02607787400484085, 0.05609150975942612, 0.02000909112393856, 0.008504551835358143, -0.007830242626369, -0.010575643740594387, -0.015288927592337132, -0.014862323179841042, -0.03853195160627365, 0.003887598402798176, 0.032284270972013474, 0.00941968522965908, 0.011380686424672604, 0.008882991038262844, -0.002537260064855218, -0.025981543585658073, 0.02966960147023201, 0.018357722088694572, 0.006897907238453627, 0.010678854770958424, 0.004916263744235039, 0.03459618613123894, -0.0013477581087499857, 0.011587107554078102, 0.02343568205833435, 0.025032006204128265, -0.006557312328368425, -0.0019971246365457773, -0.006491945590823889, -0.016073327511548996, 0.01020408608019352, -0.004021772183477879, 0.004493100568652153, 0.000691510911565274, 0.02336687594652176, -0.02490815334022045, 0.007637582719326019, 0.017848549410700798, -0.022059541195631027, 0.00235492130741477, 0.001469890703447163, 0.04001818224787712, 0.004321082960814238, 0.011497658677399158, 0.026765944436192513, 0.010671974159777164, -0.0266420915722847, 0.01440819725394249, -0.013692603446543217, 0.03434848040342331, 0.003849754575639963, 0.004899062216281891, -0.01744946837425232, 0.002810768084600568, -0.03489893674850464, -0.02461916394531727, -0.007857765071094036, -0.007021759636700153, -9.364209836348891e-05, -0.01852285861968994, -0.023931093513965607, -0.019596248865127563, -0.021316425874829292, -0.021522846072912216, 0.015220120549201965, -0.015178835950791836, -0.012481599114835262, -0.016527453437447548, -0.019032031297683716, -0.006161671597510576, 0.00021179670875426382, -0.005095162428915501, -0.02453659474849701, -0.007444923277944326, 0.03277967870235443, 0.015275165438652039, 9.380336450703908e-06, 0.009516015648841858, 0.0038119107484817505, -0.017779743298888206, 0.00480961287394166, -0.019678818061947823, -0.014986176043748856, -0.0016367477364838123, 0.006013736594468355, 0.029697123914957047, 0.016087088733911514, 0.036632876843214035, -0.01626598834991455, 0.019045792520046234, -0.01016280148178339, 0.005710985511541367, -0.0011335961753502488, 0.003192647360265255, 0.010314177721738815, 0.0057281870394945145, -0.014986176043748856, 0.008071067743003368, -0.011759125627577305, 0.02742649056017399, -0.00628896476700902, -0.012481599114835262, 0.050504378974437714, -0.029421895742416382, 0.009206383489072323, -0.008325653150677681, -0.039660386741161346, -0.02335311472415924, 0.04516495019197464, -0.0004515462787821889, 0.0010209246538579464, -0.03844938054680824, -0.019513679668307304, 0.016059566289186478, 0.008470147848129272, 0.020573308691382408, -0.019114598631858826, 0.039660386741161346, 0.018165061250329018, -0.02094486728310585, -0.027839334681630135, -0.004610072355717421, -0.019252212718129158, -0.012818753719329834, -0.012233894318342209, -0.013334807008504868, 0.003760305466130376, -0.008745376951992512, 0.03872460871934891, 0.010465553030371666, -0.0003319940296933055, 0.012103160843253136, 0.011112338863313198, -0.014532050117850304, -0.026380624622106552, -0.0014225858030840755, -0.0149448923766613, -0.009055008180439472, -0.006753412075340748, -0.01681644469499588, -0.004912823438644409, 0.00801602192223072, 0.02617420256137848, 0.006013736594468355, 0.02366962656378746, -0.001558479736559093, -0.013155908323824406, 0.00985317025333643, -0.01969257928431034, 0.04296312481164932, -0.015660485252738, -0.0025252187624573708, 0.034623708575963974, 0.005514885298907757, -0.0011052133049815893, 0.0002311486896360293, 0.013541228137910366, -0.006330248899757862, 0.031898949295282364, 0.025747599080204964, -0.016995342448353767, -0.02716502547264099, -0.008346295915544033, -0.015343972481787205, -0.020697161555290222, -0.010334819555282593, 0.010121517814695835, 0.013499943539500237, -0.032889772206544876, -0.015839383006095886, -0.001118114567361772, -0.023793479427695274, 0.009426566772162914, 0.003459274535998702, 0.027440253645181656, -0.029476942494511604, -0.015275165438652039, -0.025733837857842445, -0.006777494680136442, -0.037486083805561066, 0.05105483531951904, 0.029697123914957047, 0.011525181122124195, -0.022004496306180954, 0.010678854770958424, -0.010720139369368553, 0.015536632388830185, -0.005989653989672661, 0.03498150780797005, 0.006137588992714882, 0.020435694605112076, 0.010293534956872463, 0.015041221864521503, -0.014587095007300377, -0.02616044133901596, 0.003835993120446801, 0.03261454403400421, -0.021908165886998177, -0.0008927715243771672, 0.0032408121041953564, 0.007334832102060318, 0.014628379605710506, 0.017325615510344505, -0.023256784304976463, -0.011304998770356178, -0.02523842640221119, 0.008772899396717548, 0.040623683482408524, 0.02055954746901989, 0.029697123914957047, -0.01451828796416521, -0.017490753903985023, 0.01129123754799366, 0.004985070787370205, -0.011194907128810883, -0.008243084885179996, -0.047311730682849884, -0.02164669893682003, -0.00554928882047534, 0.018894417211413383, 0.0436236709356308, 0.0019954044837504625, -0.0017580202547833323, 0.02219715528190136, 0.01706414856016636, -0.007032081019133329, -0.0029466620180755854, 0.005408234428614378, 0.0037190213333815336, -0.002858933061361313, 0.004620393738150597, 0.00028597930213436484, -0.029642079025506973, -0.011965546756982803, -0.009798124432563782, -0.03233931586146355, -0.04277046397328377, 0.003942644223570824, 0.005655939690768719, -0.013933428563177586, -0.03610994294285774, -0.024743016809225082, -5.761918600910576e-06, -0.0030309506691992283, -0.005415115039795637, -0.012103160843253136, 0.027220070362091064, 0.01530268881469965, -0.0013933428563177586, 0.0077683161944150925, -0.024701731279492378, -0.0012359466636553407, -0.013554989360272884, -0.01838524453341961, 0.0001097149943234399, -0.05955938622355461, -0.004479339346289635, -0.0018543500918895006, 0.008545836433768272, -0.022169632837176323, -0.013382972218096256, -0.04241266846656799, -0.010369222611188889, -0.027233831584453583, 0.03520168736577034, 0.0027626031078398228, -0.002322237938642502, 0.006399055942893028, 0.023105408996343613, -0.015660485252738, 0.020972389727830887, -0.03822919726371765, -0.014848561957478523, -0.022527430206537247, -0.016527453437447548, 0.001645348616875708, 0.018013685941696167, -0.02693108096718788, 0.046981457620859146, 0.019032031297683716, 0.0018629509722813964, -0.0406787283718586, -0.024811822921037674, -0.03916497528553009, 0.003732782555744052, 0.0112843569368124, -0.0026714338455349207, 0.03404572978615761, 0.0005844298866577446, 0.011593988165259361, 0.03511912003159523, -0.0017425386467948556, 0.020807253196835518, -0.01257104892283678, 0.012103160843253136, -0.005700664594769478, 0.014256821013987064, 0.023655865341424942, -0.009598583914339542, -0.012591690756380558, -0.011779767461121082, 0.015509109944105148, 0.0012841116404160857, 0.037651218473911285, 0.019265975803136826, 0.004032093100249767, -0.013912785798311234, -0.00544951856136322, -0.03377050161361694, 0.01760084368288517, -0.01681644469499588, 0.021509084850549698, -0.007465565111488104, -0.0114907780662179, 0.00818115845322609, -0.0024770540185272694, -0.014394436031579971, -0.0030154690612107515, 0.02499072253704071, -0.023105408996343613, 0.013032055459916592, -0.007692628540098667, 0.0010914518497884274, -0.014697186648845673, -0.04087138921022415, 0.028004471212625504, 0.006123827770352364, 0.003808470442891121, 0.042632851749658585, 0.016651306301355362, 0.008153636008501053, -0.019665054976940155, 0.008965559303760529, -0.009784363210201263, -0.001768341287970543, 0.002802167320623994, -0.033990684896707535, 0.009701794944703579, -0.03767874091863632, 0.008614643476903439, 0.011201788671314716, -0.0007224740693345666, -0.001900794799439609, -0.01621094159781933, -0.031733814626932144, 0.0036089299246668816, 0.0015576196601614356, -0.023408159613609314, -0.013747649267315865, 0.01579809933900833, -0.0033491833601146936, -0.00010304931493010372, 0.0028210892342031, -0.0051742903888225555, -0.01276370882987976, 0.009350878186523914, 0.01783478818833828, 0.008731614798307419, -0.00926830992102623, 0.007073365151882172, 0.02236229181289673, 0.0024116872809827328, -0.009584822691977024, 0.22260457277297974, 0.010768303647637367, -0.003639893140643835, 0.014504526741802692, -0.01475223246961832, 0.02055954746901989, 0.007603179197758436, -0.01451828796416521, -0.02966960147023201, 0.028004471212625504, 0.0002621118619572371, 0.0011404769029468298, -0.0103967459872365, 0.0003261884266976267, -0.010534360073506832, 0.009130695834755898, -0.03583471477031708, -0.027908140793442726, -0.03778883442282677, -0.027522820979356766, 0.013610035181045532, 0.0003771486517507583, -0.022238438948988914, -0.02047697827219963, 0.012399030849337578, -0.02188064344227314, 0.013410494662821293, 0.011318759992718697, 0.01327288057655096, 0.01133252214640379, -0.0005143327289260924, 0.012522883713245392, 0.0035332422703504562, -0.023614579811692238, -0.0041387444362044334, -0.016678830608725548, 0.015825621783733368, 0.014889846555888653, -0.004238514695316553, 0.025114575400948524, -0.012481599114835262, -0.035394348204135895, 0.016541216522455215, -0.0181513000279665, -0.007245382759720087, -0.022995317354798317, -0.006509147118777037, -0.027440253645181656, 0.0021897845435887575, 0.030192535370588303, -0.02617420256137848, -0.004097459837794304, 0.022142110392451286, 0.012171967886388302, 0.02072468400001526, -0.035614531487226486, 0.05141263082623482, 0.01736690104007721, -0.03712828457355499, 0.020036613568663597, -0.0006566772935912013, 0.0196237713098526, 0.003430031705647707, 0.021398993209004402, -0.0011413369793444872, -0.0103967459872365, 0.0037912686821073294, 0.010293534956872463, 0.0038600757252424955, -0.009577942080795765, 0.011360044591128826, 0.010830230079591274, -0.007788958493620157, 0.0036158107686787844, -0.01401599682867527, -0.02514209784567356, 0.025210903957486153, 0.008029783144593239, 0.027288876473903656, 0.027440253645181656, -0.03410077467560768, -0.013720126822590828, -0.009330236352980137, -0.009935738518834114, -0.027206309139728546, 0.007245382759720087, -0.024866869673132896, -0.008243084885179996, -0.021853120997548103, 0.00609286455437541, 0.013300403021275997, 0.007410519756376743, -0.015330211259424686, -0.013775171712040901, 0.0015429981285706162, 0.019499918445944786, 0.007899049669504166, 0.018908178433775902, -0.006340569816529751, -0.0007560175145044923, -0.025045767426490784, 0.044119082391262054, 0.028293460607528687, -0.017463229596614838, -0.01297012995928526, 0.005748829338699579, -0.01199306920170784, 0.002480494324117899, 0.0034214307088404894, -0.02024303562939167, -0.0016797521384432912, -0.01511002890765667, 0.012963248416781425, -0.00946096982806921, 0.02607787400484085, -0.01070637721568346, 0.013960951007902622, -0.01915588416159153, 0.02288522571325302, 0.007045842241495848, 0.019527440890669823, -0.03052280843257904, -0.002270632656291127, 0.008243084885179996, -0.010444910265505314, -0.018013685941696167, -0.0351741649210453, 0.00250113639049232, 0.0022327888291329145, -0.013782053254544735, -0.011518300510942936, -0.030412716791033745, 0.010486194863915443, -0.04117413982748985, 0.008614643476903439, -0.0067671737633645535, 0.01451828796416521, -0.0031014778651297092, -0.013369210064411163, 0.006196075119078159, 0.00875913817435503, -0.01751827634871006, 0.02461916394531727, 0.013135266490280628, -0.0035194808151572943, -0.018591666594147682, 0.019376065582036972, -0.003973607439547777, -0.014765993691980839, 0.00021276430925354362, -0.018330199643969536, -0.013066459447145462, 0.013424255885183811, -0.015866907313466072, -0.0008768598781898618, -0.009006842970848083, -0.0021691422443836927, -0.04844016581773758, -0.018123777583241463, 0.009447208605706692, -0.02344944328069687, -0.002766043646261096, 0.03388059139251709, -0.012825634330511093, -0.02577512152493, -0.008463267236948013, -0.17460477352142334, 0.003034390974789858, 0.020463217049837112, -0.04345853626728058, 0.019885238260030746, 0.02687603421509266, 0.011924262158572674, -0.016321033239364624, -0.043265875428915024, 0.0034145500976592302, 0.01954120397567749, -0.009584822691977024, -0.04899062216281891, -0.022155871614813805, -0.013107744045555592, -0.00480617256835103, -0.0003790838527493179, 0.027082456275820732, 0.04835759848356247, 0.01054812129586935, 0.03244940564036369, -0.011752245016396046, -0.013135266490280628, -0.01775221899151802, -0.0159632358700037, 0.022210916504263878, -0.00997014157474041, 0.00465135695412755, 0.007396758068352938, -0.0026146681047976017, -0.007307309191673994, 0.0019111159490421414, -0.0036089299246668816, -0.029009053483605385, -0.01892193965613842, 0.0033973483368754387, -0.022912748157978058, -0.02975217066705227, -0.016706353053450584, 0.0057625905610620975, 0.009240787476301193, 0.007520610932260752, -0.020518263801932335, -0.004472458269447088, 0.021784313023090363, 0.036027371883392334, 0.007314189802855253, 0.0021502203308045864, 0.016472408547997475, -0.01343113649636507, 0.021398993209004402, -0.041779641062021255, 0.007974737323820591, -0.0008716993615962565, 0.011999949812889099, 0.03299986198544502, 0.02881639450788498, 0.03242188319563866, -0.03855947405099869, -0.02124761790037155, 0.010176563635468483, -0.026972364634275436, -0.013238477520644665, 0.0026593925431370735, -0.0077063897624611855, -8.832030289340764e-05, -0.012990771792829037, 0.013100863434374332, -0.03572462126612663, 0.01711919531226158, -0.007135291583836079, -0.011710960417985916, -0.0020934545900672674, -0.008256846107542515, 0.025348518043756485, -0.0013296962715685368, 0.007960976101458073, -0.004118102136999369, 0.023022839799523354, 0.013589393347501755, -0.0068910266272723675, 0.02179807424545288, -0.011518300510942936, 0.042330097407102585, -0.0008175137918442488, -0.013286641798913479, 0.0181513000279665, -0.006120387464761734, 0.004792411345988512, 0.008153636008501053, 0.022472383454442024, -0.011649033986032009, -0.006546990945935249, 0.007651344407349825, 0.01564672403037548, 0.020821014419198036, -0.0067671737633645535, -0.017958641052246094, 0.003891038941219449, -0.025279711931943893, 0.010224727913737297, -0.021013673394918442, -0.04733925312757492, 0.013919667340815067, 0.004995392169803381, 0.01768341287970543, 0.025871451944112778, -0.007204098626971245, 0.044339265674352646, 0.009646749123930931, -0.062641941010952, -0.01214444451034069, -0.004658237565308809, 0.041146617382764816, -0.014160491526126862, 0.043651193380355835, -0.029146667569875717, -0.0077407932840287685, -0.010802707634866238, -0.0024013661313802004, 0.04183468967676163, -0.02305036224424839, 0.016706353053450584, 0.009364640340209007, 0.006282084155827761, 0.02305036224424839, -0.07882536202669144, -0.011380686424672604, -0.006481624208390713, 0.0026576723903417587, 0.0006811898201704025, -0.005470160860568285, -0.020614592358469963, 0.02397237718105316, -0.02243109978735447, 0.020587069913744926, -0.016995342448353767, -0.007307309191673994, -0.004100900609046221, 0.00875913817435503, -0.0028245295397937298, 0.0033010183833539486, -0.018123777583241463, -0.0041628265753388405, 0.009832527488470078, 0.03550443798303604, -0.023807240650057793, -0.003450673772022128, -0.0008613783284090459, 0.00855959765613079, 0.006708687637001276, -0.00837381836026907, -0.009240787476301193, -0.0019300378626212478, 0.0279631856828928, -0.031100787222385406, -0.0019265974406152964, -0.031348492950201035, 0.0007749394280835986, -0.006602036766707897, -0.019678818061947823, -0.0056146555580198765, -0.03495398163795471, -0.011786648072302341, 0.004981630481779575, -0.055568575859069824, 0.00028318402473814785, 0.00906876940280199, 0.013713245280086994, 0.0072935475036501884, -0.0014888126170262694, -0.02218339405953884, -0.024564117193222046, 0.04227505251765251, 0.026050349697470665, -0.016238464042544365, -0.03291729465126991, 0.007334832102060318, -0.020132943987846375, -0.029724646359682083, 0.04078882187604904, 0.021674221381545067, 0.012502241879701614, 0.021908165886998177, -0.011614630930125713, 0.004971309565007687, 0.005064199212938547, -0.0074793267995119095, 0.007197218015789986, 0.014545811340212822, 0.01758708246052265, 0.02779804915189743, 0.000262971967458725, -0.011525181122124195, -0.020270558074116707, -0.000795151514466852, -0.031238403171300888, -0.004537825006991625, -0.03993561491370201, 0.0004336994607001543, -0.01914212293922901, 0.02889896184206009, -0.007252263370901346, -0.0154540641233325, -0.005772911943495274, -0.008463267236948013, 0.004816493950784206, 0.004881860222667456, -0.022073302417993546, 0.005655939690768719, 0.02017422765493393, 0.0068635037168860435, 0.007589417975395918, -0.012722424231469631, -0.0010802707402035594, -0.030660422518849373, -0.003474756143987179, 0.013596273958683014, -0.01955496519804001, -0.017476990818977356, -0.012983891181647778, 0.015192597173154354, -0.019596248865127563, 0.005989653989672661, 0.0014406476402655244, -0.0028038874734193087, -0.0039598457515239716, -0.01900450885295868, -0.06346762925386429, 0.024027423933148384, -0.019197167828679085, 0.002943221712484956, -0.0033835868816822767, -0.007190336938947439, 0.007899049669504166, -0.0010527479462325573, 0.01451828796416521, 0.0114907780662179, -0.01977514661848545, 0.020793491974473, -0.024027423933148384, 0.000215667110751383, -0.01720176264643669, 0.00490594282746315, 0.0021158168092370033, -0.005391032434999943, 0.005222455132752657, 0.003104918170720339, 0.01799992471933365, -0.0016754517564550042, -0.007444923277944326, 0.02532099559903145, -0.030495285987854004, 0.003736223094165325, -0.0262292493134737, 0.024715494364500046, -0.024357696995139122, -0.013871502131223679, 0.01766965165734291, -0.031568676233291626, 0.009227026253938675, 0.028004471212625504, 0.000398220814531669, -0.009708675555884838, -0.0031135191675275564, 0.01751827634871006, 0.001654809690080583, 0.008972439914941788, -0.033908117562532425, -0.02865125611424446, 0.016155896708369255, -0.004427733831107616, -0.012364627793431282, 0.02156412973999977, -0.002446090802550316, -0.014710947871208191, 0.004465577658265829, -0.006113506853580475, 0.040293410420417786, 0.029311804100871086, -0.006777494680136442, -0.034458573907613754, -0.002526939148083329, -0.00599653460085392, 0.008779780007898808, 0.030853083357214928, 0.017642129212617874, 0.00013739908172283322, 0.03255949914455414, 0.01914212293922901, 0.003507439512759447, -0.010644450783729553, 0.01105729304254055, 0.00011492928024381399, -0.015371495857834816, 0.023036601021885872, 0.001590303028933704, -0.0033577841240912676, -0.01875680312514305, -0.020793491974473, 0.006405936554074287, 0.03762369602918625, 0.010658212937414646, -0.00125056819524616, -0.025128336623311043, -0.017931118607521057, -0.002494255779311061, 0.023931093513965607, 0.021206334233283997, -0.013988474383950233, -0.017009103670716286, 0.0044105323031544685, 0.03294481709599495, 0.04400899261236191, -0.022334769368171692, 0.007960976101458073, 0.016376078128814697, -0.007582537364214659, -0.024784300476312637, 0.0015326770953834057, -0.005046997219324112, 0.007266025058925152, 0.013809575699269772, -0.007940334267914295, -0.0020504503045231104, -0.009316475130617619, 0.019252212718129158, 0.021632937714457512, 0.027853095903992653, 0.022761372849345207, -0.028596211224794388, -0.015619201585650444, -0.00435892678797245, 0.022871464490890503, -0.01093344110995531, -0.015660485252738, 0.019197167828679085, -0.007892169058322906, -0.0033921876456588507, 0.003156523685902357, -0.0070045581087470055, 0.011655914597213268, 0.006584835238754749, -0.0037878283765167, -0.009894453920423985, -0.017655890434980392, -0.02944941818714142, 0.020752206444740295, 0.000953837763518095, 0.0006291544996201992, 0.026105396449565887, -0.023862285539507866, 0.032972339540719986, -0.00391168100759387, -0.0040492950938642025, -0.03151363134384155, 0.024729255586862564, 0.004369247704744339, -0.000728924700524658, -0.009935738518834114, -0.00981876626610756, -0.007809600792825222, -0.0005913106142543256, -0.01877056434750557, -0.014421958476305008, 0.011394447647035122, 0.01016968209296465, 0.06198139488697052, 0.008394460193812847, -0.008882991038262844, 0.014380673877894878, -0.004988511558622122, 0.01954120397567749, 0.011752245016396046, 0.01113986223936081, -0.024632925167679787, -0.04510990530252457, 0.039522770792245865, -0.024316413328051567, -0.00235492130741477, -0.019568726420402527, -0.03798149526119232, -0.0006424858584068716, 0.004386449698358774, 0.017421945929527283, 0.0033681052736938, 0.019045792520046234, 0.01351370569318533, 0.012020592577755451, 0.011580226942896843, -0.0008037523948587477, 0.007259143982082605, 0.012151326052844524, -0.00798161793500185, -0.009227026253938675, -0.008249965496361256, -0.019651293754577637, 0.008649046532809734, 0.00426603714004159, -0.01877056434750557, 0.0023101968690752983, 0.0016642706468701363, 0.006020617205649614, -0.019100837409496307, -0.01460085716098547, 0.05028419569134712, 0.035394348204135895, -0.020518263801932335, 0.018784325569868088, -0.0015636403113603592, 0.0013314165407791734, -0.01381645631045103, -0.00802290253341198, -0.008057305589318275, -0.005724746733903885, -0.025197142735123634]","[-0.006813927087932825, 0.02593340165913105, 0.006513709668070078, -0.005356691312044859, -0.02946854755282402, 0.005886288359761238, -0.01959172636270523, -0.007616756018251181, -0.003471055068075657, -0.0007066919351927936, 0.012710335664451122, 0.029387591406702995, -0.0010465449886396527, -0.014720781706273556, -0.01443742960691452, 0.014423936605453491, 0.012804785743355751, -0.02679695002734661, 0.006179759744554758, 0.01163764763623476, 0.004034384619444609, 0.005980738904327154, -0.015881173312664032, 0.004877692554146051, -0.022654620930552483, 0.0047461362555623055, 0.027026329189538956, -0.007792164105921984, 0.014275514520704746, 0.017284436151385307, 0.0034457556903362274, -0.003008922329172492, -0.028065284714102745, -0.026149289682507515, -0.021872032433748245, -0.01960521936416626, 0.0068071805872023106, -0.004439172334969044, 0.03918345272541046, 0.0009445047471672297, 0.008439824916422367, 0.00475288275629282, 0.00548487389460206, -0.018053533509373665, -0.01694711484014988, 0.030871812254190445, 0.013506418094038963, -0.011097931303083897, -0.011421761475503445, -0.0033260060008615255, -0.008817626163363457, 0.025137320160865784, -0.05197474732995033, 0.0002443484263494611, -0.003123612143099308, -0.0008795700850896537, 0.03918345272541046, 0.02532622031867504, -0.006689117755740881, -0.0010229323524981737, 0.016312945634126663, 0.009377582930028439, -0.0002056616940535605, -0.017459845170378685, -0.03111468441784382, -0.015732750296592712, -0.02992730773985386, -0.01708204299211502, -0.007738192565739155, -0.008675950579345226, 0.019362347200512886, -0.0018013054504990578, 0.003233242081478238, -0.011023719795048237, 0.011381282471120358, -0.016906635835766792, -0.03786114603281021, 0.011455493047833443, 0.012595645152032375, 0.0011460552923381329, 0.0015837320825085044, -0.013182587921619415, -0.04037083312869072, -0.00787312164902687, -0.005275733768939972, 0.024233292788267136, 0.010693143121898174, 0.013681826181709766, 0.002057671081274748, -0.021116428077220917, 0.019956035539507866, -0.006672251503914595, 0.032059188932180405, -0.012109899893403053, 0.024543629959225655, 0.005808704067021608, -0.02505636215209961, 0.030413053929805756, 0.00899303425103426, -0.023059409111738205, -0.014612837694585323, 0.015193033963441849, -0.014127092435956001, -0.007211968302726746, -0.012588899582624435, 0.004459411837160587, 0.006027964409440756, -0.02045527473092079, -0.014936667867004871, -0.017648745328187943, -0.011840041726827621, -0.0004085826512891799, 0.011334056966006756, -0.017014577984809875, 0.008082262240350246, 0.005734493024647236, 0.011374535970389843, -0.024246785789728165, -0.022074425593018532, -0.02341022528707981, -0.014990639872848988, 0.02621675282716751, 0.03672774136066437, -0.016312945634126663, 0.011941238306462765, 0.008048529736697674, -0.006351794581860304, -0.0299003217369318, -0.005710880737751722, -0.021872032433748245, 0.03343546763062477, 0.037375401705503464, 0.006652012001723051, 0.043852005153894424, -0.017797168344259262, 0.01266311015933752, -0.016393903642892838, -0.0038387372624129057, -0.021737102419137955, -0.007151250261813402, 0.010591946542263031, 0.014208050444722176, 0.012312293983995914, -0.0011764144292101264, 0.004682044964283705, 0.016542326658964157, 0.003115179017186165, 0.020010007545351982, -0.007852882146835327, -0.004813601262867451, 0.01200870331376791, -0.0035789983812719584, -0.00763024901971221, 0.0203203447163105, 0.007029814179986715, -0.019969528540968895, 0.01693362183868885, 0.007198475766927004, 0.006243851035833359, -0.03656582534313202, 0.002548476215451956, 0.03111468441784382, -0.001128345844335854, -0.03548639267683029, 0.00041385332588106394, 0.027323173359036446, 0.010436777956783772, -0.03697061538696289, -0.0005161043955013156, -0.02798432670533657, -0.0005671245162375271, 0.02179107442498207, -0.049168217927217484, 0.0063214353285729885, -0.005947006866335869, 0.0021453751251101494, 0.016879649832844734, 0.0026867787819355726, -0.004820347297936678, -0.015233512036502361, -0.002760989824309945, 0.016151031479239464, 0.00412208866328001, 0.024125350639224052, -0.027039822190999985, -0.008426331914961338, 0.00618987949565053, 0.0003434371028561145, 0.0055253528989851475, 0.005623176693916321, 0.0007952392916195095, -0.005761479027569294, -0.005316212307661772, -0.030008265748620033, -0.6105278730392456, -0.027606524527072906, -0.01445092260837555, -0.01118563488125801, 0.017203480005264282, 0.004823720548301935, -0.0013105003163218498, 0.013040912337601185, -0.04312339052557945, 0.024638080969452858, 0.0027070180512964725, 0.008736669085919857, 0.013816755264997482, -0.003953427076339722, -0.0013492924626916647, -0.023922955617308617, 0.025015883147716522, -0.0042738839983940125, 0.00423677871003747, 0.013951684348285198, -0.030467024073004723, 0.026270724833011627, -0.015962131321430206, 0.008939063176512718, -0.02768748253583908, -0.0017355275340378284, -0.01113840937614441, -0.0006632616277784109, 0.0148692037910223, 0.025542106479406357, -0.04466158151626587, -0.013695319183170795, 0.020684653893113136, 0.027039822190999985, 0.06007050350308418, -0.013357996009290218, -0.025973880663514137, 0.01887660287320614, -0.004483024589717388, 0.025393685325980186, -0.012986940331757069, 8.986498869489878e-06, -0.004918171092867851, 0.0018316645873710513, -0.03872469440102577, 0.017567789182066917, 0.04641566425561905, 0.007522305939346552, 0.0042873769998550415, -0.028631987050175667, 0.01385723426938057, 0.0027677363250404596, 0.01414058543741703, 0.02372056245803833, 0.03885962441563606, 0.0013535090256482363, 0.024219799786806107, -0.01944330520927906, 0.024584108963608742, -0.023761041462421417, 0.0003204569802619517, -0.008379106409847736, -0.020671160891652107, -0.008014797233045101, -0.03400216996669769, 0.03168138861656189, 0.00423677871003747, -0.009930793195962906, 0.017770182341337204, -0.014464415609836578, 0.016582805663347244, 0.009984764270484447, 0.005039607640355825, 0.0048270937986671925, 0.005960499867796898, 0.01914646103978157, 0.03400216996669769, -0.03594515100121498, 0.0003291008761152625, -0.0032366153318434954, 0.027930354699492455, -0.00014473270857706666, -0.01621849648654461, -0.010510988533496857, 0.014046135358512402, -0.024651573970913887, -0.03095277026295662, -0.013337756507098675, 0.001585418707691133, -0.00825767032802105, -0.0016225242288783193, 0.020954512059688568, -0.00048743191291578114, -0.02299194410443306, 0.0064023928716778755, 0.01988857239484787, -0.02577148750424385, 0.008891837671399117, 0.01287899725139141, -0.030305109918117523, -0.023828506469726562, -0.01957823522388935, -0.0066317724995315075, 0.0191599540412426, 0.02018541656434536, 0.005795211531221867, 0.00027913489611819386, -0.004975516349077225, 0.02048226073384285, -0.04123437777161598, 0.00589640811085701, -0.008203698322176933, -0.010335580445826054, 0.009890314191579819, -0.028173226863145828, -0.03697061538696289, 0.007819149643182755, -0.0052824802696704865, -0.005936887115240097, 0.01976713538169861, -0.004408813081681728, -0.007454840932041407, 0.0038454837631434202, -0.022627634927630424, -0.0027694229502230883, 0.004233405459672213, 0.008932316675782204, 0.0028149615973234177, 0.03996604308485985, -0.009073992259800434, 0.011118169873952866, -0.03227507695555687, 0.016124045476317406, -0.01193449180573225, 0.03791511803865433, -0.012710335664451122, 0.003066267119720578, 0.008237430825829506, 0.001509521040134132, -0.010780847631394863, -0.006692491006106138, 0.0005869422457180917, 0.021264849230647087, -0.01281827874481678, 0.040154945105314255, -0.012386505492031574, -0.027741454541683197, 0.01001849677413702, -0.01142850797623396, 0.026904892176389694, 0.004304243251681328, -0.011954731307923794, -0.007286179345101118, 0.0172574520111084, -0.037510331720113754, -0.00733340485021472, -0.004375081043690443, -0.023828506469726562, 0.013277038000524044, -0.038238950073719025, -0.006888138130307198, 0.016744719818234444, -0.010409791953861713, -0.00956648401916027, 0.004246897995471954, -0.022897493094205856, -0.016866156831383705, 0.016097059473395348, -0.0003575625014491379, -0.02430075779557228, -0.012980193831026554, -0.00854102149605751, -0.0053263320587575436, 0.004510010126978159, -0.0023325893562287092, -0.016731226816773415, -0.04566005989909172, 0.018053533509373665, 0.03300369530916214, -0.016110552474856377, -0.007852882146835327, 0.015125568956136703, 0.007610009983181953, 0.016825677827000618, 0.00885135866701603, 0.022614141926169395, 0.0023629486095160246, 0.006247224286198616, -0.007137757260352373, 0.038832638412714005, -0.005650162231177092, -0.006419259123504162, -0.035135578364133835, -0.003919694572687149, -0.00678019504994154, 0.0024388462770730257, -0.0031084325164556503, 0.017311422154307365, 0.007704460062086582, 0.007778671104460955, 0.021737102419137955, 0.022479213774204254, 0.02578498050570488, -0.007900107651948929, -0.011313817463815212, -0.029252661392092705, -0.005886288359761238, -0.011253099888563156, 0.013992163352668285, -0.0020880301017314196, 0.008729922585189342, -0.033975183963775635, 0.0026952119078487158, 0.02755255252122879, 0.009552991017699242, 0.012838518247008324, -0.011172141879796982, 0.00564004248008132, -0.0008555357926525176, 0.03165440261363983, -0.00773144606500864, 0.013803262263536453, 0.024071378633379936, -0.0033968437928706408, -0.006280956789851189, 0.033381495624780655, 0.010713382624089718, 0.03178933262825012, 0.019659191370010376, -0.01415407843887806, -0.0017743196804076433, 0.04158519580960274, -0.011678126640617847, 0.01340522151440382, -0.0027778558433055878, 0.020576709881424904, 0.024422194808721542, -0.026284217834472656, -0.008250923827290535, -0.01692012883722782, -0.018525786697864532, 0.02241174876689911, 0.0052656140178442, -0.006989335175603628, 0.02137279324233532, -0.013088136911392212, 0.011617408134043217, 0.03535146266222, 0.003862349782139063, 0.03885962441563606, -0.0029819365590810776, -0.01443742960691452, -0.019780628383159637, 0.006982588674873114, 0.017891619354486465, -0.020509246736764908, -0.008210444822907448, 0.027768440544605255, -0.002995429327711463, 0.021426765248179436, 0.019119475036859512, -0.02049575373530388, 0.03357039764523506, -0.010261369869112968, 0.027377145364880562, -0.005889661610126495, -0.007859628647565842, -0.0039939056150615215, 0.01113840937614441, -0.019780628383159637, 0.006220238283276558, -0.04166615381836891, 0.007535798475146294, -0.03842785209417343, 0.014855710789561272, -0.003653209423646331, 0.03289575129747391, 0.005977365653961897, 0.02045527473092079, 0.009991510771214962, -0.033543411642313004, -0.007137757260352373, -0.0038117512594908476, 0.011603916063904762, 0.017932098358869553, -0.023059409111738205, 0.00891207717359066, -0.001337486202828586, -0.005059847142547369, 0.013816755264997482, 0.001890696119517088, 0.022897493094205856, -0.009087485261261463, -0.011091184802353382, -0.018890095874667168, 0.016987591981887817, 0.027336666360497475, 0.016110552474856377, -0.007785417605191469, 0.004719150718301535, -0.002457398921251297, 0.027633510529994965, -0.02900978922843933, -0.006861152593046427, 0.04482349753379822, 0.01633993163704872, -0.014046135358512402, -0.024341236799955368, 0.005403916351497173, 0.0175138171762228, 0.0015322903636842966, -0.0007336778216995299, 0.00041806985973380506, 0.00747508043423295, -0.008358866907656193, 0.030601954087615013, 0.00193286151625216, 0.007184982765465975, 0.01945679821074009, 0.023788027465343475, -0.01608356647193432, -0.023450704291462898, -0.0005392953753471375, 0.00972165260463953, 0.036781713366508484, 0.006361914332956076, 0.00282002124004066, -0.015800215303897858, -0.002518117194995284, 0.026135796681046486, -0.01067290361970663, -0.022290311753749847, 0.012514688074588776, -0.002251631813123822, 0.00014230819942895323, 0.0034980408381670713, 0.01681218482553959, -0.014383458532392979, 0.0036295969039201736, -0.019632205367088318, 0.004975516349077225, -0.02330228127539158, -0.004415559582412243, 0.004820347297936678, -0.015435906127095222, 0.017905112355947495, -0.00897954124957323, 0.03375929966568947, -0.012561913579702377, 0.02045527473092079, 0.014842217788100243, -0.010848311707377434, 0.023612618446350098, -0.03389422968029976, -0.010497495532035828, 0.031303584575653076, 0.033516425639390945, 0.020873555913567543, 0.034703802317380905, 0.04474253952503204, 0.015935145318508148, 0.00358911813236773, 0.025015883147716522, 0.021561695262789726, 0.009492272511124611, 0.007353644352406263, -0.01275081466883421, 0.016596298664808273, 0.026891399174928665, -0.02565005049109459, -0.021440258249640465, 0.019713163375854492, -0.0052959732711315155, 0.019510770216584206, -0.004567355383187532, -0.03022415190935135, -0.01563829928636551, -0.0023157233372330666, 0.01119912788271904, 0.008932316675782204, -0.012710335664451122, -0.017608268186450005, -0.02933361940085888, -0.0394802987575531, -0.015354949049651623, -0.00670261075720191, -0.0007513872697018087, 0.01517954096198082, -0.020887048915028572, -0.035729266703128815, -0.019227419048547745, -0.017486831173300743, -0.0017321542836725712, 0.01128008496016264, -0.01870119385421276, -0.03357039764523506, -0.027930354699492455, 0.027174750342965126, 0.055590853095054626, 0.023680083453655243, 0.00682067358866334, -0.005157670471817255, -0.013688572682440281, -0.003162404289469123, -0.019632205367088318, -0.03813100606203079, 0.008048529736697674, 0.03079085424542427, 0.013567136600613594, 0.005629923194646835, 0.012993686832487583, -0.007104025222361088, -0.029252661392092705, 0.03151947259902954, 0.020131444558501244, 0.007852882146835327, 0.014720781706273556, 0.002708704676479101, 0.02830815687775612, -0.0037240474484860897, 0.008230684325098991, 0.02152121625840664, 0.01917344704270363, -0.0023747547529637814, 0.0010254622902721167, 0.004614580422639847, -0.013243306428194046, 0.007522305939346552, -0.0036161039024591446, 0.0014698855811730027, 0.0014622957678511739, 0.020509246736764908, -0.03284177929162979, 0.008129487745463848, 0.02226332575082779, -0.021183893084526062, -0.0034221431706100702, -0.0030156688299030066, 0.03818497806787491, 0.010085961781442165, 0.013128615915775299, 0.032490964978933334, 0.013142108917236328, -0.02579847350716591, 0.0076909675262868404, -0.016582805663347244, 0.030763870105147362, 0.009499019011855125, 0.007441348396241665, -0.019780628383159637, 0.0032079429365694523, -0.03848182410001755, -0.025164306163787842, -0.006463110912591219, 0.0015348201850429177, -0.008824372664093971, -0.021696623414754868, -0.025987373664975166, -0.013762783259153366, -0.016434382647275925, -0.0175138171762228, 0.01393819134682417, -0.014464415609836578, -0.02168313041329384, -0.017297929152846336, -0.021845046430826187, -0.008702936582267284, 0.0018535905983299017, -0.009094231761991978, -0.022033946588635445, -0.008048529736697674, 0.024192815646529198, 0.014005656354129314, -0.0023309027310460806, 0.014315993525087833, 0.0064698574133217335, -0.02238476276397705, -0.004857453051954508, -0.01810750551521778, -0.011583676561713219, 0.0018653968581929803, 0.009552991017699242, 0.021831553429365158, 0.015422413125634193, 0.03402915596961975, -0.017446352168917656, 0.018309898674488068, -0.008817626163363457, -0.00036283317604102194, -0.002943144179880619, 0.003115179017186165, 0.01287899725139141, 0.0052453745156526566, -0.006705984007567167, 0.013081391341984272, -0.023032423108816147, 0.0246110949665308, -0.010484002530574799, -0.020090965554118156, 0.047495096921920776, -0.023234816268086433, 0.004010771866887808, -0.011401521973311901, -0.03791511803865433, -0.024084871634840965, 0.042934488505125046, -4.2428924643900245e-05, 0.0020222521852701902, -0.041747111827135086, -0.02474602498114109, 0.01589466631412506, 0.010713382624089718, 0.017338408157229424, -0.01944330520927906, 0.03977714478969574, 0.01710902899503708, -0.023315774276852608, -0.027350159361958504, 0.00043894172995351255, -0.01465331669896841, -0.013020672835409641, -0.014464415609836578, -0.006355167832225561, -0.001099673449061811, -0.009188681840896606, 0.03694362938404083, 0.016447875648736954, 0.002394994255155325, 0.015867680311203003, 0.004948530346155167, -0.010807832702994347, -0.0238689836114645, 0.0029971159528940916, -0.007987811230123043, -0.007205221801996231, -0.00475288275629282, -0.013135362416505814, 0.0034221431706100702, 0.004911424592137337, 0.02092752605676651, 0.003680195426568389, 0.01736539416015148, 0.003929814323782921, -0.017149507999420166, 0.010180411860346794, -0.009910553693771362, 0.04082959145307541, -0.01287899725139141, 0.008824372664093971, 0.027161257341504097, 0.002627747133374214, -0.006355167832225561, -0.004182806704193354, 0.006328181829303503, -0.008878344669938087, 0.025164306163787842, 0.016744719818234444, -0.010625678114593029, -0.013432206586003304, -0.010106201283633709, -0.012852011248469353, -0.02694537118077278, -0.007184982765465975, 0.0022128396667540073, 0.008217191323637962, -0.02728269435465336, -0.017756689339876175, -0.008520781993865967, -0.023167353123426437, 0.012346026487648487, 0.006560934707522392, 0.02949553355574608, -0.031195642426609993, -0.01592165231704712, -0.024651573970913887, -0.010328833945095539, -0.041477251797914505, 0.055914681404829025, 0.028820887207984924, 0.014801738783717155, -0.013391728512942791, 0.007832642644643784, -0.013061151839792728, 0.01297344733029604, -0.0044492920860648155, 0.027525566518306732, 0.006000978406518698, 0.015017625875771046, 0.007232207804918289, 0.012555167078971863, -0.018957559019327164, -0.02811925671994686, 0.004941783845424652, 0.02976539358496666, -0.023342760279774666, -0.00290941190905869, 0.011097931303083897, 0.009195428341627121, 0.014005656354129314, 0.02358563244342804, -0.02238476276397705, -0.008453317917883396, -0.024867460131645203, 0.015327963046729565, 0.03732142969965935, 0.028065284714102745, 0.031330570578575134, -0.018080519512295723, -0.015962131321430206, 0.007151250261813402, -0.0011376222828403115, -0.006179759744554758, -0.012042435817420483, -0.038535792380571365, -0.015085089951753616, -0.002423666650429368, 0.017001084983348846, 0.03829292207956314, 0.00478998851031065, -0.0017195045948028564, 0.0199020653963089, 0.014639823697507381, -0.008594993501901627, 0.0014690422685816884, -0.00043683344847522676, -0.0005932670319452882, -0.004209792707115412, 0.004091729409992695, -0.009465286508202553, -0.03257192298769951, -0.005042980890721083, -0.012352772988379002, -0.03195124492049217, -0.0462537482380867, 0.010335580445826054, 0.008601740002632141, -0.00597399240359664, -0.03149248659610748, -0.017432859167456627, 0.003585744882002473, -0.004631446674466133, -0.008972794748842716, -0.0005114661762490869, 0.026581062003970146, 0.011145155876874924, -0.0014513327041640878, 0.009060499258339405, -0.024111857637763023, 0.004955276846885681, -0.01721697300672531, -0.01799956150352955, -0.0002766049583442509, -0.05146201699972153, -0.010133186355233192, 0.0011376222828403115, 0.017149507999420166, -0.0172574520111084, -0.005957126617431641, -0.03686267137527466, -0.015840694308280945, -0.024503152817487717, 0.03192426264286041, 0.012568660080432892, -0.0038556032814085484, 0.0013239933177828789, 0.014113599434494972, -0.02168313041329384, 0.02355864644050598, -0.03429901599884033, -0.01200870331376791, -0.014342979528009892, -0.014707288704812527, -0.007319911848753691, 0.016137538477778435, -0.019956035539507866, 0.04395994916558266, 0.01547638513147831, 0.007663981523364782, -0.03443394601345062, -0.024287264794111252, -0.026162782683968544, 0.010517735034227371, 0.003552012611180544, 0.004115342162549496, 0.03516256436705589, -0.0014386831317096949, 0.004540369380265474, 0.03443394601345062, -0.0015693958848714828, 0.01782415434718132, -0.009633948095142841, 0.016097059473395348, -0.0025889549870043993, 0.009546244516968727, 0.02532622031867504, -0.00644624512642622, -0.013621107675135136, -0.007920347154140472, 0.014518387615680695, 0.009546244516968727, 0.039993029087781906, 0.015085089951753616, 0.004823720548301935, -0.011408268474042416, -0.004897931590676308, -0.038373880088329315, 0.018593251705169678, -0.016825677827000618, 0.021143414080142975, -0.008675950579345226, -0.014127092435956001, 0.004250271245837212, 0.00316577753983438, -0.01768922433257103, -0.0038893355522304773, 0.01648835465312004, -0.027512073516845703, 0.0008255983702838421, -0.012568660080432892, -0.0008517408859916031, -0.021561695262789726, -0.03003525175154209, 0.029819363728165627, 0.011974970810115337, 0.011738845147192478, 0.04228682816028595, 0.01843133568763733, 0.004041131120175123, -0.015503371134400368, 0.005441022105515003, -0.011070945300161839, 0.0031877036672085524, 0.009519258514046669, -0.03214014694094658, 0.009930793195962906, -0.03170837461948395, 0.0037105544470250607, 0.016231989488005638, -0.0010279922280460596, -0.0011224426561966538, -0.014032642357051373, -0.037780191749334335, 0.005909901112318039, 0.002489444799721241, -0.02679695002734661, -0.0027879755944013596, 0.01755429618060589, -0.002342709107324481, 0.005137431435286999, 0.0009116157307289541, 0.0010465449886396527, -0.01798606850206852, 0.013756036758422852, 0.01141501497477293, 0.012055928818881512, -0.016124045476317406, -0.0002165192854590714, 0.026729485020041466, 0.006969095673412085, -0.01414058543741703, 0.21696624159812927, 0.020306851714849472, -0.00226681143976748, 0.008878344669938087, -0.021102935075759888, 0.024516645818948746, 0.004280630499124527, -0.009195428341627121, -0.02401740662753582, 0.029360605403780937, 0.0012674916069954634, 0.004709030967205763, -0.0005612213280983269, 0.005410662852227688, -0.020819583907723427, 0.005899781361222267, -0.030547982081770897, -0.03079085424542427, -0.04436473920941353, -0.030089223757386208, 0.008129487745463848, -0.005080086179077625, -0.022182369604706764, -0.019969528540968895, 0.008898584172129631, -0.01855277270078659, 0.016110552474856377, 0.009559737518429756, 0.0166772548109293, 0.007481826934963465, 0.0015499998116865754, 0.018040040507912636, 0.0006780194817110896, -0.020428288727998734, 0.0038724695332348347, -0.021602172404527664, 0.01524700503796339, 0.009539498016238213, -0.004466158337891102, 0.021278342232108116, -0.01474776677787304, -0.03613405302166939, 0.0036599559243768454, -0.01662328466773033, -0.009357343427836895, -0.022074425593018532, -0.009458540938794613, -0.02520478330552578, 0.005761479027569294, 0.028038298711180687, -0.03203220292925835, -0.004999128635972738, 0.013668333180248737, 0.0021167027298361063, 0.02477301098406315, -0.03699760138988495, 0.055590853095054626, 0.018363870680332184, -0.040586717426776886, 0.0175138171762228, -0.0002002856053877622, 0.01177932322025299, 0.0062404777854681015, 0.022182369604706764, -0.002852067118510604, -0.0029127851594239473, 0.005356691312044859, 0.011070945300161839, 0.000974020513240248, -0.009289879351854324, 0.019807614386081696, 0.009843088686466217, -0.0007121734670363367, 0.009903807193040848, -0.011226113885641098, -0.01886310987174511, 0.028092270717024803, 0.0044357990846037865, 0.02536669932305813, 0.028335142880678177, -0.024557122960686684, -0.00993753969669342, -0.00290941190905869, -0.010942762717604637, -0.026027852669358253, 0.010099454782903194, -0.023356253281235695, -0.015611314214766026, -0.020212402567267418, 0.008466810919344425, 0.009235907346010208, 0.004331228788942099, -0.01976713538169861, -0.019848093390464783, 0.004010771866887808, 0.018741672858595848, 0.00717823626473546, 0.012116646394133568, -0.0009082425385713577, -0.0053769308142364025, -0.02094101905822754, 0.03780717775225639, 0.01843133568763733, -0.014545373618602753, -0.007798910606652498, -0.004877692554146051, -0.012541674077510834, -0.004607833921909332, 0.006928617134690285, -0.015948638319969177, 0.0008753535221330822, -0.01376952975988388, 0.011664633639156818, -0.010868551209568977, 0.02579847350716591, -0.0006991021800786257, 0.0011275025317445397, -0.01709553599357605, 0.013364742510020733, 0.0017144448356702924, 0.024071378633379936, -0.029063761234283447, -0.011529704555869102, 0.013391728512942791, -0.007110771723091602, -0.019416319206357002, -0.030871812254190445, -0.004108595661818981, 0.0010254622902721167, -0.026297710835933685, -0.014235036447644234, -0.03713253140449524, 0.01988857239484787, -0.03540543466806412, 0.005353318061679602, -0.0064023928716778755, 0.01813449151813984, -0.001535663497634232, -0.019200433045625687, 0.0009478779975324869, 0.009337103925645351, -0.011401521973311901, 0.019564742222428322, 0.007488573435693979, -0.010112947784364223, -0.01942981220781803, 0.025312727317214012, -0.007967572659254074, -0.018593251705169678, -0.004203046206384897, -0.0148692037910223, -0.01244722306728363, 0.013236559927463531, -0.0149501608684659, -0.0008466810686513782, -0.013978670351207256, -0.004769749008119106, -0.04951903596520424, -0.017783675342798233, 0.010409791953861713, -0.024678559973835945, -0.007259193807840347, 0.036188025027513504, -0.010058975778520107, -0.02283002994954586, -0.01524700503796339, -0.17055056989192963, -0.00810250174254179, 0.019038517028093338, -0.04460760951042175, 0.020819583907723427, 0.032059188932180405, 0.02033383771777153, -0.01024787686765194, -0.037213485687971115, 0.009897060692310333, 0.017581282183527946, -0.013951684348285198, -0.03815799206495285, -0.01767573133111, -0.015058104880154133, -0.007643742021173239, 0.0026597927790135145, 0.024489659816026688, 0.042799558490514755, 0.007879868149757385, 0.036322955042123795, -0.013965177349746227, -0.016825677827000618, -0.015422413125634193, -0.016312945634126663, 0.019335361197590828, -0.01592165231704712, -0.002804841846227646, 0.009154949337244034, -0.0038927088025957346, -0.004563982132822275, 0.0037577797193080187, -0.014518387615680695, -0.023477690294384956, -0.01752731017768383, 0.008406092412769794, -0.024044392630457878, -0.023248309269547462, -0.018755165860056877, 0.006827420089393854, 0.008878344669938087, 0.005828943569213152, -0.013749290257692337, -0.015665285289287567, 0.02166963741183281, 0.03834689408540726, 0.009047006256878376, 0.005494993645697832, 0.013540150597691536, -0.012710335664451122, 0.02266811393201351, -0.03548639267683029, 0.009930793195962906, -0.003815124509856105, 0.011219367384910583, 0.027174750342965126, 0.03092578426003456, 0.03578323870897293, -0.032490964978933334, -0.022614141926169395, 0.014504894614219666, -0.0287399310618639, -0.008581500500440598, 0.005926767364144325, -0.004169313702732325, 0.003277094103395939, -0.012919476255774498, 0.007515559438616037, -0.040289875119924545, 0.010794339701533318, -0.013681826181709766, -0.00773144606500864, -0.005218388978391886, -0.009600216522812843, 0.018094012513756752, 0.001961533911526203, 0.014235036447644234, -0.01082807220518589, 0.01783764734864235, 0.014612837694585323, 0.0013071270659565926, 0.02401740662753582, -0.010463763028383255, 0.043555162847042084, 0.0032585414592176676, -0.012251576408743858, 0.028793903067708015, -0.006813927087932825, -0.0002137785340892151, 0.0026732857804745436, 0.0165153406560421, -0.00042249722173437476, -0.003713927697390318, 0.0025349832139909267, 0.01318933442234993, 0.023504676297307014, -0.0034643085673451424, -0.017486831173300743, 0.0062269847840070724, -0.03435298800468445, 0.008804134093225002, -0.015058104880154133, -0.04522828385233879, 0.015867680311203003, 0.0049080513417720795, 0.023639604449272156, 0.025865936651825905, -0.01054472103714943, 0.042340800166130066, 0.008777148090302944, -0.059908587485551834, -0.00802829023450613, -4.524873656919226e-05, 0.04439172521233559, -0.011691619642078876, 0.03408312797546387, -0.02857801504433155, -0.007657235022634268, -0.006540695670992136, 0.00733340485021472, 0.03475777432322502, -0.01662328466773033, 0.012649617157876492, 0.011388028971850872, 0.012184111401438713, 0.024098364636301994, -0.08295450359582901, -0.014100106433033943, -0.0024202934000641108, 0.00020576710812747478, -0.007245700806379318, -0.004142328165471554, -0.017136014997959137, 0.023059409111738205, -0.024260278791189194, 0.01824243552982807, -0.00666550500318408, -0.014977146871387959, -0.0001370375248370692, 0.002565342467278242, -7.48435704736039e-05, 0.0001199605394504033, -0.01267660316079855, -0.010720129124820232, 0.013594121672213078, 0.03332752361893654, -0.012905983254313469, -0.0029684435576200485, 0.0033175728749483824, 0.013614361174404621, -0.0008736668969504535, -0.011698366142809391, -0.00773144606500864, 0.0018586504738777876, 0.022722085937857628, -0.0270937941968441, -0.008115994744002819, -0.024354729801416397, 0.0010558214271441102, -0.003000489203259349, -0.02076561190187931, 0.003538519609719515, -0.04145026579499245, -0.011293577961623669, 0.008372359909117222, -0.05801957845687866, -0.0007096435292623937, 0.009849835187196732, 0.01589466631412506, 0.0063349283300340176, -4.841114059672691e-05, -0.01959172636270523, -0.014518387615680695, 0.03923742473125458, 0.023626111447811127, -0.007367136888206005, -0.03200521692633629, 0.011003480292856693, -0.021021977066993713, -0.03092578426003456, 0.04636169224977493, 0.01466680970042944, 0.011765831150114536, 0.026432640850543976, -0.016839170828461647, 0.0011064198333770037, 0.008095755241811275, -0.00824417732656002, 0.01407312136143446, 0.019389333203434944, 0.009195428341627121, 0.024719038978219032, -0.0022684980649501085, -0.015881173312664032, -0.01855277270078659, -0.006412512622773647, -0.019362347200512886, -0.0068712723441421986, -0.03686267137527466, -0.0012194231385365129, -0.023072902113199234, 0.03540543466806412, 0.0011376222828403115, -0.011286831460893154, -0.011172141879796982, -0.015368442051112652, 0.005532099399715662, 0.0022162129171192646, -0.023747548460960388, 0.005414036102592945, 0.01589466631412506, 0.003946680575609207, 0.01067290361970663, -0.007090532220900059, -0.002479325048625469, -0.02238476276397705, 0.00031012645922601223, 0.011759084649384022, -0.020819583907723427, -0.01636691763997078, -0.012507941573858261, 0.01333101000636816, -0.010598693042993546, 0.005235254764556885, 0.0025973881129175425, -0.008837865665555, -0.005471381358802319, -0.020509246736764908, -0.056940145790576935, 0.020698146894574165, -0.01828291267156601, 0.003605984151363373, 0.00017646215565036982, -0.005113818682730198, 0.010187158361077309, 0.003555385861545801, 0.012595645152032375, 0.012656363658607006, -0.019402826204895973, 0.018957559019327164, -0.0350276343524456, -0.005471381358802319, -0.021143414080142975, 0.001436153193935752, 0.003939934074878693, -0.007846135646104813, -0.000660731690004468, -0.005356691312044859, 0.020252879709005356, -0.005403916351497173, -0.005498366896063089, 0.028820887207984924, -0.029225675389170647, 0.007859628647565842, -0.0299003217369318, 0.03680869936943054, -0.01883612386882305, -0.012211097404360771, 0.020954512059688568, -0.03405614197254181, 0.011894013732671738, 0.028227198868989944, -0.0008804133394733071, -0.006689117755740881, -0.0055253528989851475, 0.017932098358869553, -0.002693525282666087, 0.004584221169352531, -0.032922737300395966, -0.03575625270605087, 0.01185353472828865, -0.003147224895656109, -0.009006527252495289, 0.019537756219506264, -0.00758977048099041, -0.016474861651659012, 0.003066267119720578, -0.0017228778451681137, 0.03802306205034256, 0.031465500593185425, -0.0034288896713405848, -0.03311163932085037, -0.0018299779621884227, -0.013654840178787708, 0.00839934591203928, 0.03149248659610748, 0.023342760279774666, -0.008298149332404137, 0.03459585830569267, 0.022060932591557503, 0.015719257295131683, -0.00942480843514204, 0.018363870680332184, -5.808282730868086e-05, -0.01752731017768383, 0.023693576455116272, -0.0018485307227820158, -0.008176712319254875, -0.013762783259153366, -0.02768748253583908, 0.005943633615970612, 0.040613703429698944, 0.014046135358512402, -0.0018637102330103517, -0.023976927623152733, -0.017324915155768394, -0.002128508873283863, 0.025542106479406357, 0.019996514543890953, -0.012588899582624435, -0.015854187309741974, 0.0043548415414988995, 0.03491969034075737, 0.04066767543554306, -0.01563829928636551, 0.008284656330943108, 0.0172574520111084, -0.00707703921943903, -0.021278342232108116, -0.002071164082735777, -0.0014488028828054667, -0.0003706337884068489, 0.008392599411308765, -0.0029262781608849764, -0.0010659410618245602, -0.005656908731907606, 0.011320563964545727, 0.02698585018515587, 0.02475951798260212, 0.021021977066993713, -0.03022415190935135, -0.015813708305358887, 0.001016185968182981, 0.026014359667897224, -0.01289249025285244, -0.014194557443261147, 0.020536232739686966, -0.004159193951636553, -0.0006683214451186359, 0.008385852910578251, -0.004837213549762964, 0.01526049803942442, 0.013121869415044785, -0.000535500468686223, -0.006193252746015787, -0.022357776761054993, -0.029090747237205505, 0.011502718552947044, -0.0002810323203448206, 0.0030409679748117924, 0.030871812254190445, -0.02488095313310623, 0.03135755658149719, 0.0004878535692114383, 0.01118563488125801, -0.03362436965107918, 0.024422194808721542, 0.012845264747738838, 0.0005924237193539739, -0.01068639662116766, -0.006419259123504162, -0.011388028971850872, -0.0004975516349077225, -0.0255151204764843, -0.010490749031305313, 0.011381282471120358, 0.0036295969039201736, 0.04959999397397041, 0.00810250174254179, -0.00563666969537735, 0.001716131460852921, 0.00056670285994187, 0.016447875648736954, 0.0149501608684659, 0.014208050444722176, -0.022614141926169395, -0.04433775320649147, 0.04091054946184158, -0.0210624560713768, 8.137920667650178e-05, -0.0272557083517313, -0.03257192298769951, 0.005589444190263748, -0.006716103293001652, 0.023018930107355118, 0.009276386350393295, 0.0148692037910223, 0.017176494002342224, 0.01589466631412506, 0.005103698931634426, -0.0008028290467336774, 0.005042980890721083, 0.005828943569213152, -0.00703656068071723, -0.005842436570674181, -0.0052824802696704865, -0.02652708999812603, 0.016016101464629173, 0.009303371421992779, -0.016016101464629173, -0.004965396597981453, -0.0004865886003244668, 0.005498366896063089, -0.020698146894574165, -0.011894013732671738, 0.05362088605761528, 0.039426326751708984, -0.022074425593018532, 0.021480737254023552, -0.003960173577070236, -0.0018198583275079727, -0.02238476276397705, -0.011576930060982704, -0.009040259756147861, -0.0025670290924608707, -0.020590202882885933]","[-0.005386278498917818, -0.011304616928100586, -0.002310516545549035, -0.048187486827373505, -0.007803535554558039, 0.03210747614502907, -0.003179218154400587, 0.008723144419491291, -0.013846677727997303, -0.02036276087164879, 0.02065178006887436, 0.0021955654956400394, 0.004670297726988792, -0.007284613326191902, 0.004039708990603685, -0.02235962450504303, 0.049763958901166916, -0.01848413236439228, 0.004683434963226318, -0.019771583378314972, -0.025118451565504074, 0.009412850253283978, -0.008145104162395, -0.014240795746445656, -0.005366572644561529, -0.005832945927977562, 0.021623939275741577, -0.02345001883804798, -0.02564394101500511, -0.016697464510798454, -0.00562274968251586, -0.006345299072563648, -0.00357333617284894, -0.0159355029463768, -0.024211980402469635, -0.008999026380479336, -0.025630803778767586, 0.0026914970949292183, 0.0008026047726161778, 0.0169733464717865, -0.0039838757365942, 0.012171676382422447, -0.004414121154695749, -0.002436962677165866, -0.016815699636936188, 0.011055008508265018, -0.0012644617818295956, -0.027089040726423264, -0.021899821236729622, 0.01071343943476677, 0.006433975417166948, 0.0137941287830472, -0.007908633910119534, -0.030688650906085968, -0.006384710781276226, 0.03139806538820267, -0.009609909728169441, 0.03344747796654701, -0.0011511528864502907, -0.008736281655728817, 0.008066280744969845, -0.014805697835981846, 0.0016651483019813895, 0.02681315876543522, -0.025762176141142845, -0.0007381500909104943, -0.004095542244613171, 0.021978644654154778, 0.0004971633898094296, 0.020796291530132294, 0.0233580581843853, 0.011028734035789967, 0.01784040592610836, -0.004272895399481058, 0.010667459107935429, -0.02291139028966427, 0.009314320981502533, 0.005563631653785706, -0.006975887808948755, -0.017091581597924232, 0.00013660703552886844, -0.023463156074285507, -0.0018211533315479755, 0.006450396962463856, 0.02291139028966427, 0.013570794835686684, 0.00012459875142667443, 0.004726130980998278, -0.006391279399394989, -0.013347461819648743, 0.015029030852019787, 0.02322668395936489, 0.012881088070571423, -0.010312752798199654, -0.001018138020299375, 0.008204221725463867, -0.0006055458215996623, 0.050473373383283615, 0.0222939383238554, 0.00025597139028832316, -0.012217656709253788, 0.02377844974398613, -0.024632371962070465, 0.004808239173144102, -0.03129296377301216, -0.009163242764770985, 0.016605503857135773, -0.02639276534318924, -0.015410011634230614, -0.01728864014148712, -0.011455695144832134, 0.005277896299958229, -0.014345893636345863, -0.018247662112116814, -0.0001371202088193968, -0.019311780110001564, 0.0017144130542874336, 0.0018030896317213774, 0.0068707894533872604, -0.015554522164165974, 0.011508244089782238, 0.010476969182491302, 0.027561983093619347, -0.00589534780010581, 0.029348650947213173, 0.002916472963988781, -6.301781832007691e-05, 0.0009820106206461787, 0.004703140817582607, -0.0035700518637895584, 0.011508244089782238, 0.016894523054361343, 0.002530565718188882, -0.0013761285226792097, -0.016093149781227112, 0.0269051194190979, 0.0028573551680892706, 0.01810315065085888, 0.015212953090667725, 3.3946489566005766e-05, -0.0017735307337716222, 0.035601988434791565, 0.005566915962845087, -0.0007948045386001468, -0.011061577126383781, 0.029269827529788017, 0.012927069328725338, 0.004384562373161316, 0.02542060799896717, -0.016763150691986084, -0.006075985264033079, -0.01961393654346466, 0.023305509239435196, 0.009780693799257278, -0.0005649023805744946, 0.012578931637108326, -0.005494661163538694, -0.008572065271437168, -0.024566685780882835, -0.015186678618192673, 0.0037014244589954615, -0.021978644654154778, 0.0028885561041533947, -0.01726236566901207, 0.02535492181777954, 0.0318710058927536, 0.009084418416023254, 0.006102259736508131, -0.02658982388675213, -0.015488835982978344, 0.013183245435357094, 0.03116159327328205, -0.017879817634820938, -0.004305738490074873, -0.032343946397304535, -0.005435543600469828, 0.012966481037437916, -0.010174811817705631, -0.015725307166576385, -0.003836081363260746, 0.024448450654745102, -0.006772260181605816, 0.010706870816648006, 0.017183542251586914, 0.0011215939885005355, 0.010595204308629036, 0.021912958472967148, -0.025578254833817482, -0.0022940950002521276, -0.015699032694101334, 0.01153451856225729, 0.019850406795740128, 0.01542314887046814, -0.05107768625020981, -0.6591753959655762, -0.013964912854135036, 0.028770610690116882, -0.017012758180499077, 0.015948640182614326, 0.023279232904314995, -0.00010951142030535266, 0.015252364799380302, -0.016736876219511032, 0.013754716143012047, -0.010430988855659962, 0.0013564226683229208, -0.009347164072096348, -0.008861085399985313, -0.007080985698848963, -0.022477861493825912, -0.007304319180548191, -0.021242957562208176, -0.0012907362543046474, 0.01699962094426155, -0.005997161380946636, 0.014056873507797718, -0.012171676382422447, -0.026300804689526558, -0.011573930270969868, 0.013005892746150494, 0.023594528436660767, -0.014910795725882053, -0.0022267664317041636, 0.04203924909234047, -0.02464550919830799, 0.0043090227991342545, 0.0034748066682368517, -0.021019624546170235, 0.04022630676627159, -0.009025300852954388, -0.005139954853802919, 0.008414418436586857, 0.0013046946842223406, 0.037703949958086014, -0.03594355657696724, -0.007238632999360561, 0.016053738072514534, -0.004010150209069252, -0.0012332607293501496, 0.007593339309096336, 0.0091960858553648, 0.01632962003350258, -0.0037145616952329874, -0.014188245870172977, -0.008250202052295208, -0.010877655819058418, -0.006338730454444885, 0.01516040414571762, 0.0031496593728661537, -0.017630210146307945, 0.01996864378452301, -0.022596096619963646, 0.0027834579814225435, -0.00913039967417717, 0.005747553426772356, 0.027404334396123886, -0.016460992395877838, -0.008572065271437168, -0.009274909272789955, 0.005708141718059778, -0.0251315888017416, -0.007796966936439276, 0.03194982931017876, 0.006161377299576998, 0.022267663851380348, 0.007238632999360561, -0.020599231123924255, 0.010667459107935429, 0.027115315198898315, 0.022175703197717667, 0.013012461364269257, -0.01326206885278225, -0.0019755163230001926, 0.026366490870714188, 0.012138833291828632, -0.011107557453215122, 0.02167648822069168, -0.016119424253702164, 0.0054618180729448795, 0.02777217887341976, -0.006798534654080868, -0.024211980402469635, -0.007455397862941027, 0.014950207434594631, -0.0020592662040144205, -0.00848667323589325, -0.0002067066525341943, -0.010109125636518002, 0.0031102474313229322, 0.032343946397304535, 0.013597069308161736, -0.006269759964197874, 0.028192570433020592, -0.02149256505072117, -0.002179143950343132, 0.02932237647473812, 0.010811969637870789, -0.005560347344726324, -0.004118532408028841, -0.018589230254292488, -0.006608044262975454, 0.02816629596054554, 0.03284316137433052, 0.0075539276003837585, -0.00014040451787877828, 0.004732699599117041, -0.0029263258911669254, -0.012795696035027504, 0.034314535558223724, -0.036889441311359406, 0.02490825392305851, 0.010010596364736557, -0.013702167198061943, -0.0043550035916268826, 0.006890495773404837, 0.01626393385231495, -0.016855111345648766, -0.016119424253702164, -0.012605206109583378, 0.012539519928395748, -0.0007652456988580525, -0.0024960804730653763, -0.007028436753898859, 0.0061186812818050385, -0.024054331704974174, -0.015896091237664223, 0.01001716498285532, -0.006565348245203495, 0.0007771513191983104, -0.013531383126974106, 0.011002459563314915, -0.026983942836523056, 0.011232362128794193, -0.01619824767112732, -0.0008687016670592129, 0.0011544371955096722, 0.008480104617774487, -0.02404119446873665, -0.0026914970949292183, -0.01071343943476677, -0.007862653583288193, 0.01910158433020115, -0.021505702286958694, 0.01090393029153347, 0.008348732255399227, -0.011849813163280487, -0.014004324562847614, 0.02890198305249214, 0.014831972308456898, -0.0006195041351020336, -0.02207060530781746, -0.010917067527770996, -0.013531383126974106, -0.028245119377970695, 0.03271178901195526, 0.015672758221626282, -0.002487869467586279, 0.002885271795094013, 0.013110990636050701, -0.011363734491169453, 0.024500999599695206, 0.026721198111772537, 0.001142942113801837, -0.035023950040340424, 0.0004491302534006536, -0.025433745235204697, 0.0173280518501997, 0.0040265717543661594, 0.012145401909947395, 0.015764718875288963, -0.01757766120135784, 0.008604908362030983, -0.01870746538043022, -0.00807941798120737, -0.002422183286398649, -0.002374560572206974, -0.0020691193640232086, 0.001062476309016347, 0.02235962450504303, -0.007475103717297316, 0.011757852509617805, 0.009452261961996555, -0.0029033354949206114, 0.0097412820905447, -0.00404956191778183, 0.0061121126636862755, -0.023594528436660767, -0.014989619143307209, 0.016526680439710617, -0.007770692463964224, -0.015239227563142776, 0.01642158068716526, 0.0091960858553648, -0.004956033080816269, 0.03029453381896019, -0.00714667234569788, 0.03213375061750412, -0.02687884494662285, 0.013728441670536995, -0.009090987034142017, 0.018694328144192696, -0.023174135014414787, -0.003914904780685902, 0.010345595888793468, -0.02038903534412384, -0.02309531159698963, -0.00997118465602398, 0.0025387764908373356, 0.0025601244997233152, -0.005047994200140238, 0.0011002459796145558, -0.00035244820173829794, -0.022215114906430244, -0.0036455909721553326, 0.017800994217395782, 0.00898588914424181, 0.028770610690116882, 0.0015042168088257313, -0.02435649000108242, 0.005855936091393232, 0.0254862941801548, -0.0050118668004870415, -0.0075013781897723675, 0.010115694254636765, -0.018181974068284035, -0.01584354229271412, -0.007941477000713348, 0.0016881385818123817, 0.003947748336941004, 0.020888252183794975, 0.02426452934741974, -0.00943912472575903, 0.026300804689526558, -0.026471588760614395, 0.003218629863113165, 0.007048142608255148, -0.003951032646000385, -0.012670892290771008, 0.008013731800019741, 0.012821970507502556, 0.0021397320087999105, -0.0064602503553032875, -0.0015805772272869945, 0.004775396082550287, 0.008847948163747787, -0.0026438746135681868, 0.0006970961112529039, 0.01996864378452301, 0.0042893169447779655, -0.012119127437472343, 0.01185638178139925, 0.01967962272465229, 0.055702004581689835, 0.03100394643843174, 0.02287197858095169, 0.0014467412838712335, 0.024409038946032524, 0.0062828972004354, 0.004558631218969822, -0.001192206866107881, -0.014529814943671227, -0.011514812707901001, -0.00507426867261529, -0.005862504709511995, -0.005721278954297304, 0.01160020474344492, 0.015396874397993088, 0.006240200717002153, 0.004571768455207348, -0.0026192422956228256, 0.00580010237172246, 0.000263976922724396, -0.029348650947213173, -0.002588041126728058, -0.009642752818763256, -0.02687884494662285, 0.012913931161165237, 0.024093743413686752, -0.0023154430091381073, -0.0005070163169875741, -0.013288343325257301, 0.015055306255817413, -0.02451413683593273, 0.010430988855659962, 0.015922365710139275, 0.014332756400108337, -0.020848840475082397, -0.0006814956432208419, 0.006043142173439264, 0.001630663056857884, 0.02932237647473812, -0.022832566872239113, 0.013702167198061943, -0.009182948619127274, 0.03258041664958, 0.001301410375162959, -0.01506844349205494, -0.005103827454149723, 0.02142687886953354, -0.004979023709893227, -0.000668358348775655, -0.021663350984454155, -0.0041218167170882225, -0.007389711681753397, -0.012716872617602348, -0.04319532588124275, -0.020336486399173737, -0.021597662940621376, 0.021794723346829414, -0.008499810472130775, -0.002711203182116151, 0.02364707738161087, 0.028061198070645332, -0.01103530265390873, -0.00491333706304431, -0.031187867745757103, -0.009905497543513775, 0.007652456872165203, 0.10157733410596848, 0.019732171669602394, 0.005593190435320139, 0.01345255970954895, 0.015580796636641026, -0.014910795725882053, -0.029637670144438744, -0.013833540491759777, 0.013413148000836372, -0.01703903265297413, 0.009228928945958614, 0.0013088000705465674, 0.0014007608406245708, -0.012151970528066158, 0.03610120341181755, 0.002681644167751074, -0.009577066637575626, 0.014700599946081638, -0.002799879526719451, -0.03591728210449219, 0.0069167702458798885, 0.029900414869189262, 0.018996484577655792, 0.03752002865076065, 0.010181380435824394, 0.03738865628838539, 0.0269051194190979, 0.02136119268834591, 0.013091284781694412, 0.001243113656528294, 0.01522609032690525, -0.003116816049441695, -0.004256473854184151, 0.021755311638116837, -0.013288343325257301, 0.023213546723127365, -0.008322457782924175, 0.0024533842224627733, -0.004197356291115284, 0.0072057899087667465, -0.005041425582021475, 0.008361869491636753, 0.010411283001303673, -0.017564523965120316, 0.011639616452157497, -0.031082769855856895, -0.012651186436414719, 0.03242276981472969, 0.002156153554096818, -0.007994025945663452, 0.014345893636345863, -0.0033155172131955624, 0.0155676594004035, -0.002686570631340146, -0.0047589740715920925, -0.012079715728759766, -0.01781413145363331, -0.005422406364232302, 0.0031693652272224426, 0.010674027726054192, -0.0072189271450042725, -0.017314914613962173, -0.013373736292123795, -0.01242128387093544, -0.02528923563659191, 0.008618045598268509, -0.021400604397058487, -0.01535746268928051, -0.02590668760240078, 0.007048142608255148, -0.01395177561789751, -0.004969170317053795, -0.02570962719619274, 0.007626182399690151, 0.04490317404270172, 0.021045899018645287, 0.01037187036126852, -0.0029131886549293995, -0.0013662755955010653, 0.007928339764475822, -0.016658052802085876, -0.03147688880562782, 0.00621064193546772, -0.02019197680056095, -0.008683732710778713, 0.005087405908852816, -0.01668432727456093, 0.011731578037142754, -0.00666387751698494, 0.011665891855955124, 0.026497863233089447, 0.004236767999827862, -0.006200789008289576, -0.032054927200078964, 0.008690301328897476, 0.011219223961234093, 0.03426198661327362, 0.022464724257588387, 0.004538924898952246, -0.01230961736291647, 0.006690152455121279, -0.005809955298900604, -0.009123831056058407, -0.00778382970020175, -0.007770692463964224, 0.013991187326610088, 0.0020707615185528994, 0.02916472777724266, -0.011324322782456875, -0.005530788563191891, -0.004575052764266729, 0.0038754933048039675, -0.010076282545924187, 0.007744417991489172, -0.015659619122743607, 0.06011612340807915, 0.013597069308161736, 0.007238632999360561, 0.0030084336176514626, -0.0034551008138805628, -0.002092109527438879, -0.020861977711319923, 0.01781413145363331, -0.0018441436113789678, -0.012940206564962864, 0.008427555672824383, 0.01550197321921587, -0.021203545853495598, -0.0006597370374947786, -0.00046883613686077297, -0.016960209235548973, 0.013373736292123795, 0.008184515871107578, -0.02358139120042324, -0.007869222201406956, -0.0015378810930997133, -0.010004027746617794, 0.010496675036847591, -0.040830619633197784, -0.005412553437054157, -0.0062828972004354, -0.0038459342904388905, -0.012000891380012035, -0.008296183310449123, -0.0021463006269186735, -0.03452473133802414, -0.003029781859368086, 0.03168708458542824, 0.016237659379839897, 0.02890198305249214, 0.014004324562847614, 0.007954614236950874, -0.024303941056132317, 0.019692759960889816, -0.012368734925985336, -0.010076282545924187, -0.023174135014414787, -0.0007032542489469051, 0.0438784658908844, 0.028429042547941208, 0.018891386687755585, -0.015331188216805458, 0.025827862322330475, 0.012559225782752037, 0.008131966926157475, -0.007895496673882008, 0.007750986609607935, 0.0031775759998708963, -0.03523414582014084, 0.016040600836277008, 0.023279232904314995, 0.005586621817201376, 0.0004803312476724386, 0.0020329917315393686, 0.030373357236385345, 0.011521381326019764, 0.0007254233350977302, -0.0065620639361441135, -0.0012915573315694928, -0.034761205315589905, -0.011481969617307186, 0.01919354498386383, -0.0183921717107296, 0.004637454636394978, 0.00491333706304431, 0.0010386650683358312, 0.030373357236385345, -0.005445396527647972, 0.0180637389421463, -0.007324025500565767, 0.030898846685886383, -0.018431583419442177, 0.01586981676518917, 0.0010353807592764497, 0.0007500557112507522, -0.031634535640478134, 0.01248697005212307, -0.04897572472691536, 0.005540641490370035, -0.002949316054582596, 0.01990295574069023, 0.011659323237836361, -0.008440692909061909, 0.005136670544743538, -0.002840933622792363, -0.02500021643936634, 0.00382294412702322, -0.023725900799036026, -0.012066577561199665, -0.020822566002607346, 0.0026389481499791145, -0.01668432727456093, -0.018155699595808983, 0.013741578906774521, -0.0028639237862080336, 0.004446964245289564, -0.019022759050130844, 0.013846677727997303, -0.005376425571739674, -0.008815105073153973, -0.008618045598268509, -0.001461520791053772, 0.030373357236385345, 0.000521385227330029, 0.012598637491464615, 0.0024336783681064844, 0.00443711131811142, -0.0025896832812577486, -0.015528247691690922, 0.0068707894533872604, 0.01250010821968317, -0.009038438089191914, 0.04146120697259903, -0.01764334738254547, -0.04771454632282257, -0.001904903445392847, 0.01994236931204796, 0.008223927579820156, -0.03368394821882248, 0.033211007714271545, 0.020625505596399307, 0.015436286106705666, -0.008046574890613556, 0.03368394821882248, -0.023174135014414787, 0.016920797526836395, -0.005041425582021475, 0.015672758221626282, 0.01185638178139925, 0.011087851598858833, -0.010923636145889759, 0.023528842255473137, -0.014345893636345863, 0.007442260626703501, -0.014332756400108337, -0.00213808985427022, -0.0055899061262607574, -0.011876087635755539, -0.004722846671938896, -0.009045006707310677, -0.015147266909480095, 0.014122559688985348, -0.018917661160230637, -0.008703438565135002, -0.00045036186929792166, -0.007422554772347212, 0.0006913485703989863, -0.017117856070399284, 0.009859517216682434, 0.01887824945151806, -0.019206682220101357, -0.012454126961529255, -0.0111469691619277, -0.004552062135189772, 0.0141488341614604, -0.0015198173932731152, -0.009885791689157486, 0.0007344552432186902, 0.004772111773490906, 0.011587067507207394, 0.008158241398632526, -0.011133831925690174, -0.006276328582316637, -0.010102557018399239, 0.0021873547229915857, -0.01677628792822361, -0.005511082708835602, 0.007284613326191902, 0.0017702464247122407, -0.02729923650622368, -0.02264864556491375, -0.016671190038323402, -0.014634913764894009, 0.005606327671557665, 0.003524071304127574, -0.016434717923402786, 0.00864432007074356, 0.02561766654253006, -0.032606691122055054, 0.017919229343533516, -0.013025598600506783, 0.01861550472676754, -0.03562826290726662, 0.012224225327372551, 0.022727468982338905, -0.045218467712402344, -0.002428751904517412, -0.001980442786589265, -0.02435649000108242, -0.001142942113801837, 0.013597069308161736, 0.006982456427067518, -0.00014358620683196932, 0.002261251676827669, 0.015134129673242569, 0.0070744170807302, 0.007829809561371803, -0.02506590262055397, -0.028823159635066986, 0.018497269600629807, -0.007061279844492674, -0.004699856508523226, 0.01945628970861435, -0.012073147110641003, -0.007429123390465975, -0.0042958855628967285, 0.009649321436882019, -0.002773605054244399, -0.03562826290726662, 0.009879223071038723, -0.011672460474073887, -0.015396874397993088, -0.026077471673488617, -0.05365259200334549, 0.0035076497588306665, -0.008230496197938919, -0.021374329924583435, 0.01110098883509636, -0.01774844527244568, -0.012736578471958637, 0.012158539146184921, 0.023817861452698708, 0.005911769345402718, 0.011370303109288216, -0.007094122935086489, -0.009984321892261505, 0.0027062767185270786, -0.005892063491046429, -0.029769042506814003, 0.01248697005212307, -0.005208925809711218, 0.01790609210729599, 0.010765988379716873, -0.034761205315589905, -0.01580413058400154, -0.01668432727456093, -0.02635335363447666, 0.008085986599326134, -0.001138015533797443, 0.007140103727579117, 0.01600118912756443, -0.015042169019579887, 0.016342757269740105, 0.032475318759679794, 0.004568484146147966, -0.0033368654549121857, -0.019377466291189194, -0.025670215487480164, 0.008867654018104076, 0.03300080820918083, 0.0226749200373888, -0.02132178097963333, -0.04831886291503906, -0.02861296385526657, 0.0031430907547473907, -0.008112261071801186, 0.0013457485474646091, 0.009780693799257278, -0.013491971418261528, -0.007639319635927677, -0.01124549936503172, 0.02528923563659191, 0.004312307108193636, -0.010345595888793468, 0.0026192422956228256, -0.03407806530594826, -0.015304913744330406, 0.005619465373456478, -0.00550779839977622, 0.002854070859029889, -0.03565453737974167, 0.029558846727013588, 0.022149428725242615, 0.019758446142077446, -0.008250202052295208, -0.008907065726816654, 0.022372761741280556, 0.0011552582727745175, 0.0012759568635374308, -0.024474725127220154, -0.020244525745511055, 0.024947665631771088, 0.0026274530682712793, 0.010476969182491302, 0.018733739852905273, 0.02122982032597065, -0.0005328803090378642, 0.008861085399985313, 0.029269827529788017, -0.022832566872239113, 0.0019016191363334656, 0.0014188246568664908, 0.00267343339510262, -0.02400178276002407, 0.0048180921003222466, -0.019640211015939713, -0.020494133234024048, -0.0048312293365597725, -0.021413741633296013, 0.014740011654794216, -0.0037572577130049467, -0.00484765088185668, 0.006016867235302925, 0.003944464027881622, -0.026826296001672745, -0.00203627604059875, -0.025368059054017067, -0.02364707738161087, -0.0219392329454422, -0.010227360762655735, -0.029112178832292557, -0.01326206885278225, -0.01140314619988203, -0.022622371092438698, 0.00039185999776236713, 0.00898588914424181, 0.2150307595729828, -0.018050601705908775, 0.0002824511902872473, 0.03767767548561096, 0.019088447093963623, 0.007757555227726698, 0.013964912854135036, -0.00010766399645945057, 0.010562361218035221, 0.032054927200078964, 0.011094420216977596, 0.0040725520811975, -0.022569822147488594, -0.005356719717383385, 0.001289915177039802, 0.007304319180548191, -0.045244742184877396, -0.01135716587305069, 0.0032629682682454586, -0.006831377744674683, 0.011731578037142754, 0.03281688690185547, -0.0019886535592377186, -0.006703289691358805, 0.024855704978108406, 0.009616478346288204, -0.027824727818369865, 0.022175703197717667, 0.008539222180843353, 0.024238254874944687, -0.012657755054533482, -0.012197950854897499, 0.014188245870172977, -0.005333729553967714, -0.038176894187927246, -0.009662458673119545, 0.023252958431839943, -0.004617748782038689, 0.05070984363555908, 0.0166186410933733, -0.030241984874010086, 0.001693065045401454, 0.005044709891080856, -0.023686489090323448, -0.00155266048386693, 0.02442217618227005, -0.007232064381241798, -0.004377993755042553, -0.010687164962291718, 0.02342374436557293, -0.00099596893414855, -0.008223927579820156, 0.00869686994701624, 0.010279909707605839, 0.0016380527522414923, 0.0029263258911669254, 0.01408314798027277, -0.012250499799847603, -0.037152186036109924, 0.008151672780513763, -0.0051268176175653934, 0.025985511019825935, -0.02987414039671421, -0.008828242309391499, -0.023817861452698708, -0.00809912383556366, 0.014529814943671227, 0.0008255949942395091, 0.016106287017464638, -0.024632371962070465, -0.008749418891966343, -0.019009621813893318, 0.0005817345227114856, 0.011823538690805435, -0.004607895854860544, -0.020796291530132294, 0.008801967836916447, 0.024763744324445724, 0.014713737182319164, 0.030925123021006584, -0.003041276941075921, 0.027640806511044502, 0.015790993347764015, -0.004499513190239668, -0.03042590618133545, -0.042538464069366455, -0.008329026401042938, 0.008223927579820156, 0.01613256148993969, 0.01529177650809288, -0.011002459563314915, -0.009570498019456863, -0.017380602657794952, -0.014621776528656483, 0.002947673900052905, 0.025762176141142845, -0.0042006406001746655, 0.02984786592423916, 0.008368438109755516, -0.0037638265639543533, -0.007192652672529221, 0.037861596792936325, 0.01069373358041048, 0.0008785545942373574, -0.017603935673832893, -0.021729037165641785, 0.00909755565226078, 0.017380602657794952, -0.004446964245289564, -0.009268340654671192, -0.01550197321921587, -0.030636101961135864, 0.00758020207285881, 0.007310888264328241, 0.013097853399813175, -0.0009499884909018874, 0.00835530087351799, -0.042538464069366455, 0.010680596344172955, -0.015094717964529991, -0.002655369695276022, -0.007639319635927677, 0.03087257221341133, 0.009104124270379543, 0.006890495773404837, 0.02958512119948864, -0.019469426944851875, 0.007087554316967726, 0.023502567782998085, -0.006092406809329987, 0.038597285747528076, -0.006650740280747414, 0.011731578037142754, -0.024540411308407784, -0.03570708632469177, -0.008375006727874279, 0.010030302219092846, -0.018470995128154755, -0.017406877130270004, -0.0074882409535348415, 0.012736578471958637, 0.004617748782038689, 0.002223482122644782, -0.005412553437054157, 0.012736578471958637, -0.030504729598760605, -0.015278639271855354, 0.0155676594004035, -0.01728864014148712, 0.003553630318492651, -0.010720008052885532, 0.019443152472376823, -0.01153451856225729, -0.014030599035322666, 0.010273341089487076, -0.02178158611059189, -0.018090013414621353, -0.04248591512441635, -0.014569226652383804, 0.0014352462021633983, -0.03455100581049919, -0.004325444344431162, 0.014556089416146278, -0.0194825641810894, 0.008710007183253765, -0.005228631664067507, -0.16668562591075897, 0.017222953960299492, 0.006263191346079111, -0.015515110455453396, 0.019075309857726097, -0.010417851619422436, 0.009537654928863049, 0.007376574445515871, 0.008650888688862324, 0.0007923413068056107, 0.0354180671274662, 0.018300211057066917, -0.004131670109927654, 0.014109422452747822, 0.016894523054361343, -0.011317754164338112, -0.008907065726816654, 0.012119127437472343, 0.037598852068185806, 0.033473752439022064, 0.014556089416146278, -0.004174366127699614, 0.009931772015988827, -0.008749418891966343, 0.03699453920125961, 0.0018704180838540196, -0.010522949509322643, 0.0023581390269100666, -0.008821673691272736, -0.005813239607959986, -0.010995890945196152, 0.027824727818369865, 0.01981099508702755, -0.0004988055443391204, 0.013610206544399261, 0.011501675471663475, 0.00503157265484333, 0.012782558798789978, 0.014372168108820915, 0.005547210108488798, 0.013702167198061943, 0.011659323237836361, -0.01224393118172884, 0.015239227563142776, 0.0009902213932946324, 0.016671190038323402, 0.02348943054676056, -0.008414418436586857, 0.0037703951820731163, -0.008821673691272736, -0.006608044262975454, -0.016920797526836395, 0.016447855159640312, -0.02235962450504303, 0.007836379110813141, 0.021190408617258072, -0.035050224512815475, 0.006197504699230194, 0.0039838757365942, 0.007100692018866539, -0.007849516347050667, -0.015790993347764015, -0.007974320091307163, -0.012598637491464615, 0.0014048663433641195, -0.004226915072649717, -0.026891982182860374, -0.029269827529788017, -0.013202951289713383, 0.01748570054769516, 0.03410433977842331, -0.01852354407310486, -0.010871087200939655, 0.0009138610330410302, 0.018891386687755585, -0.006591622717678547, -0.033473752439022064, 0.010385008528828621, 0.02639276534318924, -0.01388608943670988, 0.0053895628079771996, 0.026024922728538513, -0.007849516347050667, -0.0003263789403717965, -0.02116413414478302, -0.0014672683319076896, -0.015239227563142776, -0.005254906136542559, 0.009334026835858822, 0.0007377395522780716, 0.056122396141290665, -0.009800399653613567, -0.006440544035285711, 0.02761453203856945, 0.006539073772728443, -0.0020001486409455538, 0.008020300418138504, 0.003225198481231928, -0.012624911963939667, 0.0068576522171497345, -0.025473156943917274, -0.02455354854464531, -0.0013235794613137841, 0.011816970072686672, 0.04077807068824768, 0.0012061651796102524, -0.026800021529197693, 0.010457263328135014, 0.023752175271511078, 0.00976098794490099, -0.010634616017341614, 0.027089040726423264, 0.017945503816008568, 0.03386786952614784, -0.021820997819304466, 0.015988051891326904, -0.016658052802085876, -0.01812942512333393, 0.008118829689919949, 0.015764718875288963, 0.07440946996212006, -0.006443828344345093, 0.013400010764598846, 0.010214223526418209, -0.01395177561789751, 0.022924527525901794, -0.12685343623161316, -0.04201297461986542, 0.019600799307227135, 0.024448450654745102, -0.004578337073326111, -0.01987668126821518, -0.01906217262148857, 0.012099421583116055, -0.007869222201406956, 0.0014475623611360788, -0.016171973198652267, 0.007941477000713348, -0.02561766654253006, -0.0007960361544974148, 0.010798831470310688, -0.023187272250652313, -0.016474129632115364, -0.007087554316967726, -0.026642372831702232, 0.005310739390552044, -0.018865112215280533, -0.009931772015988827, -0.00034936913289129734, -0.0036028949543833733, 0.0064602503553032875, -0.02180786058306694, -0.014950207434594631, 0.01586981676518917, 0.008368438109755516, 0.01472687441855669, 0.013715304434299469, -0.01308471616357565, 0.027404334396123886, -0.04080434516072273, -0.026721198111772537, -0.02100648730993271, -0.02036276087164879, -0.0059183379635214806, -0.0010854665888473392, -0.004896915517747402, -0.015107855200767517, 0.007737849373370409, 0.03449845686554909, -0.01642158068716526, -0.0005472492193803191, -0.018247662112116814, -0.006631034426391125, 0.00828961469233036, -0.009058143943548203, -0.03888630494475365, -0.03670552000403404, 0.004161228891462088, -0.015830405056476593, -0.025236686691641808, 0.010700302198529243, 0.005511082708835602, -0.0036817186046391726, 0.000488952558953315, 0.0001954168255906552, 0.011784126982092857, 0.011094420216977596, -0.019850406795740128, -0.02442217618227005, 0.009268340654671192, 0.02306903712451458, -0.01994236931204796, -0.0006613791920244694, -0.005047994200140238, 0.0033204436767846346, -0.003717846004292369, -0.016316482797265053, 0.016605503857135773, -0.03055727854371071, 0.005524219945073128, -0.0007541610975749791, 0.028823159635066986, -0.04232826828956604, -0.03515532240271568, 0.022307075560092926, -0.007770692463964224, -0.017761582508683205, -0.00571142602711916, -0.015620208345353603, -0.009866085834801197, 0.03484002873301506, -0.0029640954453498125, 0.006640887353569269, -0.004627601709216833, 0.0008054785430431366, -0.05268043279647827, -0.03625885024666786, 0.010253635235130787, 0.007179515436291695, -0.017012758180499077, 0.011803832836449146, 0.015304913744330406, -0.0180637389421463, 0.005405984818935394, 0.010608341544866562, -0.0008941551204770803, 0.007291181944310665, 0.0006145776715129614, -0.04556003585457802, 0.02942747436463833, -0.01690766029059887, -0.007166378200054169, -0.0033204436767846346, -0.002916472963988781, 0.022188840433955193, -0.00484765088185668, 0.00036804869887419045, -0.007639319635927677, -0.0396219901740551, 0.01845785789191723, -0.0033631399273872375, 0.006483240518718958, -0.005034856963902712, -0.0042893169447779655, 0.004029856063425541, -0.0023006636183708906, 0.017433151602745056, 0.009944909252226353, -0.01742001436650753, 0.018024327233433723, 0.013209519907832146, 0.002491154009476304, -0.03975336253643036, 0.03216002508997917, 0.005497945472598076, -0.010660890489816666, -0.029112178832292557, 0.006223779171705246, -0.021834135055541992, -0.02777217887341976, 0.023016488179564476, 0.010187949053943157, -0.0034321104176342487, -0.033631399273872375, 0.01001716498285532, 0.013689029961824417, 0.017275502905249596, 0.0032958113588392735, -0.016723738983273506, -0.02080942876636982, 0.002374560572206974, -0.022766880691051483, -0.007803535554558039, 0.006154808681458235, -0.01506844349205494, 0.013833540491759777, 0.00764588825404644, 0.01040471438318491, 0.0028704924043267965, 0.010240497998893261, -0.01642158068716526, -0.03216002508997917, -0.004466670099645853, -0.008066280744969845, -0.0003487533249426633, -0.028218844905495644, -0.003898483468219638, -0.01841844618320465, 0.023949233815073967, -0.0006182725192047656, 0.0099186347797513, -0.005195788573473692, 0.0019919378682971, 0.0035996106453239918, -5.337013863027096e-05, 0.015462561510503292, 0.024527274072170258, -0.03851846233010292, -0.021124722436070442, 0.009616478346288204, 0.010831675492227077, 0.006529220845550299, 0.010293046943843365, -0.01710471883416176, -0.02774590440094471, 0.009767556563019753, -0.014319619163870811, 0.007547358982264996, 0.014214521273970604, -0.00924206618219614, -0.01870746538043022, 0.014253932982683182, 0.028113747015595436, 0.003671865677461028, -0.009399713017046452, 0.0011437631910666823, 0.0169733464717865, 0.014845109544694424, -0.016382168978452682, 0.004427258390933275, 0.019981781020760536, 0.004624317400157452, 0.013255500234663486, 0.003790101036429405, 0.01213226467370987, 0.004443679936230183, 0.016881385818123817, 0.020113153383135796, 0.004696572199463844, -0.006805103272199631, 0.011908930726349354, 0.0017193395178765059, -0.02945374883711338, -0.00044789863750338554, -0.035759635269641876, -0.01172500941902399, -0.0008116366807371378, 0.0075670648366212845, 0.007974320091307163, 0.0005012687761336565, 0.024409038946032524, 0.011153537780046463, -0.0033270122949033976, -0.0031627966091036797, 0.002080614445731044, -0.007278044708073139, -0.015304913744330406, 0.02593296207487583, 0.03286943584680557, 0.013991187326610088, 0.004581621382385492, 0.00382294412702322, 0.019771583378314972, 0.007245201617479324, -0.007067848462611437, -0.003941179718822241, 0.010365301743149757, -0.015856679528951645, -0.0014286775840446353, -0.0145166777074337, -0.03738865628838539, -0.009452261961996555, -0.023016488179564476, -0.005317308008670807, -0.017314914613962173, 0.017525112256407738, -0.020441584289073944, 0.056858085095882416, 0.02100648730993271, -0.026931393891572952, 0.016408443450927734, -0.024014919996261597, 0.036022379994392395, 0.013702167198061943, -0.021505702286958694, 0.005901916418224573, -0.023305509239435196, 0.01699962094426155, -0.004111963789910078, -0.004446964245289564, 0.00491333706304431, -0.021308643743395805, -0.039989836513996124, 0.016408443450927734, 0.00790206529200077, -0.006565348245203495, 0.0005127638578414917, 0.021400604397058487, 0.0027522570453584194, -0.007356868591159582, 0.014240795746445656, -0.016828836873173714, -0.013807266019284725, 0.017367465421557426, -0.012848244979977608, 0.009767556563019753, -0.03210747614502907, -0.0005936401430517435, 0.01648726686835289, -0.014556089416146278, -0.0016438002930954099, 0.014109422452747822, -0.0044830916449427605, 0.0019295357633382082, -0.0061055440455675125, 0.005405984818935394, 0.03286943584680557, 0.02251727320253849, 0.013058441691100597, -0.0173280518501997, -0.022175703197717667, 0.021794723346829414, 0.007383143063634634, -0.01994236931204796, -0.027272962033748627, -0.026931393891572952]"
7219,"How to find and update inner items in embedded models<p>I need to change some of inner items. What is the best way to do that?</p>

<pre><code>const country=mongoose.Schema({
    _id:{...},
    name:{...},
    states:[{
        _id:{...},
         state_name:{...},
         cities:[{
         _id:{....},
         city_name:{...}
         }]
    }]

})
</code></pre>

<pre><code>for example:

{
  _id:10,
  name:country_10,
  states:[{
    _id:20,
    state_name:state_20,
    cities:[
      {
         _id:30,
         city_name:city_30
      },
      {
         _id:40,
         city_name:CHANGE THIS
      }
    ]
  }]
}
</code></pre>

<p>Want to update second city by _id </p>

<p>Is it better to use three models instead of this model?</p>
",Will change joins to includes. But still the issue is coming for the date search. I guess there is some format issue in date.,"Embed Field: How to find and update inner items in embedded models<p>I need to change some of inner items. What is the best way to do that?</p>

<pre><code>const country=mongoose.Schema({
    _id:{...},
    name:{...},
    states:[{
        _id:{...},
         state_name:{...},
         cities:[{
         _id:{....},
         city_name:{...}
         }]
    }]

})
</code></pre>

<pre><code>for example:

{
  _id:10,
  name:country_10,
  states:[{
    _id:20,
    state_name:state_20,
    cities:[
      {
         _id:30,
         city_name:city_30
      },
      {
         _id:40,
         city_name:CHANGE THIS
      }
    ]
  }]
}
</code></pre>

<p>Want to update second city by _id </p>

<p>Is it better to use three models instead of this model?</p>; Answer: Will change joins to includes. But still the issue is coming for the date search. I guess there is some format issue in date.","[-0.00404420867562294, 0.029903845861554146, 0.009073673747479916, -0.012941468507051468, -0.02164899930357933, 0.02809310518205166, -0.006054663099348545, -0.03025001659989357, -0.03895754739642143, -0.008634302765130997, 0.0021951899398118258, 0.014366094954311848, -0.0029507745057344437, -0.00771561823785305, -0.005092707462608814, 0.0035648951306939125, -0.0005225850036367774, 0.010205386206507683, -0.0069101047702133656, -0.02833276055753231, -0.0021485898178070784, 0.004203979857265949, 0.019878201186656952, -0.022461170330643654, -0.011696584522724152, 0.0012249125866219401, 0.03184772655367851, -0.014792150817811489, 0.010185414925217628, -0.004653336480259895, 0.018679916858673096, 0.0035515809431672096, -0.017455004155635834, -0.04806450754404068, -0.011763155460357666, -0.01084447093307972, 0.014579122886061668, -0.03818532079458237, 0.021489227190613747, 0.011902955360710621, 0.026149220764636993, 0.001139202038757503, -0.0016276692040264606, -0.021262886002659798, -0.00726959016174078, 0.03842497617006302, 0.001377194537781179, -0.022927168756723404, -0.01833374612033367, 0.007009962107986212, 0.029664188623428345, 0.028785446658730507, -0.03080921433866024, -0.005349006969481707, -0.005009493324905634, -0.00613454869017005, 0.018853003159165382, 0.02753390558063984, 0.014712265692651272, 0.007908674888312817, 0.029104989022016525, 0.007096504792571068, -0.011436956003308296, 0.017401747405529022, -0.006434119772166014, -0.005958134774118662, 0.006963361985981464, 0.01292815338820219, -0.006796933710575104, 0.008640959858894348, 0.021768826991319656, 0.03168795630335808, -0.00783544685691595, -0.008281474001705647, 0.009812614880502224, -0.007961931638419628, -0.0033368882723152637, 0.004773165099322796, -0.00825484562665224, 0.011863012798130512, -0.005462178494781256, -0.021728884428739548, -0.04510873928666115, 0.011530155315995216, 0.005768406204879284, 0.01007224339991808, 0.00026150053599849343, 0.03618817776441574, 0.01101089920848608, 0.011064155958592892, -0.008188274689018726, 0.014312837272882462, 0.015737464651465416, -0.0004310494114179164, -0.005442206747829914, 0.01356058195233345, -0.02511070854961872, 0.02520390786230564, 0.003901080461218953, 0.006347577087581158, -0.014406037516891956, 0.0013738659908995032, -0.01589723490178585, -0.027294248342514038, -0.01650969125330448, 0.006330934353172779, 0.00043479405576363206, -0.02772030420601368, 0.007382761221379042, 0.0019755044486373663, 0.009985700249671936, 0.026828249916434288, 0.025443565100431442, -0.008680902421474457, -0.01664283499121666, -0.012202526442706585, -0.007409390062093735, -0.04870359227061272, 0.005495463963598013, 0.003934366162866354, -0.0043271370232105255, 0.024751223623752594, 0.024418367072939873, -0.030223388224840164, 0.02062380127608776, -0.016669463366270065, 0.005685192067176104, 0.003481680992990732, 0.0005304903606884181, -0.015537749975919724, 0.023965680971741676, 0.023166825994849205, 0.01874648965895176, 0.033179156482219696, -0.03408452495932579, -0.0012557018781080842, 0.0041540516540408134, 0.006404162850230932, -0.0397297739982605, -0.042152971029281616, 0.022288084030151367, 0.019558658823370934, 0.003944351803511381, 0.009706101380288601, -0.03099561482667923, 0.0016551298322156072, -0.01089107058942318, 0.013780266977846622, 0.003095567226409912, -0.011104099452495575, 0.020317573100328445, 0.018826374784111977, 0.005245821550488472, 0.012868239544332027, -0.014725579880177975, 0.03056955896317959, -0.0037046950310468674, -0.004959564656019211, 0.009439815767109394, -0.016203463077545166, 0.01669609174132347, 0.010584842413663864, -0.0029757388401776552, 0.007183047477155924, 0.004380394238978624, 0.025922879576683044, -0.008967159315943718, -0.001138369902037084, -0.007296218536794186, 0.007642389740794897, -0.01182972639799118, 0.018546774983406067, -0.028439275920391083, 0.008787416853010654, 0.003162138629704714, 0.009712758474051952, 0.0224345400929451, 0.016935748979449272, -0.02365945279598236, -0.019438831135630608, -0.03858474642038345, -0.012195869348943233, 0.009879186749458313, 0.04063514620065689, -0.021143056452274323, -0.033125896006822586, -0.004613393917679787, -0.02539030835032463, 0.0002642050094436854, -0.0023299967870116234, 0.008454560302197933, -0.0026711749378591776, -0.006177820265293121, -0.009805957786738873, -0.6096869707107544, 0.01107747107744217, 0.0287588182836771, -0.020357515662908554, -0.012289068661630154, -0.0018889617640525103, -0.011676612310111523, 0.009952414780855179, -0.03805217519402504, 0.02341979742050171, -0.02889196015894413, 0.03001035936176777, -0.012395583093166351, 0.010611471720039845, -0.023393169045448303, -0.008494502864778042, 0.03240692615509033, -0.0303831584751606, 0.005791706498712301, 0.0009045380284078419, -0.00918684434145689, 0.01846688985824585, 0.015537749975919724, 0.012368954718112946, -0.01409980934113264, 0.007455989718437195, -0.013993294909596443, -0.02407219633460045, 0.0095862727612257, 0.03773263469338417, -0.04774496331810951, 0.03893091902136803, 0.0012024447787553072, 0.015830663964152336, 0.04857044667005539, 0.003494995180517435, -0.033631838858127594, 0.02459145151078701, 0.011423641815781593, 0.04622713848948479, -0.017494946718215942, -0.011323784478008747, 0.019984716549515724, -0.004922950640320778, 0.0015677550109103322, 0.004260565619915724, 0.030942358076572418, -0.0003936030261684209, 0.003678066423162818, -0.029531044885516167, 0.014672323130071163, 0.018014203757047653, -0.02053060010075569, -0.0024930965155363083, -0.0018207260873168707, -0.0341377817094326, 0.016855861991643906, -0.017934318631887436, 0.029770702123641968, -0.0003166299138683826, 0.0035216237884014845, 0.010165443643927574, -0.03680063411593437, 0.004130751360207796, -0.022194884717464447, 0.008148332126438618, 0.019185859709978104, 0.0076557039283216, -0.010651414282619953, -0.010085557587444782, 0.0056119635701179504, -0.0002242621994810179, -0.0224345400929451, 0.027201049029827118, 0.004819764755666256, 0.017881061881780624, 0.022234827280044556, -0.012635240331292152, -0.02570985071361065, 0.01051827147603035, 0.03632132336497307, -0.02425859495997429, -0.020743628963828087, 0.004120765719562769, 0.006707062479108572, 0.010698013938963413, -0.009785986505448818, -0.031395044177770615, 0.004377065692096949, -0.00841461680829525, 0.015125008299946785, 0.009885843843221664, -0.011550127528607845, -0.007635732647031546, 0.0025513465516269207, 0.0002296711172675714, 0.02552345022559166, 0.02351299673318863, 0.04319148510694504, -0.03355195373296738, -0.018173975870013237, -0.007096504792571068, -0.003278638469055295, 0.01612357795238495, 0.028066476806998253, 0.006597219500690699, -0.02931801788508892, 0.01133709866553545, 0.03187435492873192, -0.02814636193215847, -0.014765522442758083, -0.005954806227236986, -0.010218700394034386, 0.006590562406927347, -0.01954534463584423, -0.03261995688080788, 0.01559100765734911, -0.006983333267271519, 0.0004743207828141749, 0.01796094700694084, -0.006630505435168743, 0.024631395936012268, 0.009979043155908585, -0.018999459221959114, 0.00221516122110188, 0.012422211468219757, -0.0031671314500272274, 0.004230608697980642, -0.0003750878677237779, 0.014712265692651272, 0.014951922930777073, -0.015537749975919724, 0.05333695560693741, -0.005548721179366112, -0.006607205141335726, 0.012708468362689018, 0.018160661682486534, -0.008374674245715141, 0.014872036874294281, -0.007289561443030834, 0.004753193352371454, 0.0036847235169261694, 0.025550078600645065, -0.02449825219810009, 0.01007890049368143, -0.017934318631887436, -0.06657133996486664, 0.0033185812644660473, -0.0411410853266716, -0.009473101235926151, -0.013793581165373325, -0.014978551305830479, 0.015830663964152336, 0.010771242901682854, -0.00204041157849133, 0.005631935317069292, 0.015417922288179398, -0.015125008299946785, -0.01921248808503151, -0.021329456940293312, -0.004456951282918453, 0.03773263469338417, -0.038451604545116425, -0.0012731768656522036, -0.007116476073861122, -0.019518716260790825, -0.006024706177413464, 0.007023276295512915, -0.0025546750985085964, -0.009233444929122925, 0.005731792189180851, -0.010511614382266998, -0.016629520803689957, -0.0231401976197958, 0.005249150097370148, 0.005708492361009121, -0.0369337797164917, -0.01636323519051075, -0.0065872338600456715, -0.0011699912138283253, -0.0016376549610868096, -0.007236304227262735, -0.007322847377508879, -0.00937324482947588, 0.012289068661630154, 0.013028010725975037, 0.02963756024837494, 0.031767841428518295, -0.02300705388188362, 0.04279205575585365, 0.012655211612582207, 0.0072496188804507256, -0.015737464651465416, -0.01809408888220787, -0.002260096836835146, 0.0001717332488624379, 0.025363679975271225, 0.007003304548561573, -0.002581303706392646, 0.0011358734918758273, 0.01697569154202938, -0.012628583237528801, 0.031395044177770615, -0.013567239046096802, -0.0032852955628186464, -0.030036987736821175, -0.0154312364757061, -0.0033152527175843716, 0.030143501237034798, 0.007103161886334419, 0.013400810770690441, -0.010950985364615917, 0.0023283325135707855, -0.014113123528659344, -0.013194439001381397, 0.024484938010573387, -0.011230585165321827, 0.004999507684260607, -0.03283298388123512, 0.01809408888220787, -0.02286059781908989, 0.01107747107744217, 0.007549189496785402, 0.004806450568139553, -0.016762662678956985, 0.01649637706577778, -0.009566301479935646, 0.024045567959547043, -0.003774594748392701, -0.028359390795230865, 0.0061944629997015, 0.025536764413118362, 0.0156708937138319, 0.018853003159165382, 0.02716110646724701, -0.00511933583766222, 0.01360718160867691, -0.0073494757525622845, 0.05586666613817215, -0.0130879245698452, 0.017361804842948914, 0.03581538051366806, -0.00033972185337916017, -0.014033238403499126, 0.028066476806998253, 0.009426501579582691, 0.03440406918525696, 0.038877662271261215, -0.00041503069223836064, 0.02505745179951191, -0.031022243201732635, 0.004007594659924507, 0.003024003002792597, -0.0025413609109818935, 0.01129049900919199, -0.008907245472073555, 0.015724150463938713, 0.020091230049729347, -0.009785986505448818, 0.01463237963616848, 0.00548214977607131, -0.02987721562385559, 0.03299275413155556, -0.004094137344509363, 0.0018906260374933481, 0.0102852713316679, -0.019665172323584557, -0.02552345022559166, -0.02371271140873432, -0.02515065111219883, -0.006627176888287067, -0.04542827978730202, -0.01503180805593729, -0.028599046170711517, 0.021569114178419113, -0.009100302122533321, 0.005881577730178833, 0.0010701342253014445, 0.002354961121454835, 0.02375265397131443, -0.02907836064696312, 0.017241977155208588, 0.0025247179437428713, -0.004763179458677769, 0.0004179431707598269, 0.0025396966375410557, -0.010864442214369774, 0.030889101326465607, -0.0038777804002165794, 0.035229552537202835, -0.00930001586675644, 0.0308624729514122, 0.008348045870661736, -0.029025103896856308, -0.007688989397138357, 0.01627003587782383, 0.02969081699848175, 0.006707062479108572, 0.00732950447127223, 0.001772461924701929, -0.00935327261686325, 0.03576212376356125, -0.01757483370602131, -0.023859167471528053, 0.04542827978730202, -0.0031438313890248537, 0.005295749753713608, -0.02014448679983616, -0.0013464053627103567, 0.00046641542576253414, -0.02608264982700348, -0.021635685116052628, -0.015377978794276714, 0.001644312054850161, 0.012728439643979073, -0.002218489767983556, -0.017548205330967903, 0.01425958052277565, 0.018440261483192444, 0.012348983436822891, -0.0036114950198680162, -0.0322471559047699, -0.03538932278752327, 0.023526310920715332, 0.04220622777938843, 0.02099660038948059, -0.002784346230328083, 0.002572982106357813, 0.004320479929447174, -0.007542532403022051, -0.009739386849105358, -0.021622370928525925, 0.0045767794363200665, -0.020077915862202644, -0.034244295209646225, -0.00796858873218298, 0.007502589840441942, 0.002869224641472101, 0.03469698131084442, 0.009646186605095863, -0.005635263863950968, -0.014552494511008263, -0.013740324415266514, -0.004603407811373472, 0.012868239544332027, -0.01664283499121666, 0.025842992588877678, 0.038451604545116425, 0.030596187338232994, -0.0013297625118866563, 0.003907737322151661, -0.013380838558077812, 0.024231966584920883, -0.03624143451452255, 0.008827359415590763, 0.01814734749495983, 0.028066476806998253, -0.002915824530646205, -0.022873912006616592, 0.04281868413090706, 0.013966666534543037, -0.0019122617086395621, 0.023166825994849205, 0.004500222392380238, 0.0010127164423465729, 0.032327041029930115, -0.0016118584899231791, 0.010411757044494152, 0.034670352935791016, -0.01604369282722473, 0.0005924848956055939, -0.02118299901485443, 0.011869669891893864, 0.00018400733824819326, -0.02034420147538185, -0.00986587256193161, -0.024378424510359764, -0.010698013938963413, 0.036161549389362335, -0.0023000396322458982, 0.00731618981808424, -0.022900540381669998, -0.016190148890018463, -0.02388579584658146, -0.0072629330679774284, -0.025816364213824272, 0.02632230706512928, 0.0010584843112155795, 0.01649637706577778, -0.022328026592731476, -0.012988068163394928, 0.005771735217422247, -0.02594950795173645, 0.014272894710302353, -0.00869421660900116, -0.037759263068437576, -0.012575325556099415, -0.0018523475155234337, 0.02211499772965908, 0.018573403358459473, 0.015604321844875813, -0.009433158673346043, 0.0069101047702133656, -0.015005179680883884, -0.01833374612033367, -0.011909612454473972, -0.005066078621894121, -0.0022384612821042538, -0.009007101878523827, 0.018786432221531868, -0.006870162207633257, -0.005285764113068581, -0.018573403358459473, 0.025656593963503838, 0.0055986493825912476, 0.0019621902611106634, -0.009100302122533321, 0.01865328848361969, 0.026961391791701317, 0.004556808155030012, -0.002589625073596835, 0.019505402073264122, -0.0058249919675290585, -0.0012457161210477352, 0.015777407214045525, 0.02921150252223015, -0.01804083213210106, -0.0009328308515250683, -0.010251985862851143, 0.009626215323805809, 0.002514732303097844, 0.002604603534564376, -0.008774102665483952, -0.002378260949626565, -0.012122640386223793, -0.007482618559151888, 0.010717985220253468, 0.015684207901358604, 0.011843040585517883, -0.0172952339053154, 0.0035848666448146105, 0.0053390213288366795, -0.003353531239554286, 0.011110756546258926, 0.018400317057967186, -0.01481878012418747, 0.0439370833337307, 0.006577248219400644, -0.034483954310417175, -0.011656641028821468, -0.012542040087282658, 0.0002450657484587282, 0.0035782093182206154, -0.012655211612582207, 0.009759358130395412, 0.011669955216348171, -0.016523005440831184, -0.015111694112420082, -0.015870606526732445, -0.01370038092136383, 0.029158245772123337, 0.015218207612633705, -0.006074634380638599, 0.018173975870013237, 0.0037912377156317234, -0.041673656553030014, -0.030915729701519012, -0.012522068805992603, -0.018267175182700157, -0.022141626104712486, -0.01832043193280697, 0.008953845128417015, 0.018440261483192444, 0.04244588688015938, 0.009652843698859215, 0.007981903851032257, -0.008614331483840942, 0.0023749324027448893, -0.03533606603741646, -0.020117858424782753, 0.00018681581423152238, 0.01593717746436596, 0.02187534235417843, 0.025869622826576233, 0.021289514377713203, -0.02220819890499115, 0.032380297780036926, -0.012042755261063576, 0.0033418810926377773, 0.0383450910449028, 0.008660931140184402, -0.012362297624349594, -0.005874920636415482, 0.004057522863149643, 0.020876770839095116, 0.0031055528670549393, 0.019039401784539223, 0.015271465294063091, -0.014605751261115074, 0.041407372802495956, -0.02982395887374878, -0.003604837926104665, -0.008574387989938259, -0.04375068470835686, -0.0156575795263052, 0.026162534952163696, -0.0189328882843256, -0.014592437073588371, -0.03823857754468918, 0.017508262768387794, -0.0052025499753654, 0.007795503828674555, 0.01865328848361969, -0.008021846413612366, -0.00346503802575171, 0.009566301479935646, 0.004100794438272715, -0.016762662678956985, -0.010804528370499611, -0.003514966694638133, -0.016469748690724373, -0.040422115474939346, -0.010331871919333935, 0.01748163253068924, -0.001978832995519042, 0.01669609174132347, -0.005918191745877266, -0.0016401513712480664, -0.022008484229445457, 0.0102852713316679, 0.01677597686648369, 0.006786948069930077, 0.003237031400203705, -0.014206323772668839, -0.0017591476207599044, -0.024018939584493637, -0.01376695279031992, -0.00979264359921217, 0.019385574385523796, 0.013500667177140713, -0.006816904991865158, 0.005651906598359346, -0.027201049029827118, -0.003095567226409912, 0.002396568190306425, -0.025044137611985207, 0.034297551959753036, 0.020836828276515007, 0.040608517825603485, 0.026801621541380882, -8.643871842650697e-05, -0.022807341068983078, -0.010717985220253468, 0.009766015224158764, 0.013254353776574135, 0.026588592678308487, 0.019225802272558212, -0.008834016509354115, -0.03192761540412903, 0.01044504251331091, -0.027667047455906868, 0.006184477359056473, -0.02047734335064888, 0.03267321363091469, 0.031900983303785324, -0.01921248808503151, 0.0037579520139843225, 0.02883870340883732, -0.03150155767798424, -6.319076055660844e-05, -0.011197298765182495, 0.023033682256937027, -0.006447433959692717, -0.00848784577101469, -0.03717343509197235, 0.010098871774971485, -0.021342771127820015, 0.015857292339205742, 0.010251985862851143, 0.008707530796527863, -0.01785443350672722, -0.0017225333722308278, 0.005079393275082111, 0.0264155063778162, 0.019225802272558212, 0.00935327261686325, -0.026335621252655983, 0.010498300194740295, -0.005259135738015175, -5.5181397328851745e-05, -0.007043247576802969, -0.011683269403874874, 0.022687511518597603, 0.02598945051431656, -0.02963756024837494, -0.00021198811009526253, 0.01688249036669731, 0.009286701679229736, 0.015111694112420082, 0.007282904349267483, -0.01809408888220787, -0.006707062479108572, -0.01856008917093277, 0.0026262393221259117, 0.026215793564915657, 0.0029424531385302544, -0.006810247898101807, -0.02108979970216751, -0.0005887402803637087, -0.006231077015399933, -0.021529169753193855, -0.007016619201749563, -0.009599586948752403, -0.027480648830533028, -0.008687559515237808, 0.0014920301036909223, 0.005378963891416788, 0.015098378993570805, -0.002116968622431159, -0.008947188034653664, 0.009473101235926151, 0.021901970729231834, -0.012801668606698513, 0.00271111773326993, 0.006783619523048401, 0.004796464927494526, -0.005485478322952986, -0.00031642187968827784, -0.0024897679686546326, -0.033924754709005356, -0.004922950640320778, -0.0025363678578287363, -0.021635685116052628, 0.0057251350954174995, 0.017468318343162537, 0.0018856331007555127, -0.024271909147500992, -0.028119733557105064, 0.0094664441421628, 0.0001740216393955052, 0.0011683269403874874, -0.02407219633460045, -0.02740076184272766, 0.033445440232753754, -0.021862028166651726, 0.0031571458093822002, 0.0014562479918822646, -0.009459787048399448, -0.006530648097395897, -0.006480719894170761, 0.02481779456138611, -0.023632824420928955, -0.01243552565574646, 0.006657133810222149, 0.007535875309258699, 0.014166380278766155, -0.011749841272830963, -0.0063142916187644005, -0.009213472716510296, -0.003438409650698304, -0.003042310243472457, 0.03118201531469822, -0.0005542063736356795, -0.002937460318207741, 0.008015189319849014, 0.0250175092369318, 0.019931457936763763, 0.017681347206234932, -0.013940038159489632, -0.02136939950287342, -0.011510184034705162, -0.041354116052389145, -0.019931457936763763, 0.018666602671146393, -0.022128311917185783, 0.029158245772123337, 0.023619510233402252, -0.0045767794363200665, -0.019532030448317528, 0.002484775148332119, -0.04087480157613754, -0.03629469498991966, 0.007109818980097771, -0.005678534973412752, 0.029371274635195732, 0.02393905259668827, -0.010225357487797737, 0.038877662271261215, 0.010065586306154728, 0.008301446214318275, -0.02982395887374878, 0.017002319917082787, -0.0024132109247148037, -0.0032753099221736193, -0.005755092017352581, 0.003678066423162818, -0.03493663668632507, 0.02033088728785515, 0.0012656875187531114, -0.0038877660408616066, 0.01604369282722473, 0.023526310920715332, -0.0027493962552398443, -0.03067607246339321, -0.0009444808820262551, -0.01397998072206974, 0.003235367126762867, 0.00215025432407856, 0.02721436321735382, -0.02198185585439205, 0.001990482909604907, 0.024205338209867477, 0.005006164778023958, -0.0007069043931551278, 0.005758420564234257, 0.00937324482947588, -0.01007224339991808, 0.01604369282722473, -0.007242961786687374, 0.00014448061119765043, -0.008301446214318275, -0.0406617745757103, 0.01781449094414711, 0.010764584876596928, 0.01276172511279583, 0.03903743252158165, 0.010864442214369774, 0.006996647454798222, -0.016895806416869164, 0.015258151106536388, 0.01612357795238495, -0.008800731040537357, 0.010325214825570583, -0.024724595248699188, 0.01627003587782383, -0.020916715264320374, 0.016150206327438354, -0.03025001659989357, -0.001354726729914546, 0.0035981808323413134, 0.004696608055382967, -0.03568223863840103, 0.0007306204061023891, -0.006976676173508167, -0.03885103389620781, -0.012741753831505775, 0.023366538807749748, -0.004593422170728445, -0.007362789940088987, -0.03767937794327736, -0.021768826991319656, -0.013713696040213108, -0.00030643618083558977, 0.010704671032726765, -0.01465900894254446, -0.03501652553677559, 0.012442182749509811, 0.03006361611187458, -0.00660387659445405, 0.0077489037066698074, 0.20834165811538696, -0.005279107019305229, 0.004403694067150354, -0.0064241341315209866, 0.006161177530884743, -0.009579615667462349, 0.01559100765734911, 0.0005683528142981231, -0.028226247057318687, -0.011357069946825504, -0.011982840485870838, 0.013573896139860153, -0.006547291297465563, -0.01031190063804388, 0.009799300692975521, -0.013567239046096802, -0.05312392860651016, -0.013467381708323956, -0.015058436430990696, 0.013181124813854694, 0.03573549538850784, -0.002762710442766547, 0.006077962927520275, -0.016070321202278137, 0.004932936280965805, -0.010205386206507683, 0.02332659624516964, 0.026615221053361893, 0.006320948712527752, 0.018387002870440483, -0.003924380522221327, -0.0078287897631526, 0.009486415423452854, -0.0048996503464877605, -0.04164702817797661, -0.005781720858067274, 0.0034583809319883585, 0.01234232634305954, 0.012348983436822891, 0.025097394362092018, 0.0034317525569349527, -0.01973174512386322, 0.011982840485870838, -0.010205386206507683, -0.024152081459760666, -0.002935796044766903, -0.010378471575677395, 0.012568668462336063, 0.0008159149438142776, 0.027041276916861534, -0.022647568956017494, -0.01688249036669731, 0.04449628293514252, 0.007163075730204582, 0.011543470434844494, -0.01360718160867691, 0.014845408499240875, 0.01463237963616848, -0.006221091374754906, -0.0011425305856391788, -0.003944351803511381, 0.012888210825622082, 0.02071700058877468, -0.0033918097615242004, -0.015444550663232803, 0.015790721401572227, -0.019598601385951042, -0.03674737736582756, 0.018919574096798897, -0.0009835915407165885, 0.025230536237359047, -0.016935748979449272, 0.00015269800496753305, -0.014445980079472065, 0.0026711749378591776, -0.026308992877602577, 0.03056955896317959, 0.0189328882843256, 0.0002409050357528031, 0.03184772655367851, -0.037759263068437576, -0.03435080870985985, 0.009919129312038422, 0.009379901923239231, -0.02408551052212715, -0.013467381708323956, 0.012941468507051468, -0.0313151590526104, -0.01935894414782524, -0.02047734335064888, -0.006870162207633257, 0.012102669104933739, 0.009060358628630638, -0.0015394622460007668, -0.013713696040213108, -0.008341388776898384, 0.006667119450867176, 0.017468318343162537, -0.002558003645390272, -0.002656196476891637, -0.02397899515926838, 0.04082154482603073, 0.017841119319200516, -0.008760788477957249, 0.00796858873218298, 0.013480695895850658, -0.004946250468492508, -0.003418438136577606, 0.013780266977846622, -0.02043740078806877, 0.008760788477957249, -0.023765968158841133, -0.009246759116649628, -0.012854925356805325, 0.0018856331007555127, 0.009439815767109394, 0.03656097874045372, -0.0193988885730505, -0.006916761863976717, -0.0034683668054640293, 0.00018598367751110345, -0.024152081459760666, 0.004380394238978624, 0.014166380278766155, -0.011843040585517883, -0.018426945433020592, -0.04942256212234497, 0.007489275652915239, 0.008301446214318275, -0.02921150252223015, 0.012581982649862766, -0.014033238403499126, -0.008241531439125538, -0.004493565298616886, -0.022461170330643654, 0.014805465936660767, 0.009579615667462349, -0.021209627389907837, 0.009160215966403484, 0.0003453388053458184, 0.005329035688191652, -0.02089008502662182, 0.018400317057967186, 0.0025097394827753305, 0.014512551948428154, -0.004846393596380949, -0.004843065049499273, -0.0005192564567551017, -0.0008263167110271752, -0.013460724614560604, -0.009193501435220242, -0.005385621450841427, 0.01716209016740322, -0.03080921433866024, 0.02248779870569706, -0.02053060010075569, 0.007336161565035582, -0.046733077615499496, 0.000597061705775559, -0.0047332220710814, -0.03621480613946915, -0.006963361985981464, 0.001697569154202938, 0.0050261360593140125, -0.029184874147176743, 0.008294789120554924, -0.16680113971233368, 0.030223388224840164, 0.04886336252093315, -0.03123527206480503, -0.012741753831505775, 0.0191725455224514, 0.011563441716134548, -0.0038444946985691786, -0.027454020455479622, -0.016949063166975975, 0.002825953299179673, -0.007143104448914528, -0.06678436696529388, -0.010691356845200062, -0.023686081171035767, 0.02075694315135479, 0.004353765398263931, -0.005941492039710283, 0.014525866135954857, 0.025869622826576233, 0.009646186605095863, -0.030090244486927986, 0.01669609174132347, -0.021955227479338646, -0.01124389935284853, 0.027480648830533028, 0.02809310518205166, -0.010232014581561089, -0.01425958052277565, -0.012448839843273163, -0.0018523475155234337, -0.017135461792349815, 0.03128852695226669, 0.0013821873581036925, 0.002924146130681038, -0.01617683470249176, 0.02473790943622589, -0.016962377354502678, -0.013234381563961506, 0.006234405562281609, 0.008920559659600258, 0.003721337765455246, -0.022088369354605675, 0.03296612575650215, 0.003346873912960291, 0.02029094286262989, -0.0002646210778038949, -0.0024365109857171774, 0.027667047455906868, -0.011843040585517883, 0.010371814481914043, -0.035655610263347626, -0.011922926642000675, 0.007389418315142393, 0.02155579999089241, 0.03823857754468918, 0.003022338729351759, -0.010065586306154728, -0.007176390383392572, -0.005608635023236275, -0.014299523085355759, -0.015511121600866318, -0.016536319628357887, 0.009293358772993088, -0.021475913003087044, 0.0029757388401776552, -0.010465014725923538, 0.02365945279598236, -0.014499237760901451, 0.02192859910428524, -0.0037279948592185974, 0.01991814374923706, 0.008228217251598835, 0.005252478644251823, 0.009759358130395412, 0.013241038657724857, -0.008221560157835484, -0.01073129940778017, 0.014778836630284786, 0.023446425795555115, -0.02589625120162964, 0.041913315653800964, -0.023819224908947945, 0.051313187927007675, -0.025789735838770866, -0.004736550617963076, 0.011476898565888405, -0.011563441716134548, -0.005884906277060509, -0.008940530940890312, 0.019279059022665024, -0.04990187659859657, -0.008075103163719177, 0.010811185464262962, -0.00836801715195179, 0.018347060307860374, 0.01678929105401039, 0.002085347194224596, 0.012142611667513847, 0.008341388776898384, 0.017561519518494606, 0.0017474975902587175, -0.021995170041918755, 0.02425859495997429, 0.016895806416869164, -0.009439815767109394, 0.016722720116376877, 0.004057522863149643, 0.04558805376291275, -0.0016085299430415034, -0.005715149454772472, -0.003951008897274733, -0.012482126243412495, 0.017468318343162537, 0.006793605163693428, 0.016802605241537094, -0.006607205141335726, 0.004743207711726427, 0.02239459753036499, -0.0011109091574326158, 0.0402090884745121, -0.02594950795173645, 0.0029291389510035515, 0.02051728591322899, 0.000871252384968102, -0.01716209016740322, -0.08190937340259552, -0.008121702820062637, 0.00044894046732224524, 0.01898614503443241, -0.027933333069086075, -0.007955274544656277, -0.01105749886482954, 0.03203412890434265, -0.03283298388123512, 0.027933333069086075, -0.04681296646595001, -0.026708420366048813, 0.01958528719842434, 0.01608363538980484, 0.008214903064072132, 0.0029940458480268717, -0.018080774694681168, 0.02375265397131443, -0.018347060307860374, 0.032886240631341934, -0.011090785264968872, -0.02071700058877468, 0.019039401784539223, -0.0322471559047699, -0.018573403358459473, 0.02926475927233696, -0.016909120604395866, -0.00021146801009308547, 0.03419103845953941, -0.01692243479192257, 0.002652867930009961, -0.041220974177122116, -0.002528046490624547, -0.0122690973803401, -0.025922879576683044, -0.005954806227236986, 0.0025413609109818935, 0.0007921989308670163, 0.020490657538175583, -0.03496326506137848, 0.007629075553268194, -0.0023299967870116234, 0.0056618922390043736, -0.021249571815133095, 0.0015253158053383231, -0.016296664252877235, -0.015923863276839256, 0.039010804146528244, 0.00393769470974803, -0.03403126820921898, -0.03791903331875801, 0.01047167181968689, -0.02323339693248272, -0.036720748990774155, 0.02216825634241104, 0.020091230049729347, -0.009399873204529285, -0.020304258912801743, 0.00467330776154995, 0.0350697822868824, -0.022647568956017494, -0.013687066733837128, -0.014272894710302353, -0.009572958573698997, 0.043830569833517075, 0.015125008299946785, -0.013494010083377361, -0.006766976322978735, -0.00841461680829525, 0.0064873769879341125, -0.012415554374456406, 0.01344075333327055, -0.023020368069410324, 0.02721436321735382, -0.045135367661714554, -0.003538266522809863, 0.011689926497638226, -0.00771561823785305, 0.012641897425055504, 0.01617683470249176, 0.0006228580605238676, 0.004417008254677057, -0.022594312205910683, -0.013234381563961506, 0.017654718831181526, 0.017281919717788696, 0.006204448640346527, -0.016762662678956985, -0.013480695895850658, -0.02632230706512928, 0.011876326985657215, 0.008461217395961285, 0.031395044177770615, -0.03674737736582756, 0.01463237963616848, 0.03941023349761963, -0.0303831584751606, 0.008068446069955826, -0.003711352124810219, 0.015817349776625633, -0.014579122886061668, -0.035655610263347626, -0.0462803952395916, 0.02131614275276661, -0.004946250468492508, -0.012042755261063576, 0.0014013266190886497, -0.00333189545199275, -0.02425859495997429, -0.010018986649811268, 0.032380297780036926, 0.02239459753036499, 0.009273387491703033, 0.02913161739706993, -0.00030497994157485664, -0.011250556446611881, -0.0041773514822125435, 0.02566990815103054, -0.008900587446987629, 0.012129297479987144, 0.016483062878251076, 0.010977613739669323, 0.0068235620856285095, -0.0013031339040026069, -0.0027444034349173307, 0.015817349776625633, -0.00649736262857914, -0.005462178494781256, 0.015484493225812912, 0.0012423875741660595, -0.007575818337500095, -0.00509603600949049, 0.03299275413155556, -0.03938360512256622, 0.014286208897829056, 0.017787860706448555, 0.0345904678106308, -0.009732729755342007, 0.002128618536517024, 0.027613790705800056, 0.03006361611187458, 0.011357069946825504, 0.00737610412761569, -0.02282065525650978, 0.020610487088561058, -0.021529169753193855, -0.00043895476846955717, -0.009659500792622566, -0.010338529013097286, 0.0042638941667973995, 0.0014670658856630325, 0.008068446069955826, 0.06380196660757065, 0.01051827147603035, -0.026814935728907585, -0.006221091374754906, -0.021635685116052628, -0.03328566998243332, 0.0016326620243489742, 0.024751223623752594, -0.005818334873765707, 0.02006460167467594, 0.053310327231884, -0.0007435186416842043, 0.0024215325247496367, -0.014339466579258442, 0.007515904027968645, -0.02371271140873432, -0.010937671177089214, 0.025217222049832344, 0.004496893845498562, -0.01692243479192257, -0.013873467221856117, 0.0018639974296092987, 0.002398232463747263, 0.01039844285696745, -0.01599043607711792, 0.01559100765734911, -0.0033102596644312143, -0.02042408660054207, 0.010511614382266998, 0.03222052752971649, 0.007935303263366222, -0.0212762001901865, -0.0006956704892218113, 0.01958528719842434, -0.008787416853010654, 0.01397998072206974, -0.001451255171559751, 0.012289068661630154, 0.006484048441052437, 0.0001746457419358194, -0.004496893845498562, 0.018160661682486534, -0.009692787192761898, -0.0014870372833684087, 0.0018040832364931703, -0.007695646490901709, -0.020211057737469673, 0.004340451210737228, 0.03858474642038345, -0.006094606127589941, 0.00909364502876997, 0.007642389740794897, -0.016110263764858246, -0.01738843321800232, -0.029025103896856308, -0.017335176467895508, -0.03885103389620781, -0.015244835987687111, 0.007615760900080204, 0.02215494215488434, -0.02071700058877468, -0.016483062878251076, -0.009859215468168259, -0.00023071128816809505, 0.01632329262793064, -0.007189704570919275, -0.01425958052277565, -0.017361804842948914, -0.011483555659651756, 0.010811185464262962, -0.001162501983344555, 0.0027610461693257093, 0.024604765698313713, -0.0004755689878948033, 0.011630012653768063, 0.005954806227236986, -0.03285961225628853, -0.003581537865102291, 0.00045518152182921767, 0.015697522088885307, -0.0077355895191431046, -0.0104050999507308, -0.015511121600866318, 0.00449023675173521, -0.0266418494284153, -0.04540165141224861, -0.004676636308431625, -0.03067607246339321, -0.013500667177140713, 0.0818028599023819, 0.0028525819070637226, 0.009133587591350079, 0.013354210183024406, 0.001387180294841528, 0.01982494443655014, 0.0026112606283277273, -0.004067508969455957, -0.01935894414782524, -0.016616206616163254, -0.000618697376921773, 0.008008532226085663, -0.01794763281941414, -0.023433111608028412, -0.024484938010573387, 0.005498792510479689, 0.016429806128144264, 0.005289092659950256, -0.005255807191133499, -0.00199880450963974, 0.0014703944325447083, -0.003451723838225007, 0.023313282057642937, -0.012741753831505775, -0.0033934740349650383, 0.008494502864778042, 0.03549583628773689, -0.018307117745280266, -0.013753638602793217, -0.018786432221531868, 0.0006003902526572347, 0.014059866778552532, -0.03821194916963577, -0.019811630249023438, -0.004583436530083418, -0.011037527583539486, -0.0007127294084057212, 0.0032520098611712456, 0.017561519518494606, 0.015551064163446426, 0.007089847698807716, -3.1127299735089764e-05, -0.02857241779565811, 0.0020071258768439293, -0.03019675798714161, 0.000526745687238872, 0.005502121057361364, -0.024058882147073746, -0.03871788829565048]","[0.0021104016341269016, 0.03331229090690613, 0.010238119401037693, -0.005937174428254366, -0.013056440278887749, 0.033712998032569885, -0.002439317060634494, -0.019728248938918114, -0.021491369232535362, -0.0203293114900589, 0.003267449326813221, 0.007339656352996826, 0.0017864950932562351, -0.009750589728355408, -0.0013190010795369744, 0.007099230773746967, 0.0020736700389534235, 0.01597493886947632, 0.00041949242586269975, -0.0231743473559618, -0.006918911822140217, 0.0005985593306832016, 0.016455790027976036, -0.03141560032963753, -0.02337470091879368, -0.009516842663288116, 0.03582340106368065, -0.01582801155745983, 0.014051535166800022, -0.012074703350663185, 0.015387232415378094, -0.007853900082409382, -0.01792505756020546, -0.04768439009785652, -0.002546172821894288, -0.007920684292912483, 0.01298297755420208, -0.03328557685017586, 0.016789713874459267, 0.010151298716664314, 0.01926075480878353, -0.012041310779750347, 0.0043476945720613, -0.018606262281537056, -0.0006582483183592558, 0.03037375584244728, -0.009650412946939468, -0.017764773219823837, -0.01890011504292488, 0.002192213200032711, 0.022599996998906136, 0.04009763151407242, -0.03021347150206566, -0.005703427363187075, -0.008207859471440315, -0.0015886449255049229, 0.025137821212410927, 0.02716808207333088, 0.0063545797020196915, 0.008915779180824757, 0.03814751282334328, 0.010618792846798897, -0.023668555542826653, 0.019808389246463776, -0.00404716283082962, 0.0007325464393943548, 0.010892610996961594, 0.005469680298119783, 0.0031121745705604553, 0.01310986839234829, 0.03096146136522293, 0.024216191843152046, -0.012074703350663185, -0.012475412338972092, 0.007680259179323912, -0.002025251043960452, -0.013276830315589905, 0.004798492416739464, -0.01574787124991417, 0.015267019160091877, 0.0017948431195691228, -0.026513589546084404, -0.04397115483880043, 0.012949584983289242, 0.01881997473537922, 0.0077604008838534355, 0.0024843967985361814, 0.033686283975839615, 0.014251889660954475, 0.003689863719046116, -0.003449438139796257, 0.014091606251895428, 0.009763946756720543, -0.0038635041564702988, -0.011333391070365906, 0.01764455996453762, -0.028290066868066788, 0.02727493830025196, 0.008555141277611256, 0.011994561180472374, -0.002671394497156143, -0.0009082741453312337, -0.026874229311943054, -0.023748697713017464, -0.02253321185708046, -7.069803541526198e-05, -0.0073663704097270966, -0.02970590628683567, 0.007974112406373024, -0.00519920140504837, 0.0006707704742439091, 0.017190422862768173, 0.01268912386149168, -0.011807563714683056, -0.008869029581546783, -0.013403722085058689, -0.00472502876073122, -0.04840566962957382, 0.00010111645678989589, 0.0014801195356994867, -0.00036481229471974075, 0.02727493830025196, 0.02040945366024971, -0.02320106141269207, 0.026059452444314957, -0.018445979803800583, 0.001936760963872075, -0.00604403018951416, -0.006751949433237314, -0.013744324445724487, 0.028904488310217857, 0.028877774253487587, 0.010318261571228504, 0.03229716047644615, -0.03836122527718544, -0.012455376796424389, 0.015120092779397964, 0.009757268242537975, -0.029973046854138374, -0.03897564485669136, 0.021544797345995903, 0.013811109587550163, -0.001623707008548081, 0.01848604902625084, -0.0254316758364439, 0.002801625058054924, -0.013276830315589905, 0.019394323229789734, -0.00202358141541481, -0.016322219744324684, 0.0020753396674990654, 0.011052894406020641, 0.012221629731357098, 0.009076062589883804, -0.019314182922244072, 0.04017777368426323, -0.004484603647142649, -0.01234184205532074, 0.009056027047336102, -0.01697671227157116, 0.01221495121717453, 0.00992423016577959, -0.0040738764218986034, 0.007292906753718853, 0.0014091605553403497, 0.027047868818044662, 0.0012613991275429726, -0.0009792330674827099, -0.017270565032958984, 0.006768645718693733, -0.012442019768059254, 0.01628214865922928, -0.016629431396722794, -0.000959197583142668, -0.0030537378042936325, 0.015681086108088493, 0.01569444313645363, 0.016455790027976036, -0.012809336185455322, -0.01920732669532299, -0.027101296931505203, 0.003155584679916501, 0.011707386001944542, 0.04271559789776802, -0.011961168609559536, -0.026981083676218987, -0.0013507237890735269, -0.01940768025815487, 0.007373048923909664, -0.0024326385464519262, 0.004341016057878733, -0.003118853084743023, -0.007980790920555592, -0.009957622736692429, -0.6159167289733887, 0.00929645262658596, 0.013323579914867878, -0.018299052491784096, -0.005629963707178831, 0.005857032258063555, 0.0002521128626540303, 0.008381499908864498, -0.0466158352792263, 0.029412053525447845, -0.03448770195245743, 0.030827892944216728, -0.006237706169486046, -0.0007454860024154186, -0.026981083676218987, -0.013450470753014088, 0.03232387453317642, -0.019661463797092438, 0.017217136919498444, -0.01674964278936386, -0.006247723940759897, 0.009356559254229069, 0.009236345998942852, 0.006845448166131973, -0.0031071656849235296, 0.018419265747070312, -0.013403722085058689, -0.020195743069052696, 0.015587586909532547, 0.04346358776092529, -0.040525052696466446, 0.04279574006795883, 0.0039336285553872585, 0.00884899403899908, 0.051611341536045074, 0.005576536059379578, -0.032484155148267746, 0.0296791922301054, 0.01582801155745983, 0.032430730760097504, -0.018833331763744354, -0.012969620525836945, 0.020396096631884575, 0.002469370374456048, 0.008448285050690174, 0.008027540519833565, 0.03344585746526718, -0.002911820076406002, 0.006040690932422876, -0.022119145840406418, 0.014746097847819328, 0.006564951967447996, -0.01787162944674492, -0.01302304770797491, -0.00258290464989841, -0.03817422688007355, 0.017978485673666, -0.018526120111346245, 0.02245306968688965, -0.0004007091629318893, 0.004885312635451555, 0.006538237910717726, -0.04290259629487991, 0.0008965867455117404, -0.022933920845389366, 0.016268791630864143, 0.015654372051358223, 0.00450129946693778, -0.016829784959554672, -0.02591252699494362, -0.0015794619685038924, -0.0032908241264522076, -0.01831240952014923, 0.03168273717164993, 0.007686937693506479, 0.024336403235793114, 0.014078249223530293, -0.019955316558480263, -0.0012672427110373974, 0.021344441920518875, 0.03194987773895264, -0.02529810555279255, -0.025979312136769295, -0.012281736359000206, 0.0016888221725821495, 0.012141487561166286, -0.009156204760074615, -0.03670496121048927, 0.0006874667014926672, 0.001475945464335382, 0.010672220960259438, 0.0009917551651597023, -0.01343043614178896, -0.015440660528838634, 0.016576003283262253, 0.004608155693858862, 0.01486631017178297, 0.021451298147439957, 0.02914491295814514, -0.03392671048641205, -0.019033685326576233, -0.0030704340897500515, -0.006050708703696728, 0.009763946756720543, 0.027969500049948692, 0.016990069299936295, -0.03518226370215416, 0.009316488169133663, 0.03165602311491966, -0.023681912571191788, -0.014051535166800022, -0.001348219346255064, -0.004314302001148462, 0.01278930064290762, -0.02046288177371025, -0.03090803325176239, 0.016936641186475754, 0.0007296245894394815, -0.0042942664586007595, 0.007560046389698982, -0.0022022307384759188, 0.027101296931505203, 0.011219857260584831, -0.01582801155745983, 0.006721896585077047, 4.6175471652531996e-05, 0.004287587944418192, 0.005593232344835997, 0.0024042550940066576, 0.015761228278279305, 0.01677635684609413, -0.012916192412376404, 0.05193191021680832, -0.006468113977462053, -0.004090572707355022, 0.0065248808823525906, 0.014372101984918118, -0.013757681474089622, 0.010592078790068626, -0.004594798665493727, 0.001978501444682479, 0.002456013346090913, 0.021157443523406982, -0.020890304818749428, 0.006424703635275364, -0.016402361914515495, -0.056045856326818466, -0.003709899028763175, -0.0466158352792263, -0.01982174627482891, -0.012969620525836945, -0.013864537701010704, 0.005362824536859989, 0.006428042892366648, 0.006885519251227379, 0.0006390476482920349, 0.007232800591737032, -0.010438473895192146, -0.012148166075348854, -0.017457563430070877, -0.013604076579213142, 0.03149574249982834, -0.034380845725536346, -0.007867257110774517, -0.0112933199852705, -0.018993614241480827, 0.004177392926067114, 0.00900259893387556, -0.014398816041648388, -0.014332031831145287, -0.009470093064010143, -0.00854178424924612, -0.012415305711328983, -0.026727301999926567, 0.014852953143417835, -0.0037533091381192207, -0.030614180490374565, -0.016936641186475754, -0.0026814122684299946, 0.0011186464689671993, -0.0003376809472683817, -0.010859218426048756, 0.0011737439781427383, -0.013083154335618019, 0.020543023943901062, 0.014852953143417835, 0.02965247817337513, 0.02350827120244503, -0.03766666352748871, 0.05871725082397461, 0.01602836698293686, 0.01954125054180622, -0.010972753167152405, -0.023748697713017464, 0.0062109921127557755, 4.5992856030352414e-05, 0.02432304620742798, 0.0013899599434807897, 0.004441193304955959, -0.0024042550940066576, 0.017136994749307632, -0.006013976875692606, 0.033712998032569885, -0.015814654529094696, -0.0015418954426422715, -0.03462127223610878, -0.014078249223530293, 0.0003996656450908631, 0.028209926560521126, 0.004240838810801506, 0.017510991543531418, -0.01003776490688324, 0.008047576062381268, -0.011820920743048191, -0.012949584983289242, 0.022466426715254784, -0.007025767583400011, 0.018392551690340042, -0.022493140771985054, 0.014305317774415016, -0.01711028255522251, 0.00900259893387556, 0.015347161330282688, 0.0029719264712184668, -0.009964301250874996, 0.0073663704097270966, -0.012515483424067497, 0.020422810688614845, -0.0032206999603658915, -0.02143794111907482, 0.0009450057987123728, 0.02619302272796631, 0.008895743638277054, 0.010365010239183903, 0.02020910009741783, 0.005913799628615379, -0.0004595633363351226, 0.0013365320628508925, 0.04135318472981453, -0.017150351777672768, 0.011914419010281563, 0.027101296931505203, -0.011279962956905365, -0.017123637720942497, 0.03659810498356819, 0.0044879429042339325, 0.03849479556083679, 0.03205673396587372, 0.002469370374456048, 0.02650023251771927, -0.03480827063322067, 0.007660223636776209, -0.004711672198027372, 0.000636543205473572, 0.015600943937897682, -0.0192874688655138, 0.02348155714571476, 0.028263352811336517, -0.005957209505140781, 0.021905435249209404, 0.004541370552033186, -0.023361343890428543, 0.03571654483675957, -0.015347161330282688, 0.009202954359352589, 0.012468733824789524, -0.02035602554678917, -0.016762999817728996, -0.013931321911513805, -0.018779903650283813, -0.004083894193172455, -0.042288172990083694, -0.014999880455434322, -0.02911819890141487, 0.024336403235793114, -0.01053865160793066, 0.006271098740398884, -0.00034936831798404455, 0.007853900082409382, 0.01856619119644165, -0.02663380280137062, 0.016535932198166847, 0.0002813312166836113, -0.0026229755021631718, 0.0003744126297533512, -0.005993941333144903, -0.00985744595527649, 0.021157443523406982, -0.002466031117364764, 0.03021347150206566, -0.005155791528522968, 0.021397870033979416, -0.0007972443127073348, -0.022626711055636406, -0.015881439670920372, 0.019835103303194046, 0.02957233600318432, 0.013984750024974346, 0.007646866608411074, 0.02074337750673294, 0.004164036363363266, 0.02593924105167389, -0.014826239086687565, -0.022092431783676147, 0.03897564485669136, 0.00756672490388155, 0.018392551690340042, -0.02194550633430481, 0.0016170284943655133, -0.003025354351848364, -0.024576829746365547, -0.02030259743332863, -0.014559099450707436, -0.013303544372320175, 0.013043083250522614, -0.009730554185807705, -0.019527893513441086, 0.011660637333989143, 0.027074582874774933, 0.017764773219823837, -0.0017380759818479419, -0.0317094512283802, -0.03408699482679367, 0.02102387510240078, 0.027729075402021408, 0.020983804017305374, -0.009550235234200954, -0.00693894736468792, 0.004267552867531776, -0.013270151801407337, -0.0003186890098731965, -0.013283508829772472, 0.009229667484760284, -0.02345484308898449, -0.021090660244226456, -0.007519975304603577, -0.0014542404096573591, 0.0007075021276250482, 0.02652694657444954, 0.007767079398036003, -0.0035362583585083485, -0.02004881575703621, -0.031335458159446716, -0.018713118508458138, 0.01831240952014923, -0.006548255681991577, 0.04132647439837456, 0.03889550268650055, 0.013690896332263947, 0.00526932580396533, 0.0012029623612761497, -0.009543556720018387, 0.02018238604068756, -0.03849479556083679, 0.008401535451412201, 0.017524348571896553, 0.010505259037017822, -0.0001228215405717492, -0.015253662131726742, 0.03576997295022011, 0.015574229881167412, -0.00044244970194995403, 0.011206500232219696, 0.0018132090335711837, 0.0030136669520288706, 0.027288295328617096, 0.0026814122684299946, 0.002803294686600566, 0.036838531494140625, -0.01767127402126789, 0.0060540479607880116, -0.020062172785401344, 0.0131900105625391, -0.011146393604576588, -0.020649880170822144, -0.011453603394329548, -0.031175173819065094, -0.013370329514145851, 0.04763096198439598, -0.006932268850505352, 0.004210785496979952, -0.021130729466676712, -0.009824053384363651, -0.021491369232535362, 0.0005455488571897149, -0.017430849373340607, 0.023695269599556923, -0.000756338587962091, 0.012335163541138172, -0.022372929379343987, -0.016629431396722794, 0.009189597330987453, -0.04266216978430748, 0.004701654426753521, -0.013590719550848007, -0.035075411200523376, -0.0154273035004735, 0.00279828580096364, 0.027074582874774933, 0.022706853225827217, 0.01349722035229206, -0.012709159404039383, -0.0005689235404133797, 2.6061748940264806e-05, -0.02621973678469658, -0.023214418441057205, 0.002456013346090913, -0.009750589728355408, 0.008087647147476673, 0.010458509437739849, -0.006898876279592514, -0.00512239895761013, -0.026086166501045227, 0.0383077971637249, 0.0027565450873225927, -0.002008554758504033, -0.00038171722553670406, 0.0017547722673043609, 0.020275883376598358, -0.00027757458155974746, -0.007733686827123165, 0.017190422862768173, -0.011039537377655506, -0.009697161614894867, 0.028316780924797058, 0.03833451122045517, -0.00879556592553854, 0.004017109517008066, -0.015560872852802277, 0.009723875671625137, -0.0010193039197474718, -0.005983923561871052, -0.011854313313961029, -0.0065415771678090096, -0.007433155085891485, -0.010224762372672558, 0.01574787124991417, 0.0019284129375591874, -0.008655318059027195, -0.012388591654598713, 0.005950530990958214, 0.009610341861844063, -0.010765720158815384, 0.001235520001500845, 0.015814654529094696, -0.01426524668931961, 0.031255315989255905, 0.01226837933063507, -0.05072978138923645, -0.014973166398704052, -0.005312735680490732, 0.00822121649980545, 0.008648639544844627, -0.012809336185455322, 0.012041310779750347, 0.014639241620898247, -0.021317727863788605, -0.021037232130765915, -0.016068438068032265, 0.0021154105197638273, 0.02417612075805664, 0.00837482139468193, -0.001695500686764717, 0.017217136919498444, 0.0005772716249339283, -0.03325886279344559, -0.028183212503790855, -0.011226534843444824, -0.026366664096713066, -0.020289240404963493, -0.012295093387365341, 0.011774171143770218, 0.016068438068032265, 0.04998179152607918, 0.005863710772246122, 0.010291547514498234, -0.01334361545741558, -0.00462151225656271, -0.03213687613606453, -0.02030259743332863, 0.0024326385464519262, 0.017657916992902756, 0.012929549440741539, 0.026754016056656837, 0.0231743473559618, -0.01764455996453762, 0.02621973678469658, -0.00029865355463698506, -0.0056900703348219395, 0.038681790232658386, 0.004154018592089415, -0.0017864950932562351, -0.009049348533153534, 0.011600530706346035, 0.026072809472680092, 0.011734100058674812, 0.004638208542019129, 0.016535932198166847, -0.015934867784380913, 0.04314301908016205, -0.028290066868066788, -0.0033108594361692667, -0.008882386609911919, -0.04341015964746475, -0.012001239694654942, 0.02468368411064148, -0.009516842663288116, -0.0096904831007123, -0.0326177254319191, 0.01061211433261633, -0.005225915461778641, 0.008655318059027195, 0.015988295897841454, -0.005633302964270115, 9.84815869742306e-06, -0.002529476536437869, 0.0017848254647105932, -0.013417079113423824, 0.0032373962458223104, -0.0009617020259611309, -0.017484277486801147, -0.03755980730056763, -0.008715424686670303, 0.014732740819454193, -0.00806761160492897, 0.009403308853507042, -0.00014306569937616587, -0.008882386609911919, -0.01825898140668869, 0.0029268465004861355, 0.01971489191055298, -0.0006695182528346777, -0.0048819733783602715, -0.005663356278091669, -0.002806633710861206, -0.025792313739657402, -0.0173907782882452, -0.011800885200500488, 0.021478012204170227, 0.01853947713971138, -0.00959030631929636, 0.005129077471792698, -0.025498460978269577, -0.010291547514498234, 0.007125944830477238, -0.019421037286520004, 0.035476118326187134, 0.014332031831145287, 0.04458557441830635, 0.009864124469459057, -0.009944265708327293, -0.021678365767002106, -0.009543556720018387, -2.877488441299647e-05, 0.008428249508142471, 0.025725528597831726, 0.020917018875479698, -0.003244074760004878, -0.029465481638908386, 0.011854313313961029, -0.02432304620742798, 0.013771038502454758, -0.02557860128581524, 0.03093474730849266, 0.03152245655655861, -0.018018554896116257, 0.0033125290647149086, 0.026139594614505768, -0.03534254804253578, -0.00217384728603065, -0.007753722369670868, 0.021130729466676712, -0.011420211754739285, -0.0013807769864797592, -0.037960514426231384, 0.010558686219155788, -0.010745684616267681, 0.015454016625881195, 0.00015141379844862968, 0.015734514221549034, -0.005369503051042557, 0.0028684097342193127, -0.009710518643260002, 0.02975933440029621, 0.01825898140668869, 0.009463414549827576, -0.01677635684609413, 0.0015610961709171534, -0.013597398065030575, 0.0036631496623158455, -0.004150679334998131, -0.004391104448586702, 0.017497634515166283, 0.022653425112366676, -0.03283143788576126, -0.007486583199352026, 0.014559099450707436, 0.002217257395386696, 0.017991842702031136, 0.018419265747070312, -0.010338296182453632, 0.00035479458165355027, -0.02714136801660061, 0.009777303785085678, 0.020730020478367805, 0.009356559254229069, -0.010111228562891483, -0.025231320410966873, -0.0010360002052038908, -0.008000826463103294, -0.027488648891448975, -0.007286228239536285, 0.00022122485097497702, -0.02094373293220997, -0.022145859897136688, 1.850931948865764e-05, 0.01039840281009674, 0.015881439670920372, 0.0006227688281796873, -0.009289774112403393, 0.02048959583044052, 0.027488648891448975, -0.0011670654639601707, 0.011507031507790089, 0.007166015915572643, -0.0019050381379202008, -0.013851180672645569, 0.004314302001148462, -0.0014325352385640144, -0.035048697143793106, -0.0008323063375428319, -0.006685164757072926, -0.022827066481113434, -0.001695500686764717, 0.03267115354537964, -9.746415889821947e-05, -0.02097044698894024, -0.022760281339287758, 0.018031911924481392, 0.008929136209189892, 0.002799955429509282, -0.027488648891448975, -0.020449524745345116, 0.03598368540406227, -0.029251769185066223, 0.009456736035645008, 0.0052626472897827625, -0.008054254576563835, -0.01144692488014698, -0.013677539303898811, 0.01971489191055298, -0.011847634799778461, -0.00861524697393179, 0.0005271830013953149, 0.010291547514498234, 0.02512446418404579, 0.0012138148304075003, -0.011326712556183338, -0.0007296245894394815, -0.003414376173168421, 0.0007095891633071005, 0.03272458165884018, 0.00015517044812440872, -0.011700707487761974, -0.00173473684117198, 0.028103070333600044, 0.01915389858186245, 0.020676592364907265, -0.016883213073015213, -0.018713118508458138, -0.006808716803789139, -0.029839476570487022, -0.02340141497552395, 0.01521359197795391, -0.009910873137414455, 0.023935694247484207, 0.0206899493932724, -0.013270151801407337, -0.02125094272196293, 0.006845448166131973, -0.04001748934388161, -0.03141560032963753, 0.01095939613878727, -0.003489508992061019, 0.025591958314180374, 0.033045150339603424, -0.016589360311627388, 0.031308744102716446, 0.015641015022993088, 0.006625058129429817, -0.028236638754606247, 0.020863590762019157, -0.006615040358155966, -0.003319207578897476, -0.004664922598749399, 0.013356972485780716, -0.03659810498356819, 0.013296865858137608, 0.002272354904562235, 0.001771468436345458, 0.013336936943233013, 0.022733567282557487, 0.00015746618737466633, -0.026767373085021973, -0.012729194946587086, -0.014799525029957294, 0.0013432105770334601, -0.005179165862500668, 0.03331229090690613, -0.01672292873263359, 0.0015802967827767134, 0.026420092210173607, 0.015627657994627953, -0.00086736842058599, 0.007960755378007889, 0.008294680155813694, -0.006958982441574335, 0.01363746915012598, -0.010411759838461876, 0.0017664595507085323, -0.0015377214876934886, -0.03154917061328888, 0.017136994749307632, 0.013630790635943413, 0.012234986759722233, 0.03662481904029846, 0.008621925488114357, 0.008855672553181648, -0.010211405344307423, 0.01787162944674492, 0.0008999260026030242, -0.0035930254962295294, 0.013270151801407337, -0.018379194661974907, 0.013998107053339481, -0.009363237768411636, 0.010632149875164032, -0.0385749377310276, 0.00035124662099406123, 0.004364390857517719, 0.004300944972783327, -0.03259101137518883, 0.0029168289620429277, -0.0013624111888930202, -0.0432765893638134, -0.010458509437739849, 0.023521628230810165, 0.0011871008900925517, -0.010057800449430943, -0.04084562137722969, -0.014452244155108929, -0.02320106141269207, 0.007413119543343782, 0.0013757681008428335, -0.0103449746966362, -0.04581441357731819, 0.01095939613878727, 0.03253758326172829, -0.0016921614296734333, 0.014478958211839199, 0.21007846295833588, 0.0040438235737383366, 0.002826669253408909, 0.00029427080880850554, 0.015681086108088493, -0.002865070477128029, 0.01232848595827818, 0.0031989947892725468, -0.023267846554517746, -0.007326299324631691, -0.019941959530115128, 0.026567017659544945, 0.004451211076229811, -0.007319620810449123, 0.0018299052026122808, -0.012128130532801151, -0.04944751039147377, -0.015988295897841454, -0.014291960746049881, 0.012936227954924107, 0.03165602311491966, -0.0067185573279857635, 0.009783982299268246, -0.021491369232535362, 0.006658450700342655, -0.0033308949787169695, 0.023107562214136124, 0.021371155977249146, 0.011667315848171711, 0.012762587517499924, -0.0077937934547662735, 0.003265779698267579, 0.013270151801407337, -0.0023174346424639225, -0.037426237016916275, -0.012475412338972092, 0.008341428823769093, 0.011199821718037128, 0.013550648465752602, 0.01510673575103283, -0.001013460336253047, -0.008154431357979774, -0.0023207738995552063, -0.010391724295914173, -0.026233093813061714, 0.006872162222862244, -0.020249169319868088, 0.015520801767706871, 0.019781675189733505, 0.02911819890141487, -0.021852007135748863, -0.006434721406549215, 0.04207446426153183, 0.011814242228865623, 0.011507031507790089, -0.007152658887207508, 0.006411346606910229, 0.016789713874459267, -0.004851920064538717, 0.01421181857585907, -0.010491902008652687, 0.015654372051358223, 0.021424584090709686, -0.005683391820639372, -0.0013382016913965344, 0.02571217156946659, -0.019060399383306503, -0.042234744876623154, 0.01795177161693573, -0.008341428823769093, 0.025137821212410927, -0.023935694247484207, 0.01295626349747181, -0.0036364358384162188, 0.0024610222317278385, -0.017497634515166283, 0.03032032772898674, 0.019915245473384857, -0.0010560356313362718, 0.03389999642968178, -0.02724822424352169, -0.033178720623254776, 0.023775411769747734, 0.01037168875336647, -0.02842363715171814, -0.009189597330987453, 0.013383686542510986, -0.03635767847299576, -0.026286521926522255, -0.017430849373340607, -0.0025728868786245584, -0.002340809442102909, 0.005683391820639372, -0.0006377954268828034, -0.006735253147780895, -0.005382860079407692, -0.008020862005650997, 0.017804844304919243, 0.004387765657156706, -0.003766666166484356, -0.022546568885445595, 0.03772009164094925, 0.01600165292620659, -0.00044537155190482736, 0.024830611422657967, -0.0030604163184762, -0.010117906145751476, -0.0038434688467532396, 0.003045389661565423, -0.019901888445019722, 0.00882227998226881, -0.018472691997885704, -0.006411346606910229, -0.013543969951570034, 0.004474585875868797, 0.01580129750072956, 0.03154917061328888, -0.022733567282557487, -0.015066664665937424, -0.0015777923399582505, 0.005586553830653429, -0.024750469252467155, -0.006581648252904415, 0.013477184809744358, -0.008828958496451378, -0.019728248938918114, -0.04324987530708313, 0.003926950041204691, 0.019781675189733505, -0.03101488947868347, 0.01825898140668869, -0.022119145840406418, -0.0029168289620429277, -0.004220803268253803, -0.021825293079018593, 0.005332771223038435, 0.0016562645323574543, -0.02264006808400154, 0.005670034792274237, -0.005953870248049498, 0.003342582378536463, -0.0122416652739048, 0.010625471360981464, -0.012528840452432632, 0.014919738285243511, -0.0017998520052060485, -0.001511842361651361, 0.00893581472337246, 0.011734100058674812, -0.020476238802075386, -0.003432741854339838, -0.009777303785085678, 0.016295505687594414, -0.03651796281337738, 0.02898463048040867, -0.025591958314180374, 0.014291960746049881, -0.0505962111055851, -0.0052459510043263435, 0.00032181956339627504, -0.03593025729060173, -0.00848835613578558, 0.0017213798128068447, 0.01248209085315466, -0.030640894547104836, 0.007192729506641626, -0.16797728836536407, 0.029198341071605682, 0.0520387627184391, -0.03659810498356819, -0.007433155085891485, 0.014372101984918118, 0.005900442600250244, 0.003739952342584729, -0.020810162648558617, -0.018125411123037338, 0.005803604610264301, -0.011874348856508732, -0.06320519000291824, -0.014104963280260563, -0.02599266916513443, 0.017577774822711945, -0.001843262230977416, -0.013437114655971527, 0.008468320593237877, 0.026112880557775497, 0.010892610996961594, -0.02471039816737175, 0.019140541553497314, -0.020088886842131615, -0.002671394497156143, 0.02714136801660061, 0.02238628640770912, -0.008034219034016132, -0.018098697066307068, -0.02593924105167389, 0.0028133122250437737, -0.01478616800159216, 0.03090803325176239, 0.004030466545373201, 0.0024877360556274652, -0.014011464081704617, 0.01828569546341896, -0.0158547256141901, -0.015320447273552418, 0.016148580238223076, 0.002078678924590349, -0.00040321360575035214, -0.0158547256141901, 0.02850377932190895, 0.008708746172487736, 0.02479054033756256, -0.0106388283893466, 0.007967433892190456, 0.0302668996155262, -0.0157211571931839, 0.009710518643260002, -0.02261335402727127, -0.01516016386449337, 0.0016838132869452238, 0.020583095028996468, 0.026166308671236038, 0.01024479791522026, -0.007413119543343782, 0.005686731077730656, 0.0048485808074474335, -0.012081381864845753, -0.02110401727259159, -0.003506205277517438, 0.007960755378007889, -0.014906381256878376, 0.003120522713288665, -0.021090660244226456, 0.016709571704268456, -0.016589360311627388, 0.014198461547493935, -0.016656145453453064, 0.021825293079018593, 0.00744651211425662, 0.007459869142621756, 0.004037145059555769, 0.027381792664527893, -0.010605435818433762, -0.00744651211425662, 0.013423757627606392, 0.019661463797092438, -0.02225271612405777, 0.034995269030332565, -0.030480610206723213, 0.05150448530912399, -0.02384219504892826, -0.0004199098329991102, 0.006104136351495981, -0.009363237768411636, -0.013096511363983154, -0.011981204152107239, 0.016322219744324684, -0.04621512442827225, -0.014759454876184464, 0.0045814416371285915, -0.01239527016878128, 0.017537705600261688, 0.01203463226556778, -0.0032190303318202496, 0.011547102592885494, -0.003028693376109004, 0.017163708806037903, 0.0008427414577454329, -0.022372929379343987, 0.02002210170030594, 0.015173520892858505, -8.863342372933403e-06, 0.01646914705634117, 0.008401535451412201, 0.04186075180768967, 0.0033659569453448057, 0.00634456193074584, -0.002467700745910406, -0.010652185417711735, 0.018085340037941933, 0.005703427363187075, 0.006454756949096918, -0.004678279627114534, 0.009109455160796642, 0.02337470091879368, 0.007099230773746967, 0.033686283975839615, -0.014345387928187847, -0.006878840737044811, 0.01954125054180622, 0.00971719715744257, -0.014959809370338917, -0.08479005843400955, -0.015373875387012959, 0.001918395166285336, 0.01633557677268982, -0.038040656596422195, -0.012615660205483437, -0.007179372478276491, 0.027461934834718704, -0.03520897775888443, 0.020115600898861885, -0.04389101266860962, -0.02591252699494362, 0.019394323229789734, 0.009697161614894867, 0.007252836134284735, -0.003856825875118375, -0.02007552981376648, 0.026286521926522255, -0.005643320735543966, 0.03037375584244728, -0.010358331725001335, -0.02724822424352169, 0.01884668879210949, -0.022573282942175865, -0.012121452018618584, 0.028103070333600044, -0.016576003283262253, -0.0034995267633348703, 0.033071864396333694, -0.013757681474089622, 0.0024025854654610157, -0.04076547920703888, -0.008521748706698418, -0.010378367267549038, -0.025057680904865265, 0.0013799421722069383, 0.0042341602966189384, 0.009156204760074615, 0.026420092210173607, -0.02143794111907482, 0.007954076863825321, -0.0022389625664800406, 0.00417405366897583, -0.016963355243206024, -0.0017848254647105932, -0.02730165235698223, -0.013210046105086803, 0.0409257635474205, 0.0013407061342149973, -0.03293829411268234, -0.02309420518577099, 0.003893557470291853, -0.015948224812746048, -0.035956971347332, 0.026727301999926567, 0.018833331763744354, -0.006878840737044811, -0.011032858863472939, -0.000582280510570854, 0.037933800369501114, -0.021758507937192917, -0.019527893513441086, -0.013523934409022331, -0.013450470753014088, 0.04383758455514908, 0.01618865132331848, -0.0072728716768324375, -0.001968483906239271, -0.009610341861844063, -0.005583214573562145, -0.010785754770040512, 0.015013236552476883, -0.02591252699494362, 0.023748697713017464, -0.04565413296222687, -0.0029585694428533316, 0.021117372438311577, 0.0009283095714636147, 0.014492315240204334, 0.01278930064290762, 0.001606175908818841, 0.001106959069147706, -0.01636229082942009, -0.01574787124991417, 0.01759113185107708, 0.010558686219155788, 0.01206134632229805, -0.00988416001200676, -0.017243850976228714, -0.02853049337863922, 0.013129903934895992, 0.004120626021176577, 0.03585011512041092, -0.04244845733046532, 0.0132367592304945, 0.03649124875664711, -0.022439714521169662, 0.01394467893987894, 0.0033125290647149086, 0.013029726222157478, -0.019982030615210533, -0.03945649787783623, -0.04447871819138527, 0.015320447273552418, 0.0027765806298702955, -0.011106322519481182, 0.0036497926339507103, 0.00013722201401833445, -0.02356169931590557, -0.0019234040519222617, 0.034300703555345535, 0.01856619119644165, 0.005840335972607136, 0.025819027796387672, -0.010451830923557281, -0.017470920458436012, -0.0006344561697915196, 0.02499089576303959, -0.011066251434385777, 0.011440247297286987, 0.015534158796072006, 0.012201594188809395, 0.0077470438554883, 0.0025762261357158422, 0.00151100754737854, 0.0031806291081011295, -0.005055614281445742, -0.0025728868786245584, 0.017096925526857376, 0.01920732669532299, -0.013076475821435452, -0.007179372478276491, 0.036224108189344406, -0.04319644719362259, 0.013577362522482872, 0.01912718452513218, 0.025217963382601738, -0.013223403133451939, -0.0020369382109493017, 0.02845035120844841, 0.035502832382917404, -0.0035930254962295294, 9.819461411098018e-05, -0.03034704178571701, 0.018806617707014084, -0.019447751343250275, 0.000462067750049755, -0.0009299792000092566, -0.0033475912641733885, 0.002639671554788947, -0.0024276296608150005, 0.02238628640770912, 0.05457659065723419, 0.01669621467590332, -0.02451004460453987, -0.012201594188809395, -0.03197659179568291, -0.041166190057992935, -0.008074290119111538, 0.023107562214136124, -0.012555554509162903, 0.024803897365927696, 0.04808510094881058, 0.009430022910237312, 0.011373462155461311, -0.005052275024354458, 0.00959030631929636, -0.032457441091537476, -0.0103449746966362, 0.024616900831460953, 0.0005008864682167768, -0.022519854828715324, -0.016883213073015213, 0.00039027404272928834, -0.002400915836915374, 0.014051535166800022, -0.02018238604068756, 0.0035930254962295294, -0.0018933508545160294, -0.017377421259880066, 0.0062443846836686134, 0.04087233543395996, 0.00649148877710104, -0.021478012204170227, 0.0029635783284902573, 0.017684631049633026, 0.00041135301580652595, 0.00809432566165924, 0.0022973993327468634, 0.014879667200148106, 0.004755082074552774, -0.0040438235737383366, -0.002549512078985572, 0.0023691928945481777, -0.011620566248893738, -0.010338296182453632, -0.0026496893260627985, -0.0020052155014127493, -0.02604609541594982, 0.012722516432404518, 0.03723923861980438, -0.005075649358332157, 0.007359691895544529, -0.0034427596256136894, -0.008027540519833565, -0.01971489191055298, -0.030160043388605118, -0.012856085784733295, -0.03892221674323082, -0.009777303785085678, -0.0043476945720613, 0.015120092779397964, -0.023882266134023666, -0.012649052776396275, -0.007653545122593641, -0.007807150483131409, 0.010057800449430943, -0.001235520001500845, -0.009977658279240131, -0.02404255047440529, -0.011273284442722797, 0.008054254576563835, 0.003466134425252676, 0.010231440886855125, 0.024162763729691505, 0.006514863111078739, 0.0022589978761970997, 0.013784395530819893, -0.0314423143863678, -0.003990395460277796, 0.001980171073228121, 0.02063652314245701, -0.0036464533768594265, -0.01602836698293686, -0.019915245473384857, -0.004240838810801506, -0.025805670768022537, -0.05008864775300026, -0.001233015558682382, -0.024363117292523384, -0.018192196264863014, 0.07629502564668655, 0.000644473941065371, 0.0027782502584159374, 0.016549289226531982, 0.01268912386149168, 0.02230614423751831, 0.005883746314793825, 0.005516429431736469, -0.019087113440036774, -0.02097044698894024, 0.009109455160796642, 0.009316488169133663, -0.016121866181492805, -0.029251769185066223, -0.02342812903225422, 0.021985577419400215, 0.006885519251227379, 0.010678899474442005, 6.78283759043552e-05, -0.00693894736468792, -0.0015034942189231515, 0.010558686219155788, 0.0141851045191288, -0.016816427931189537, -0.002522798255085945, 0.004835223779082298, 0.04530685022473335, -0.02264006808400154, -0.018806617707014084, -0.030534038320183754, -0.0035663116723299026, 0.022987348958849907, -0.03886878862977028, -0.025258034467697144, -0.011500352993607521, -0.015908153727650642, 0.0048485808074474335, 0.0029301857575774193, 0.01226837933063507, 0.022653425112366676, -0.0032757974695414305, 0.004077215678989887, -0.025191249325871468, -0.011734100058674812, -0.02378876693546772, 0.007940719835460186, 0.00424417806789279, -0.028824346140027046, -0.03967020660638809]","[-0.01246586348861456, 0.005830591078847647, 0.0024224277585744858, -0.01288161613047123, -0.027359185740351677, 0.009515363723039627, -0.008462571538984776, -0.04012680426239967, -0.021364305168390274, -0.011466717347502708, -0.008408925496041775, 0.02159229852259159, 0.0063134003430604935, 0.013438187539577484, -0.003232138929888606, 0.008516216650605202, 0.015490126796066761, -0.00497226370498538, 0.006776092108339071, -0.038571085780858994, 0.00860339030623436, -0.006631920114159584, 0.007906000129878521, 0.0012925203191116452, 0.011822118423879147, -0.003849061904475093, 0.0012137285666540265, -0.023295540362596512, -0.005461778491735458, 0.014739090576767921, 0.01171482726931572, -0.007765180431306362, -0.014390395022928715, -0.033903930336236954, -0.03457449749112129, 0.001353709609247744, 0.010152403265237808, -0.009957938455045223, 0.005032614804804325, -0.0038390031550079584, 0.019902465865015984, -0.0036344800610095263, -0.0064005739986896515, -0.03486954793334007, -0.02051938883960247, 0.04871007800102234, 0.017287248745560646, -0.023161428049206734, -0.001031836960464716, 0.005377957597374916, 0.030416976660490036, 0.0036244213115423918, -0.032160453498363495, -0.008066936396062374, -0.012385395355522633, -0.0057300059124827385, -0.008247989229857922, 0.01744818687438965, 0.011848941445350647, 0.011634359136223793, 0.012298221699893475, -0.009723239578306675, 0.015060963109135628, 0.0020955258514732122, -0.023845408111810684, -0.02114972285926342, -0.012941967695951462, 0.009756768122315407, 0.0009681329247541726, 0.014202635735273361, 0.035513292998075485, 0.04691295698285103, 0.018655208870768547, 0.0004245535237714648, 0.0188161451369524, -0.014122167602181435, -0.0024995431303977966, -0.0136393578723073, 0.007470130454748869, -0.006762681063264608, 0.006169227883219719, -0.00047945629921741784, -0.03092660754919052, 0.0068163261748850346, -0.004241344053298235, 0.013867351226508617, 0.01378688309341669, 0.01900390349328518, -0.012794442474842072, -0.0006135699804872274, 0.012351867742836475, 0.029397713020443916, 0.018588151782751083, 0.011319192126393318, -0.00241907499730587, -0.00681967893615365, -0.012935261242091656, 0.012184225022792816, 0.011486833915114403, -0.01687149703502655, -0.01006522960960865, 0.00011011987953679636, -0.02318825013935566, -0.004891795571893454, -0.007054378278553486, 0.0253340695053339, 0.004925323650240898, -0.0007250519120134413, -0.0010955409379675984, 0.00031265243887901306, 0.0162411630153656, 0.03403804451227188, 0.04594733566045761, -0.0012564773205667734, 0.00521366810426116, -0.021806878969073296, -0.004999086260795593, -0.023952698335051537, 0.016066815704107285, -0.018252868205308914, 0.005998232867568731, 0.0019765000324696302, 0.023107782006263733, -0.023161428049206734, 0.01302914135158062, -0.009683005511760712, -0.014041699469089508, -0.0024643384385854006, -0.009173373691737652, -0.027265304699540138, 0.02615216188132763, 0.005096318665891886, 0.03130212798714638, 0.03457449749112129, -0.006175933871418238, 0.010621801018714905, -0.02693002112209797, 0.012794442474842072, -0.04342599958181381, -0.02629968710243702, 0.008844795636832714, 0.011587419547140598, 0.02420751377940178, -0.01060168445110321, 0.003274049609899521, 0.003233815310522914, 0.01081626582890749, -0.015047552064061165, 0.010608389973640442, -0.013022435829043388, 0.025843700394034386, 0.00042078158003278077, -0.01677761785686016, -0.007228725589811802, 0.01954035833477974, 0.010863205417990685, -0.003989880904555321, 0.010118874721229076, -0.010373691096901894, -0.016469156369566917, -0.009756768122315407, 0.004298342391848564, 0.032643262296915054, -0.00498567521572113, 0.037712760269641876, 0.025642530992627144, -0.011708121746778488, 0.006809620652347803, 0.0038457089103758335, 0.0010947026312351227, -0.01507437415421009, 0.001852444838732481, -0.0442575067281723, 0.018695443868637085, 0.014739090576767921, 0.003072879044339061, 0.03256279602646828, 0.0006667962879873812, -0.014162401668727398, -0.005062790121883154, -0.03583516925573349, -0.009642771445214748, 0.020733971148729324, 0.0074164848774671555, -0.02693002112209797, -0.026621559634804726, -0.011748355813324451, -0.012673740275204182, -0.0017485066782683134, -0.00572329992428422, 0.021176544949412346, -0.0027174779679626226, -0.006608450319617987, -0.000676854804623872, -0.6158499121665955, -0.02235674485564232, 0.03832968324422836, -0.01480614673346281, 0.01774323545396328, 0.02416728064417839, 0.004962204955518246, 0.039214830845594406, -0.02431480586528778, 0.007885882630944252, -0.03283102065324783, 0.03642526641488075, -0.014216046780347824, 0.007496953010559082, 0.0035372476559132338, -0.011708121746778488, 0.03650573641061783, -0.028861258178949356, -0.013169960118830204, 0.04779810458421707, 0.005200257059186697, 0.007778591942042112, 0.009870764799416065, 0.010239576920866966, -0.016321631148457527, -0.021914171054959297, 0.004942087922245264, -0.027788348495960236, 0.003230462549254298, -0.0005896809743717313, -0.046591080725193024, -0.002851591445505619, -0.010132286697626114, 0.003989880904555321, 0.03835650533437729, 0.004201109986752272, -0.023992931470274925, 0.010923556983470917, 0.028646675869822502, 0.04069008305668831, -0.034735437482595444, -0.006913558579981327, -0.008670447394251823, 0.016509391367435455, -0.010856499895453453, -0.010239576920866966, 0.006796209141612053, 0.013237017206847668, -0.008771033026278019, -0.020117048174142838, 0.007959645241498947, -0.00012332168989814818, -0.021431362256407738, 0.008838089182972908, 0.0066352728754282, -0.01683126389980316, 0.011131432838737965, -0.009535480290651321, 0.025414537638425827, -0.004113936331123114, -0.0014576477697119117, 0.006169227883219719, -0.004885089583694935, -0.022544505074620247, -0.009394661523401737, 0.009099611081182957, 0.025119487196207047, 0.005310900509357452, 0.007859059609472752, 2.3391306967823766e-05, 0.017488420009613037, -0.008422337472438812, -0.015154842287302017, 0.021498417481780052, 0.017729824408888817, -0.0011282310588285327, 0.05072178319096565, 0.015718119218945503, -0.049756165593862534, 0.007020849734544754, 0.013183372095227242, -0.02381858415901661, -0.02231651172041893, 0.011460011824965477, 0.03824921324849129, -0.007054378278553486, -0.00958242081105709, -0.02022433839738369, -0.0038725316990166903, -0.02819068916141987, 0.010896733961999416, 0.008878323249518871, 0.011339309625327587, -0.00799987930804491, -0.004033468198031187, 0.0041910517029464245, 0.018789323046803474, 0.011097904294729233, 0.03929530084133148, -0.03905389457941055, -0.00931419339030981, 0.013773472048342228, 0.0009522069012746215, 0.017662767320871353, 0.027788348495960236, -0.00852962862700224, -0.02625945210456848, 0.0015280573861673474, 0.049031950533390045, -0.005086260382086039, 0.011218606494367123, -0.01276091393083334, -0.007885882630944252, 7.135265332181007e-05, -0.013947819359600544, -0.03733723983168602, 0.014792735688388348, -0.017823703587055206, -0.007631066720932722, 0.0025330716744065285, 0.015932701528072357, 0.013377836905419827, 0.004150817636400461, -0.0402609184384346, -0.008174226619303226, 0.020438920706510544, 0.010366985574364662, 0.0006458410643972456, 0.017032433301210403, -0.015128020197153091, 0.010313339531421661, -0.02835162542760372, 0.009106316603720188, -0.005934529006481171, -0.007409779354929924, -0.006155816372483969, 0.009763473644852638, 0.020640090107917786, 0.01021275483071804, -0.03194587305188179, 0.01132589764893055, 0.004123994614928961, 0.004077055025845766, -0.007718240842223167, 0.00098154426086694, -0.00991770438849926, -0.03301878273487091, 0.013310779817402363, -0.022732263430953026, 0.018024874851107597, -0.022101929411292076, 0.01078944280743599, 0.0019412951078265905, 0.024100223556160927, -0.011285663582384586, 0.007919411174952984, 0.03929530084133148, -0.027117779478430748, -0.02459644339978695, -0.03457449749112129, 0.022933434695005417, 0.03140941634774208, -0.027493298053741455, -0.013465010561048985, -0.005706535652279854, -0.00734272226691246, -0.017823703587055206, 0.01911119557917118, 0.0004383839841466397, -0.008033407852053642, 0.015879055485129356, -0.03218727558851242, 0.012727385386824608, 0.016549624502658844, -0.006494453642517328, 0.030604735016822815, -0.03414533659815788, -0.01838698238134384, 0.013062669895589352, -0.0022598151117563248, 0.0054886010475456715, 0.005696477368474007, -0.024851258844137192, 0.004251402802765369, 0.002021763240918517, 0.00482473848387599, -0.000761514063924551, 0.02605828270316124, -0.03232138976454735, 0.016643503680825233, -0.019138017669320107, -0.034789081662893295, -0.02274567447602749, -0.0040401737205684185, 0.01144659984856844, 0.01132589764893055, -0.0375249981880188, 0.026125339791178703, -0.001944647985510528, -0.010849794372916222, 0.023617414757609367, 0.023831995204091072, 0.011004025116562843, 0.002997440053150058, 0.0029505002312362194, -0.021994639188051224, -0.007684712298214436, -0.021994639188051224, 0.03435991704463959, 0.013800295069813728, 0.005253902170807123, -0.03722994774580002, -0.0032790787518024445, -0.007409779354929924, 0.02159229852259159, 0.00662186136469245, -0.0136393578723073, 0.0035338946618139744, -0.03562058508396149, 0.013625946827232838, 0.0032857845071703196, 0.012606683187186718, 0.026916610077023506, -0.009414778091013432, -0.01251950953155756, 0.021605709567666054, 0.03782004863023758, 0.0324823260307312, 0.03339429944753647, 0.011506951414048672, -0.005636126268655062, -0.0008235416607931256, -0.017863938584923744, 0.01852109469473362, 0.014242869801819324, -0.02109607681632042, 0.03398440033197403, -0.005599244963377714, 0.05109729990363121, -0.024341627955436707, 0.01939283311367035, 0.045813221484422684, 0.011272252537310123, 0.01213057991117239, 0.01681785099208355, -0.001565776881761849, 0.02950500324368477, 0.029424535110592842, -0.010943673551082611, 0.015516949817538261, 0.009689711034297943, -0.00306282052770257, -0.014524508267641068, 0.005984821822494268, 0.0094348955899477, -0.016563035547733307, 0.008838089182972908, 0.014900026842951775, 0.02211534045636654, 0.010246283374726772, -0.009387956000864506, -0.04972934350371361, 0.03339429944753647, 0.02494513988494873, 0.007751768920570612, -0.015744943171739578, 0.016254574060440063, -0.02066691406071186, -0.014725678600370884, -0.026527680456638336, -0.031919047236442566, -0.03360887989401817, -0.00536119332537055, -0.03135577216744423, 0.011802000924944878, -0.007718240842223167, 0.02381858415901661, 0.0037115952000021935, 0.01365947537124157, 0.0024743969552218914, -0.003570775967091322, -0.0009622654761187732, -0.008757621049880981, 0.018319925293326378, 0.008864912204444408, 0.007584127131849527, 0.006289930082857609, 0.03181175887584686, -0.010299928486347198, 0.028646675869822502, -0.007456718944013119, 0.03570105507969856, 0.018413804471492767, -0.018145576119422913, -0.0005796224577352405, 0.007369545288383961, 0.017810292541980743, -0.010286517441272736, 0.010615095496177673, -0.015637651085853577, -0.02980005368590355, 0.03393075242638588, -0.003698183922097087, -0.0034198982175439596, 0.048924658447504044, -0.019312364980578423, 0.0036512441001832485, -0.00676938658580184, 0.01774323545396328, -0.021029019728302956, -0.02202146127820015, -0.005656243301928043, -0.024194102734327316, 0.02055962197482586, -0.0007803738117218018, 0.016858085989952087, -0.005186845548450947, 0.01305596437305212, -0.006397221237421036, -0.011949526146054268, -0.0032807551324367523, -0.04342599958181381, -0.006658742669969797, 0.011413071304559708, 0.04584004729986191, 0.02800293080508709, 0.025267012417316437, 0.008985614404082298, 0.014014876447618008, 0.03446720913052559, -0.004804621450603008, -0.029826875776052475, -0.0038289446383714676, 0.004110583569854498, -0.01341807097196579, -0.01123201847076416, 0.012673740275204182, -0.00031349065829999745, 0.020801028236746788, 0.0030309685971587896, 0.011734944768249989, -0.012331750243902206, 0.010366985574364662, 0.01681785099208355, 0.02376493811607361, -0.020747382193803787, 0.00785235408693552, 0.022678619250655174, 0.05557669699192047, 0.023805173113942146, 0.008589979261159897, -0.013713120482861996, 0.02081443928182125, -0.028619853779673576, -0.00802670232951641, 0.03111436776816845, 0.022517681121826172, -0.0023369304835796356, 0.002175993984565139, 0.03151670843362808, 0.006906853057444096, -0.01744818687438965, 0.023831995204091072, 0.012023288756608963, -0.012325044721364975, 0.025065841153264046, 0.010782737284898758, -0.019419657066464424, 0.009723239578306675, -0.012700562365353107, -0.024569621309638023, 0.014859792776405811, 0.005522129591554403, 0.001109790406189859, -0.008563156239688396, -0.0009295752388425171, -0.017515242099761963, 0.00021217198809608817, 0.0033645762596279383, 0.021847113966941833, -0.01390758529305458, -0.010876617394387722, -0.026567913591861725, -0.0272787157446146, -0.021417949348688126, -0.011989760212600231, -0.0003966830263379961, 0.006702329497784376, 0.0021692882291972637, -0.01402828749269247, -0.018856380134820938, -0.016080226749181747, -0.014363572001457214, 0.0265947375446558, 0.014672033488750458, -0.03757864609360695, -0.017126312479376793, 0.010219460353255272, -0.015423069708049297, 0.0007673815707676113, 0.006913558579981327, -0.010045112110674381, 0.024287981912493706, 0.00979700218886137, -0.02507925219833851, 0.007108023390173912, -0.016509391367435455, 0.004013351164758205, -0.015637651085853577, -0.004895148333162069, -0.015557183884084225, 0.015691297128796577, -0.0019312365911900997, 0.011761766858398914, 0.012720679864287376, 0.010252988897264004, -0.006581627298146486, 0.012713974341750145, 0.026125339791178703, 0.0008210270316340029, 0.014940260909497738, 0.0015012347139418125, -0.008690564893186092, 0.012526215054094791, 0.001978176413103938, -0.007771885953843594, -0.027868816629052162, -0.0017535359365865588, -0.02163253165781498, 0.01920507475733757, 0.0018122106557711959, 0.007939527742564678, -0.024381861090660095, -0.012412218376994133, 0.008288223296403885, -0.019607415422797203, -0.007617655210196972, 0.0059211174957454205, 0.008623507805168629, -0.009562303312122822, 0.022785909473896027, 0.008402219973504543, 0.030846139416098595, 0.0201841052621603, -0.025253601372241974, -0.018454037606716156, 0.03379664197564125, -0.005153317004442215, 0.022826142609119415, -0.01314984355121851, -0.00720860855653882, -0.04318459704518318, -0.012532920576632023, -0.004217874258756638, -0.008046818897128105, 0.0011600831057876348, -0.009817119687795639, -0.016066815704107285, -0.012325044721364975, -0.03028286248445511, 0.004918618127703667, 0.021163133904337883, -0.000989926396869123, -0.014712267555296421, -0.003443368012085557, -0.020251160487532616, -0.001091349869966507, -0.007872471585869789, -0.02124360203742981, -0.023107782006263733, -0.012110462412238121, -0.013652769848704338, 0.02507925219833851, 0.0063100471161305904, 0.015262133441865444, 2.3888993382570334e-05, -0.0074164848774671555, -0.007651183754205704, -0.01663009263575077, -0.022973667830228806, -0.02454279735684395, -0.01417581271380186, 0.02926359884440899, 0.028137043118476868, 0.014470863156020641, -0.03725677356123924, 0.03213363140821457, -0.01935259997844696, 0.014819558709859848, 0.012117167934775352, 0.01339124795049429, -0.009957938455045223, -0.016415510326623917, 0.007865766063332558, 0.019178252667188644, -0.02489149384200573, 0.04165570065379143, -0.008496100082993507, 0.00018943553732242435, 0.013317485339939594, -0.012566449120640755, -0.008261401206254959, -0.022933434695005417, -0.043345533311367035, -0.010568155907094479, 0.00443580886349082, -0.018802734091877937, -0.010755915194749832, -0.02585711143910885, -0.004227933008223772, 0.02591075748205185, 0.010058524087071419, 0.03170446678996086, -0.004284931346774101, 0.009186784736812115, 0.005709888879209757, 0.011064376682043076, -0.024194102734327316, -0.027158014476299286, -0.014537920244038105, -0.0015456598484888673, -0.016120461747050285, -0.013880763202905655, 0.011527067981660366, 0.0036244213115423918, 0.030363330617547035, -0.008435748517513275, 0.024234335869550705, 0.019124606624245644, 0.02644721232354641, -0.02051938883960247, 0.01251950953155756, 0.03441356122493744, -0.028888080269098282, 0.018494272604584694, -0.025401124730706215, -0.014497685246169567, 0.013485128059983253, -0.008999026380479336, -0.011064376682043076, -0.007007438223809004, 0.016227751970291138, -0.0060719954781234264, -0.01992928795516491, -0.017179958522319794, -0.015154842287302017, 0.02770788036286831, 0.024127045646309853, 0.025293834507465363, 0.03642526641488075, 0.006008291617035866, -0.026272865012288094, 0.0034567792899906635, 0.01108449324965477, 0.0014677062863484025, 0.005270666442811489, 0.0015179988695308566, -0.022866377606987953, -0.02679590694606304, -0.00997135043144226, -0.000863356632180512, -0.03562058508396149, -0.012915144674479961, 0.0201841052621603, -0.0005490277544595301, 0.009850647300481796, -0.006856560241430998, 0.010849794372916222, -0.03486954793334007, 0.01648256741464138, -0.022008050233125687, 0.023858819156885147, 0.007483541965484619, -0.0028566208202391863, 0.008690564893186092, 0.012325044721364975, -0.03444038704037666, 0.0201841052621603, 0.010246283374726772, 0.0037216537166386843, -0.02196781523525715, -0.006464277859777212, 0.025307245552539825, -0.00014815367467235774, 0.008355280384421349, 0.0055958922021090984, -0.009636065922677517, 0.01803828589618206, -0.006960498634725809, -0.003627774305641651, -0.014014876447618008, -0.02090831845998764, -0.0015934378607198596, 0.030551088973879814, -0.022879788652062416, 0.012727385386824608, 0.03543282672762871, 0.011077787727117538, 0.007128140423446894, -0.020546210929751396, -0.006652037147432566, -0.0030745554249733686, -0.009320898912847042, 0.004013351164758205, 0.010313339531421661, -0.006652037147432566, 0.0030343213584274054, 0.006601744331419468, -0.007040966767817736, -0.033421121537685394, 0.011527067981660366, -0.014631799422204494, 0.0012640211498364806, -0.012599977664649487, 0.0020117047242820263, 0.008127287030220032, -0.0018742382526397705, 0.03355523571372032, 0.007845648564398289, -0.005170081276446581, -0.013558889739215374, 0.005203609820455313, -0.03948305919766426, -0.0016395393759012222, -0.0021843761205673218, -0.012687151320278645, -0.011728239245712757, 0.006088759750127792, -0.023510122671723366, -0.040475498884916306, -0.0065514519810676575, -0.010366985574364662, -0.02294684574007988, 0.01339124795049429, 0.020680325105786324, -0.00034136115573346615, 0.022061696276068687, 0.006212814711034298, -0.003257285337895155, 0.008328457362949848, 0.0074164848774671555, 0.005689771845936775, -0.024569621309638023, 0.032267745584249496, -0.019473301246762276, -0.02537430264055729, 0.015838822349905968, -0.007564010098576546, 0.018708854913711548, 0.0003478572762105614, 0.011614242568612099, -0.015423069708049297, -0.033769816160202026, -0.00016764206520747393, -0.007738357875496149, 0.0017032433534041047, -0.02318825013935566, 0.00027870494523085654, -0.013210194185376167, -0.011124727316200733, -0.012727385386824608, 0.017434773966670036, 0.021364305168390274, 0.02405998855829239, 0.020210927352309227, -0.00841563194990158, -0.00393958855420351, 0.027010489255189896, -0.004992380738258362, -0.018829556182026863, -0.009515363723039627, -0.041441116482019424, -0.026313098147511482, -0.0024324862752109766, -0.018641797825694084, 0.009991466999053955, 0.023201661184430122, 0.007040966767817736, -0.022490859031677246, -0.014363572001457214, -0.006719093769788742, -0.005656243301928043, -0.012848087586462498, -0.009005731903016567, 0.021753234788775444, -0.022343333810567856, -0.0005167566705495119, 0.05109729990363121, 0.0018658561166375875, -0.0009597507887519896, -0.025119487196207047, -0.012311632744967937, 0.01891002431511879, 0.005679713096469641, 0.012217753566801548, -0.006631920114159584, -0.038571085780858994, -0.0029488238506019115, 0.021619120612740517, 4.2932086216751486e-05, 0.03621068596839905, 0.01668373867869377, 0.007000732701271772, -0.01565106399357319, -0.0015473362291231751, -0.023201661184430122, 0.008583273738622665, 0.02376493811607361, 0.004063643515110016, -0.031865403056144714, -0.009615948423743248, 0.01954035833477974, 0.001208699308335781, -0.003381340531632304, 0.021230190992355347, -0.006041820161044598, 0.013223606161773205, -0.005337723530828953, -0.011004025116562843, -0.015557183884084225, -0.004559864290058613, -0.033528413623571396, 0.01940624602138996, -0.004885089583694935, 0.013277251273393631, 0.03650573641061783, 0.006749269552528858, 0.002036851132288575, -0.0024241041392087936, 0.015932701528072357, 0.005247196648269892, 0.0009639418567530811, 0.017823703587055206, -0.022665206342935562, 0.006652037147432566, -0.02752012200653553, 0.0025263659190386534, -0.019808586686849594, -0.021793467923998833, -0.000515918480232358, 0.00838880892843008, -0.012197636999189854, 0.008247989229857922, 0.002615216188132763, -0.03250914812088013, 0.012807853519916534, 0.012385395355522633, -0.0070275552570819855, 0.005398074630647898, 0.0063402228988707066, -0.013974642381072044, -0.022289689630270004, -0.03309924900531769, 0.006960498634725809, -0.01896367035806179, -0.02392587624490261, -0.0038021220825612545, 0.004355340730398893, 0.008952085860073566, -0.025307245552539825, 0.20868083834648132, -0.02046574279665947, 0.0046671549789607525, 0.01701902225613594, -0.022383568808436394, 0.019339188933372498, 0.015718119218945503, 0.01566447503864765, -0.016200929880142212, 0.014940260909497738, -0.0003457617713138461, -1.8610888218972832e-05, -0.010407219640910625, -0.00623293174430728, 0.008207755163311958, 0.009200196713209152, -0.05050720274448395, -0.003637832822278142, -0.03873202204704285, 0.015785176306962967, 0.024247748777270317, 0.010467570275068283, -0.011245429515838623, -0.023456478491425514, 0.02120336890220642, -0.020626679062843323, 0.020438920706510544, 0.02950500324368477, 0.003979822620749474, 0.010742503218352795, -0.009636065922677517, -0.016509391367435455, -0.024515975266695023, 0.01033345703035593, -0.0020267926156520844, -0.016549624502658844, -0.0002562828012742102, -0.00664868438616395, 0.019070960581302643, 0.01770300231873989, 0.003782005049288273, -0.0467788428068161, 0.014497685246169567, -0.02153865247964859, -0.004509571474045515, -0.0023469890002161264, 0.008382103405892849, -0.0011936115333810449, -0.014993906021118164, 0.027734702453017235, -0.020157281309366226, -0.02872714400291443, 0.021806878969073296, 0.002241374459117651, 0.025414537638425827, -0.0313289500772953, 0.030443798750638962, 0.008382103405892849, -0.013827117159962654, -0.03127530217170715, 0.011869058012962341, 0.0001104342081816867, 0.015557183884084225, -0.0012967113871127367, -0.03744453191757202, 0.00964947696775198, -0.011191784404218197, 0.00785235408693552, 0.01006522960960865, 0.008180933073163033, 0.014645210467278957, -0.0188697911798954, -0.002978999400511384, 7.260996790137142e-05, -0.01774323545396328, -0.009689711034297943, 0.020774204283952713, 0.011976349167525768, 0.0200768131762743, 0.030363330617547035, -0.018252868205308914, 0.002023439621552825, -0.0025347480550408363, -0.017139725387096405, -0.015020729042589664, -0.028378449380397797, 0.03358205780386925, -0.008335163816809654, -0.0008034245693124831, -0.016509391367435455, -0.011037553660571575, -0.0011969642946496606, -0.006192697677761316, -0.03207998722791672, 0.0060719954781234264, 0.01939283311367035, 0.006588333286345005, 0.019191663712263107, -0.008730798959732056, -0.01368629839271307, -0.020452331751585007, 0.022571327164769173, 0.004093819297850132, -0.018789323046803474, -0.02570958621799946, -0.0016554653411731124, 0.02717142552137375, -0.01720678061246872, 0.046644728630781174, -0.02455621026456356, 0.014323337934911251, -0.025012195110321045, -0.011580714024603367, 0.0026336568407714367, -0.006263107527047396, 0.0012740796664729714, 0.009133139625191689, -0.002469367580488324, 0.005217020865529776, -0.005917764734476805, 0.023604001849889755, -0.014403806068003178, 0.026165572926402092, 0.018936848267912865, -0.0016009816899895668, 0.02168617770075798, -0.027198247611522675, -0.004821385722607374, -0.02416728064417839, -0.06866618990898132, 0.0066352728754282, -0.023402832448482513, 0.013880763202905655, -0.00024769114679656923, -0.015329190529882908, 0.0059211174957454205, 0.01789076067507267, -0.025401124730706215, -0.011225312948226929, 0.004268167074769735, 0.0009974702261388302, 0.00015035398246254772, 0.004700683522969484, 0.0008415631600655615, -0.003520483383908868, -0.03057791292667389, -0.003698183922097087, -0.011547185480594635, -0.05219703167676926, 0.02129724808037281, -0.011855646967887878, 0.016267985105514526, 0.004657096695154905, 0.0032086691353470087, 0.034976840019226074, -0.011882469058036804, -0.032696906477212906, -0.05675689876079559, 0.01579858735203743, 0.004962204955518246, -0.02605828270316124, -0.008174226619303226, 0.03366252779960632, -0.01312302052974701, -0.02435503900051117, -0.001716654747724533, -0.16855403780937195, 0.011124727316200733, 0.01964765042066574, -0.019808586686849594, 0.0003317217342555523, 0.028271157294511795, 0.029826875776052475, -0.004217874258756638, 0.004747623112052679, -0.008831383660435677, 0.013947819359600544, 0.017810292541980743, -0.03870519995689392, 0.010796149261295795, 0.004740917589515448, -0.008221167139708996, -0.002512954641133547, 0.0026940079405903816, 0.03835650533437729, 0.006430749781429768, 0.01356559619307518, -0.029478181153535843, 0.0021206720266491175, -0.013672886416316032, -0.00495885219424963, 0.023496711626648903, 0.014497685246169567, 0.0136393578723073, 0.0027292128652334213, 0.005947940517216921, -0.009998172521591187, -0.002113966504111886, 0.019848819822072983, -0.015785176306962967, -0.016563035547733307, 0.008328457362949848, -0.008261401206254959, -0.0036009515170007944, 0.006618508603423834, -0.005787004251033068, 0.009743357077240944, 0.012291516177356243, -0.01968788355588913, -0.0006709873559884727, -0.009810413233935833, 0.03435991704463959, 0.061477698385715485, 0.0028348274063318968, 0.02202146127820015, 0.01827969029545784, 0.009864059276878834, -0.0416288785636425, 0.008885029703378677, 0.004097172059118748, 0.003969763871282339, 0.03170446678996086, -0.013646064326167107, -0.01955377124249935, -0.023174839094281197, 1.904309101519175e-05, -0.015128020197153091, -0.03937576711177826, 0.007094612345099449, 0.004087113309651613, -0.014470863156020641, 0.007939527742564678, 0.005988174583762884, 0.020103637129068375, -0.008234578184783459, 0.028753966093063354, -0.003493660595268011, 0.014551331289112568, -0.003450073767453432, -0.012895027175545692, 0.008475982584059238, -0.009468424133956432, -0.016026580706238747, 0.00016638475062791258, 0.01213057991117239, -0.008315046317875385, 0.011460011824965477, 0.04516947641968727, -0.0012656975304707885, 0.01838698238134384, -0.01920507475733757, -0.00012908439384773374, 0.029585471376776695, -0.016710560768842697, -0.004727506078779697, -0.025414537638425827, 0.02353694662451744, -0.017568888142704964, -0.006524628959596157, -0.00964947696775198, 0.022772498428821564, 0.020921729505062103, 0.014189224690198898, 0.0032120218966156244, 0.021176544949412346, -0.009750062599778175, 0.003052762011066079, -0.002598451916128397, -0.017957817763090134, 0.03462814539670944, -0.005170081276446581, -0.007564010098576546, 0.004087113309651613, -0.014135578647255898, 0.0517142228782177, -0.011433188803493977, -0.019231896847486496, 0.021659353747963905, 0.003012527944520116, 0.02640697732567787, -0.006584980059415102, 0.020264573395252228, -0.0004188955936115235, 0.0003610590938478708, 0.019325777888298035, 0.004415691830217838, 0.04594733566045761, -0.002219580812379718, 0.011118021793663502, 0.001183553016744554, 0.010051818564534187, -0.011996465735137463, -0.10337480157613754, -0.014672033488750458, 0.03655938059091568, -0.0043855165131390095, -0.017756646499037743, 0.016375277191400528, -0.010849794372916222, 0.015503537841141224, -0.03283102065324783, 0.011037553660571575, -0.01891002431511879, -0.02085467241704464, -0.006615155842155218, -0.0001838823955040425, 0.02431480586528778, 0.014832969754934311, -0.014081933535635471, -0.024636678397655487, -0.027868816629052162, 0.0285930298268795, -0.012016583234071732, -0.004848208278417587, 0.023469889536499977, -0.01929895393550396, -0.03165082260966301, -0.009522069245576859, -0.027238482609391212, 0.018990492448210716, 0.019030727446079254, 0.009790296666324139, -0.0061021712608635426, -0.013082786463201046, -0.017756646499037743, -0.021940993145108223, -0.027158014476299286, -0.03296513482928276, -0.0325896181166172, -0.015812000259757042, 0.00664868438616395, -0.040529146790504456, 0.02159229852259159, -0.0019982934463769197, 0.008281517773866653, -0.020747382193803787, 0.005458425730466843, 0.0013419747119769454, 0.010407219640910625, 0.032750554382801056, 0.013746649026870728, -0.0029605587478727102, -0.034547675400972366, 0.01305596437305212, -0.016200929880142212, -0.05276031047105789, 0.023349186405539513, 0.008677152916789055, -0.00572329992428422, 0.0019228544551879168, -0.0043855165131390095, 0.017233604565262794, -0.020774204283952713, -0.020143870264291763, -0.016321631148457527, 0.013552184216678143, 0.019419657066464424, -0.0008260562899522483, -0.020801028236746788, -0.005981469061225653, -0.015879055485129356, -0.010682152584195137, 0.0013009024551138282, 0.01429651491343975, -0.03516459837555885, 0.0008532981155440211, -0.026849552989006042, -0.003560717450454831, 0.007450013421475887, -0.03417215868830681, 0.0036177157890051603, -0.012204342521727085, -0.010219460353255272, -0.00458333408460021, -0.03543282672762871, 0.004864972550421953, -0.0008252180414274335, 0.025508416816592216, 0.003912765998393297, -0.01862838678061962, -0.0016814499394968152, -0.015154842287302017, -0.002367106033489108, -0.0033964281901717186, 0.014618388377130032, -0.008127287030220032, 0.006001586094498634, -0.0036646556109189987, -0.019245309755206108, -0.01925872080028057, -0.022718852385878563, -0.024757379665970802, -0.022839555516839027, -0.015865644440054893, -0.04787857457995415, 0.010802854783833027, -0.02776152640581131, -0.023322364315390587, -0.02532065659761429, -0.015812000259757042, -0.007517070043832064, -0.005770239979028702, -7.989192090462893e-05, 0.02542794868350029, -0.016603270545601845, 0.026085104793310165, -0.028888080269098282, 0.00038809137186035514, -0.004730858840048313, 0.015503537841141224, 0.01339124795049429, 0.004006645176559687, 0.011332603171467781, -0.037417709827423096, -0.01720678061246872, -0.02907584048807621, -0.0007384633063338697, 0.03393075242638588, -0.014001465402543545, 0.009227018803358078, -0.011701416224241257, -0.0023151368368417025, 0.0007468453841283917, -0.0016403775662183762, 0.028217513114213943, -0.022088518366217613, 0.0073561337776482105, -0.007456718944013119, 0.013599123805761337, -0.022638384252786636, 0.0019161488162353635, 0.026728849858045578, 0.016254574060440063, 0.004482748918235302, 0.007490247488021851, -0.023054135963320732, 0.016227751970291138, -0.017126312479376793, 0.003849061904475093, -0.013947819359600544, -0.030229216441512108, 0.008610096760094166, -0.010447453707456589, -0.005129847209900618, 0.058902714401483536, 0.009542186744511127, -0.031677644699811935, -0.004415691830217838, 0.004807974211871624, -0.022008050233125687, 0.0009698093635961413, -0.0031667586881667376, 0.02431480586528778, -0.004834797233343124, 0.0597073957324028, -0.018534505739808083, -0.006688918452709913, -0.006980615667998791, 0.013096198439598083, 0.00140400230884552, -0.00916666816920042, 0.013377836905419827, 0.014725678600370884, -0.015221899375319481, 0.019701294600963593, -0.006786150857806206, 0.006568216253072023, 0.02552182786166668, 0.013404658995568752, 0.04862961173057556, 0.008053524419665337, -0.012928555719554424, 0.010977202095091343, 0.010192637331783772, 0.002621921943500638, -0.01988905481994152, -0.03859790787100792, 0.00787917710840702, 0.007718240842223167, 0.013746649026870728, -0.004043526481837034, 0.01827969029545784, 0.010896733961999416, 0.017783470451831818, -0.01939283311367035, 0.030202394351363182, -0.0050124977715313435, 0.0017870643641799688, 0.004854914266616106, 0.0026386859826743603, 0.0036847726441919804, -0.008060230873525143, -0.006477689370512962, 0.03135577216744423, 0.0055791279301047325, 0.0017367717809975147, -0.02635333314538002, -0.015476715750992298, -0.035754699259996414, 0.008274812251329422, -0.04028774052858353, -0.02337600849568844, 0.03250914812088013, 0.029102662578225136, -0.002207845915108919, -0.016066815704107285, 0.01877591200172901, 0.01633504219353199, 0.0024676911998540163, -0.004006645176559687, -0.022209221497178078, -0.02246403694152832, -0.007376250810921192, 0.018011463806033134, -0.0052337851375341415, -0.0008641948224976659, 0.03344794362783432, 0.0027359183877706528, 0.034198980778455734, 0.021122900769114494, -0.00931419339030981, -0.0018122106557711959, 0.008730798959732056, 0.023067548871040344, 0.0017149783670902252, 0.004750975873321295, 0.01950012519955635, -0.004720800556242466, -0.026608148589730263, -0.01789076067507267, -0.0039496468380093575, -0.007282371167093515, -0.0066352728754282, 0.07188491523265839, 0.0067291525192558765, 0.005331017542630434, 0.006135699339210987, -0.01955377124249935, 0.01852109469473362, 0.006715741008520126, 0.00022946007084101439, -0.019473301246762276, -0.008435748517513275, 0.001285814680159092, -0.005032614804804325, -0.0175018310546875, -0.02974640764296055, 0.007939527742564678, -0.023496711626648903, 0.00012384557339828461, 0.001336107263341546, 0.012727385386824608, -0.0006483556935563684, 0.005837296601384878, 0.018319925293326378, 0.015825411304831505, 0.01954035833477974, 0.0015297338832169771, 0.007322605233639479, -0.008965497836470604, -0.010621801018714905, 0.013719826936721802, -0.016563035547733307, 0.0039060600101947784, 0.003570775967091322, -0.0337429940700531, -0.009253841824829578, 0.012807853519916534, -0.0017904172418639064, -0.01605340465903282, -0.017863938584923744, 0.025414537638425827, 0.03202633932232857, 0.01731407269835472, 0.02313460409641266, -0.026286276057362556, 0.013625946827232838, -0.022450625896453857, -0.024609854444861412, 0.010206049308180809, -0.01480614673346281, -0.014940260909497738]"
7220,"How to achieve MongoDB aggregation ""switch"" with java<p>I need to find a way to achieve aggregation switch with Java.</p>

<p>I query MongoDB with aggregation switch successfully, but I don't know how to achieve it in Java with <code>BasicDBObject</code> class, not java-driver. Is there any way tell me the development doc or  the way to achieve it .</p>

<pre class=""lang-js prettyprint-override""><code>db.collection.aggregate([{
    $project:{
        comment:1,
        sort: {
            $switch: {
                branches: [{case: {$eq: [""$checkStatus"", 0]},then: 1},
                    {case: {$eq: [""$checkStatus"", 1]},then: 3},
                    {case: {$eq: [""$checkStatus"", 2]},then: 2}]
            }}}},
    {$sort: {sort:1}}
])
</code></pre>
",How to do trace logging?,"Embed Field: How to achieve MongoDB aggregation ""switch"" with java<p>I need to find a way to achieve aggregation switch with Java.</p>

<p>I query MongoDB with aggregation switch successfully, but I don't know how to achieve it in Java with <code>BasicDBObject</code> class, not java-driver. Is there any way tell me the development doc or  the way to achieve it .</p>

<pre class=""lang-js prettyprint-override""><code>db.collection.aggregate([{
    $project:{
        comment:1,
        sort: {
            $switch: {
                branches: [{case: {$eq: [""$checkStatus"", 0]},then: 1},
                    {case: {$eq: [""$checkStatus"", 1]},then: 3},
                    {case: {$eq: [""$checkStatus"", 2]},then: 2}]
            }}}},
    {$sort: {sort:1}}
])
</code></pre>; Answer: How to do trace logging?","[-0.015784643590450287, 0.014217275194823742, 0.016852673143148422, -0.013107634149491787, -0.009112926200032234, 0.020375782623887062, -0.011928640305995941, -0.023690834641456604, -0.01592334732413292, -0.0042409091256558895, 0.012434914708137512, 0.0170191191136837, 0.0024082676973193884, -0.01671396754682064, 0.0013237670063972473, 0.014813707210123539, 0.006838162429630756, 0.00013848839444108307, -0.018253594636917114, 0.00419929763302207, -0.01736588217318058, 0.027949081733822823, -0.004296391271054745, -0.003403476905077696, -0.027713283896446228, 0.0008799105999059975, 0.02675621770322323, -0.012913446873426437, -0.011124150827527046, 0.03376082703471184, 0.026575900614261627, 0.01640881597995758, -0.025604965165257454, -0.0045738015323877335, 0.0022816993296146393, -0.015202081762254238, 0.012192180380225182, -0.005440708249807358, 0.02337181381881237, -0.012559749186038971, 0.04369211196899414, 0.008585846982896328, -0.02241474762558937, -0.015202081762254238, -0.006370032671838999, 0.0250640157610178, 0.014397591352462769, -0.014744354411959648, -0.01464726123958826, -0.005336679518222809, -0.0009206552640534937, 0.008800840005278587, -0.0470765195786953, 0.003481498686596751, -0.009140667505562305, -0.015590455383062363, 0.05570397898554802, 0.009022768586874008, -0.006924853194504976, -0.0032769085373729467, 0.003842131933197379, 0.00866213534027338, -0.033538900315761566, 0.0025122964289039373, -0.037755534052848816, 0.003458959050476551, -0.0008799105999059975, -0.0008422001847065985, -0.011082539334893227, -0.0006917918217368424, 0.032956335693597794, 0.015382397919893265, -0.009681617841124535, 0.010846740566194057, 0.03556399419903755, -0.0005764931556768715, -0.013475202955305576, 0.009806452319025993, 0.01710234209895134, 0.0086135882884264, -0.00211005168966949, -0.01584012433886528, -0.01610366441309452, 0.03281763195991516, 0.0018881234573200345, 0.023857280611991882, 0.008121185004711151, 0.0405573770403862, 0.0168388020247221, -0.006383903324604034, -0.0023510518949478865, 0.016075924038887024, 0.04860227555036545, 0.008814710192382336, 0.005697312764823437, 0.031042207032442093, -0.00992435123771429, 0.014369850978255272, -0.0138635765761137, -0.013849706389009953, -0.026256879791617393, -0.0061272988095879555, -0.0035785920917987823, -0.0020753752905875444, -0.020833509042859077, -0.022220561280846596, 0.020209336653351784, -9.893576498143375e-05, -0.00027719352510757744, -0.003523110179230571, -0.02628462016582489, 0.032928597182035446, 0.0019141306402161717, -0.02514723874628544, -0.006082219537347555, 0.0008287631208077073, 0.007753616198897362, -0.03642396628856659, -0.02294182777404785, -0.007268148474395275, 0.010846740566194057, -0.002214080421254039, 0.020126113668084145, -0.02803230471909046, 0.00531934155151248, 0.016866542398929596, -0.006897112354636192, 0.0061272988095879555, -0.0017251449171453714, -0.021776704117655754, 0.029710637405514717, 0.019682256504893303, 9.048342326423153e-05, 0.019682256504893303, -0.019515810534358025, -0.004712506663054228, -0.0037103621289134026, 0.0031971530988812447, -0.016297852620482445, -0.011713647283613682, 0.02854551374912262, 0.01464726123958826, 0.01281635370105505, -0.040751565247774124, -0.01958516240119934, 0.024009857326745987, 0.010964639484882355, 0.011027057655155659, -0.012150568887591362, 0.0014702742919325829, 0.0016922025242820382, -0.009119861759245396, 0.007767486851662397, 0.0024672173894941807, 0.004140347708016634, 0.001387918135151267, 0.024689512327313423, 0.016256241127848625, 0.00027090843650512397, -0.007025414612144232, 0.023774057626724243, 0.015729160979390144, -0.012927317060530186, 0.01936323568224907, -0.014328239485621452, 0.04599461704492569, -0.005156362894922495, -0.03265118598937988, 0.0010203495621681213, -0.015729160979390144, 0.0160620529204607, 0.02306666225194931, -0.0340382382273674, 0.025077886879444122, 0.017157822847366333, -0.016422687098383904, -0.008481818251311779, 0.022664416581392288, -0.019252270460128784, -0.013496008701622486, 0.021748963743448257, 0.01211589202284813, 0.01848939247429371, 0.026118174195289612, -0.0121436333283782, -0.048768721520900726, -0.024564677849411964, -0.016519779339432716, 0.0011694575659930706, 0.02044513449072838, 0.008620522916316986, 0.02231765352189541, -0.002290368312969804, 0.014966282993555069, -0.5850027203559875, -0.0006670849397778511, -0.019044212996959686, -0.03426016494631767, 0.023441165685653687, -0.004303326364606619, 0.007275083567947149, 0.015895606949925423, -0.014855318702757359, 0.01401615235954523, -0.013502943329513073, 0.0039184195920825005, 0.005936579313129187, -0.006758407223969698, 0.0032543689012527466, -0.0143421096727252, 0.008405530825257301, -0.024911440908908844, -0.011928640305995941, -0.005003787111490965, -0.042499247938394547, 0.026881052181124687, -0.019557422026991844, 0.010409819893538952, -0.00792006216943264, -0.01853100396692753, 0.01277474220842123, 0.01037514302879572, 0.006869371049106121, 0.03880969434976578, -0.03145832195878029, -0.01009773276746273, 0.022206690162420273, -0.008495688438415527, 0.056508466601371765, -0.005960852839052677, -0.030265457928180695, -0.00017663231119513512, -0.0068277595564723015, 0.0501280315220356, 0.002316375495865941, -0.013225533068180084, 0.017573939636349678, -0.0208473801612854, -0.029100334271788597, 0.011297532357275486, 0.03198540210723877, 0.0047714561223983765, 0.025216590613126755, -0.028795182704925537, 0.0022522243671119213, 0.015937218442559242, -0.021957021206617355, 0.023122144863009453, 0.004622348118573427, 0.01631172187626362, 0.013218598440289497, -0.015867866575717926, 0.007864580489695072, -0.020778028294444084, -0.007788292597979307, -0.0018638500478118658, 0.003661815309897065, -0.0021204545628279448, -0.034787245094776154, 0.007642652373760939, -2.5384120817761868e-05, -0.0005032395129092038, 0.026617513969540596, -0.0005877629737369716, -0.006529543548822403, 0.006432449910789728, -0.002895469544455409, 0.007448465097695589, 0.04363663122057915, 0.001206734566949308, 0.015160470269620419, -0.016783319413661957, -0.022567324340343475, 0.01025030855089426, 0.005957385059446096, -0.015174340456724167, -0.027990693226456642, -0.0160620529204607, 0.01048610731959343, 0.0040883333422243595, -0.019987408071756363, -0.03384405001997948, 0.01997353695333004, 0.0031173976603895426, 0.008932610042393208, 0.025702059268951416, -0.00027307571144774556, 0.004455902148038149, -0.0013896519085392356, 0.027227815240621567, 0.022165078669786453, -0.005066204816102982, 0.011706712655723095, -0.019182918593287468, -0.0424715094268322, -0.026076562702655792, -0.02475886419415474, 0.018822284415364265, 0.022345395758748055, 0.0002893302298616618, -0.002200210001319647, 0.0038109233137220144, 0.02249797061085701, -0.04003029689192772, -0.012351690791547298, -0.026145916432142258, -0.006598896346986294, -0.009681617841124535, 0.003987772390246391, -0.03764456883072853, 0.018739061430096626, -0.007517817430198193, -0.004660492297261953, 0.002156864618882537, 0.005489255301654339, 0.02510562725365162, 0.03536980599164963, -0.011075603775680065, -0.005371355917304754, 0.03315052390098572, 0.01915517821907997, -0.005860291421413422, 0.020431265234947205, -0.006609299220144749, -0.0024221381172537804, -0.011262856423854828, -0.00024728523567318916, -0.008169732056558132, 0.0121436333283782, -0.0027376923244446516, 0.027033628895878792, 0.0012093352852389216, -0.011463978327810764, 0.0015040836296975613, 0.00265967077575624, 0.011006251908838749, 0.033538900315761566, -0.037533607333898544, 0.011332208290696144, -0.03159702569246292, -0.04810293763875961, 0.019127435982227325, -0.006054478697478771, 0.0013419720344245434, 0.004750650376081467, -0.006730665918439627, -0.005087010562419891, 0.006910982541739941, -0.02493918128311634, -0.006165442522615194, -0.006328421179205179, -0.024204043671488762, 0.011963317170739174, -0.030404163524508476, -0.015479492023587227, 0.01418953388929367, -0.028822924941778183, 0.005537801887840033, -0.017116211354732513, -0.03647944703698158, -0.003582059871405363, 0.003987772390246391, -0.015160470269620419, -0.023774057626724243, -0.021790575236082077, -0.007996350526809692, -0.006803486496210098, 0.0015300909290090203, -0.016159147024154663, 0.009348724968731403, -0.02005675993859768, -0.015229822136461735, 0.009119861759245396, 0.0030913904774934053, 0.009251631796360016, 0.0170191191136837, 0.007705069612711668, -0.017157822847366333, 0.02215120755136013, 0.0016852671978995204, 0.008197472430765629, 0.019612904638051987, 0.004261714871972799, 0.047631338238716125, -0.004209700506180525, 0.009473559446632862, -0.011248985305428505, 0.005572478286921978, -0.007933933287858963, 0.006435917690396309, 0.0348149873316288, 0.009570653550326824, 0.01975161023437977, 0.014286627992987633, 0.04782552644610405, 0.03467627987265587, 0.01584012433886528, 0.002833052072674036, 0.012330885045230389, -0.014355979859828949, -0.003403476905077696, 0.009799516759812832, 0.035314325243234634, 0.030570609495043755, 0.010798193514347076, -0.0168388020247221, 0.004254779778420925, -0.0021048502530902624, 0.0006415111711248755, 0.04585591331124306, -0.01993192546069622, 0.017657162621617317, 0.016963636502623558, 0.019612904638051987, -0.00134110520593822, 0.01453629694879055, 0.03192991763353348, 0.005735456943511963, -0.00866213534027338, -0.002569512464106083, -0.004903226159512997, 0.028739701956510544, 0.005586348939687014, -0.00501418998464942, 0.004494045861065388, -0.0003428617201279849, -0.006713327951729298, -0.0038906787522137165, 0.029405485838651657, 0.0023250447120517492, 0.019307753071188927, -0.0036687504034489393, 0.01579851284623146, -0.02166574075818062, -0.00859278254210949, 0.027519095689058304, 0.02237313613295555, -0.020597711205482483, 0.03678459674119949, -0.003020304022356868, 0.03933677449822426, 0.024564677849411964, 0.006758407223969698, 0.021527035161852837, -0.02145768329501152, -0.002895469544455409, -0.01814262941479683, 0.008738422766327858, 0.018641969189047813, 0.004168089013546705, -0.008599717170000076, 0.03323374688625336, -0.00833617802709341, 0.030265457928180695, 0.017518457025289536, 0.005215312819927931, 0.022012503817677498, 0.0009327919688075781, 9.29215966607444e-05, 0.01468887273222208, -0.01222685631364584, 0.02176283299922943, -0.003086189040914178, -0.008350048214197159, 0.03029319830238819, -0.020833509042859077, -0.0021846056915819645, -0.04796423017978668, 0.0024221381172537804, 0.0003476297133602202, 0.004320664796978235, 0.0016592600150033832, 0.004625815898180008, -0.00047896613250486553, -0.014980153180658817, -0.008481818251311779, 0.004018981009721756, 0.010340467095375061, -0.004605010151863098, -0.008807775564491749, 0.0034000093583017588, -0.003439886961132288, -0.019793221727013588, 0.0010740978177636862, -0.024439843371510506, 0.004119541961699724, -0.0048650819808244705, -0.0012674180325120687, -0.0024412102065980434, 0.03758908808231354, 0.019474199041724205, -0.008218278177082539, 0.002671807538717985, 0.016117535531520844, 0.019474199041724205, 0.009258567355573177, -0.007455400191247463, -0.03323374688625336, 0.04216635599732399, -0.008821645751595497, -0.024647900834679604, -0.055898163467645645, -0.0010420222533866763, -0.017615551128983498, -0.021998632699251175, -0.006858968175947666, -0.010860610753297806, -0.0031278005335479975, 0.0030497789848595858, 0.012885705567896366, 0.00736524211242795, 0.002186339581385255, 0.025813022628426552, 0.013953735120594501, -0.018045537173748016, -0.023898892104625702, -0.01632559299468994, 0.013946800492703915, 0.01622849889099598, 0.013981476426124573, -0.000516676576808095, 0.00213259132578969, -0.01199105754494667, 0.015604326501488686, -0.002576447557657957, -0.018739061430096626, 0.019876444712281227, -0.008329242467880249, -0.014522426761686802, -0.008481818251311779, 0.01272619515657425, -0.019557422026991844, 0.007968609221279621, 0.007746681105345488, 0.006699457298964262, -0.002898937091231346, 0.0040605925023555756, -0.016117535531520844, -0.01596495881676674, -0.018198112025856972, 0.01007692702114582, 0.02253958210349083, 0.005915773566812277, 0.03323374688625336, 0.01901647262275219, -0.018919378519058228, 0.02231765352189541, -0.019682256504893303, 0.0014156592078506947, 0.005662636831402779, 0.04582817107439041, 0.013808094896376133, -0.005374823696911335, 0.07173828780651093, 0.0028174477629363537, 0.02471725270152092, -0.00257298001088202, 0.0028053109999746084, -0.013509878888726234, 0.02044513449072838, -0.006591960787773132, 0.00202336092479527, 0.030043529346585274, -0.011255920864641666, -0.01997353695333004, -0.0010021445341408253, -0.004684765357524157, 0.027574578300118446, 0.003963498864322901, -0.019474199041724205, -0.02263667620718479, -0.005659169051796198, 0.007261213380843401, 0.009334854781627655, -0.011810741387307644, -0.010194826871156693, 0.004105671774595976, -0.030570609495043755, -0.02231765352189541, -0.002309440402314067, 0.040973491966724396, -0.012518137693405151, -0.007732810452580452, -0.027047498151659966, -0.013475202955305576, -0.017379751428961754, -0.003493635216727853, -0.005693845450878143, -0.027394261211156845, -0.0317634716629982, -0.028711959719657898, 0.014508555643260479, 0.04765908047556877, 0.027255557477474213, 0.00639777397736907, 0.006820824462920427, -0.004053657408803701, -0.02693653479218483, -0.014994023367762566, -0.028143269941210747, 0.0013671123888343573, 0.0018482457380741835, 0.005846420768648386, -0.009501300752162933, -0.003571656998246908, -0.003602865617722273, -0.010111603885889053, 0.042499247938394547, 0.00415768614038825, 0.007809098344296217, 0.015632066875696182, -0.0026249943766742945, 0.00265967077575624, -0.002586850430816412, -0.007288954220712185, 0.022484099492430687, 0.012323950417339802, -0.005322808865457773, 0.018156500533223152, -0.014605649746954441, -0.0011945979204028845, -0.02567431889474392, -0.003675685729831457, 0.008280695416033268, -0.0023302461486309767, 0.011484784074127674, -0.0432482585310936, -0.010860610753297806, 0.00789925642311573, -0.02738039195537567, 0.031347356736660004, 0.009445819072425365, 0.053678881376981735, 0.010895287618041039, 0.010624811984598637, 0.010992380790412426, -0.001380982925184071, 0.004500981420278549, 0.03498143330216408, -0.0026908793952316046, 0.032179590314626694, 0.011512525379657745, -0.035841405391693115, 0.013620843179523945, -0.012587489560246468, -0.030265457928180695, 0.0030705847311764956, -0.0121436333283782, 0.0014746087836101651, 0.026783959940075874, -0.0031382034067064524, -0.013891317881643772, -0.016353333368897438, -0.015895606949925423, 0.005152895115315914, -0.0041472832672297955, 0.004736779723316431, 0.0013844504719600081, -0.002808778779581189, -0.032789889723062515, -0.0058984351344406605, -0.011526395566761494, -0.004039786756038666, -0.020126113668084145, -0.010451431386172771, 0.02475886419415474, -0.020514488220214844, 0.01893324963748455, -0.016894284635782242, -0.022816993296146393, 0.014702742919325829, -0.013093763962388039, -0.022955697029829025, -0.04130638390779495, -0.0038386641535907984, -0.009307113476097584, 0.0436088889837265, 0.014994023367762566, 0.0252443328499794, -0.01270538941025734, 0.0208473801612854, 0.004272117745131254, -0.013017475605010986, 0.010284984484314919, 0.0011096409289166331, -0.00042044991278089583, 0.0005478852544911206, -0.012199115939438343, 0.020999955013394356, -0.015049505978822708, 0.013107634149491787, 0.018572615459561348, 0.026173656806349754, 0.03145832195878029, -0.031569287180900574, -0.0006809554761275649, -0.012691518291831017, -0.04172250255942345, 0.012525072321295738, 0.035231102257966995, 0.00023731579130981117, -0.0010073459707200527, -0.050460923463106155, -0.0009414610103704035, 0.005784003529697657, 0.005752794910222292, 0.018392298370599747, -0.01272619515657425, 0.008190537802875042, -0.008565041236579418, -0.00396003108471632, -0.00701847905293107, -0.0006722863763570786, 0.005901902914047241, -0.00848875381052494, -0.01181767601519823, 0.002482821699231863, 0.008849387057125568, 0.01479983702301979, 0.02062545157968998, -0.012691518291831017, -0.01706073060631752, 0.005801341962069273, 0.03434338793158531, -0.021471552550792694, -0.01853100396692753, 0.01423114538192749, -0.0020545695442706347, -0.016131406649947166, -0.017462974414229393, -0.0077744219452142715, -0.017213305458426476, 0.0256327074021101, 0.02154090628027916, 0.008121185004711151, 0.01020869705826044, -0.002305972622707486, -0.017740385606884956, 0.008953415788710117, -0.025868505239486694, 0.04868549853563309, 0.0003781881823670119, 0.01048610731959343, 0.020528357475996017, -0.01053465437144041, -0.030570609495043755, -0.02803230471909046, 0.014966282993555069, 0.00030796873033978045, 0.025299813598394394, 0.04768682271242142, -0.005225715693086386, -0.0170191191136837, -0.006044075824320316, 0.002139526419341564, 0.021748963743448257, 0.004598074592649937, 0.016519779339432716, 0.0044385637156665325, -0.024883698672056198, -0.010389014147222042, 0.017865220084786415, -0.003706894349306822, 0.0241069495677948, 0.0026579368859529495, 0.006637040060013533, -0.0147304842248559, -0.0005227449582889676, -0.0286842193454504, 0.016894284635782242, -0.014508555643260479, 0.040751565247774124, 0.016686227172613144, -0.017851348966360092, -0.03345567733049393, -0.012955058366060257, -0.005839485675096512, 0.015576585195958614, -0.013808094896376133, 0.01980709098279476, -0.022303784266114235, 0.01783747784793377, 0.017990054562687874, 0.0074831414967775345, -0.027144592255353928, -0.01779586635529995, 0.003249167464673519, 0.03442661091685295, -0.022567324340343475, 0.005908838007599115, -0.0030983255710452795, 0.017074599862098694, 0.010167085565626621, 0.0004889355623163283, -0.02615978568792343, -0.03234603628516197, 0.006380435544997454, 0.00708436407148838, 0.03989159315824509, 0.030487386509776115, 0.003282109973952174, 0.0009657344198785722, -0.0011521194828674197, 0.028795182704925537, -0.030182234942913055, -0.006720263045281172, -0.011401561088860035, -0.018087148666381836, -0.019349364563822746, -0.012344756163656712, 0.015174340456724167, 0.011616554111242294, -0.0008183602476492524, 0.00613423390313983, 0.033261489123106, 0.02302505075931549, -0.010784323327243328, -0.004289455711841583, 0.04000255838036537, -0.014702742919325829, -0.00723347207531333, 0.003845599479973316, -0.023704705759882927, -0.017906831577420235, 0.01818424090743065, -0.029183557257056236, -0.0058533563278615475, -0.036007851362228394, -0.004684765357524157, 0.017157822847366333, 0.0070739611983299255, -0.012129763141274452, -0.01431436836719513, 0.008169732056558132, 0.014855318702757359, 0.009542912244796753, -0.01592334732413292, 0.0025383038446307182, -0.0340382382273674, 0.017851348966360092, 0.014050829224288464, -0.0053678881376981735, -0.017851348966360092, -0.036923304200172424, 0.027144592255353928, -0.009889675304293633, -0.040585119277238846, -0.027643930166959763, -0.006560752168297768, 0.024425972253084183, -0.023274719715118408, -0.005288132932037115, -0.026562031358480453, -0.015243693254888058, -0.03265118598937988, 0.017338139936327934, -0.019682256504893303, 0.0012622165959328413, 0.015368527732789516, 0.01584012433886528, 0.006966464687138796, 0.008058767765760422, -0.011907834559679031, -0.03384405001997948, -0.0075871702283620834, -0.045550763607025146, -0.02824036218225956, -0.002099648816511035, -0.025480130687355995, 0.010978510603308678, 0.013648584485054016, 0.011068669147789478, -0.02406533807516098, -0.024606289342045784, -0.056813620030879974, -0.02463402971625328, -0.0014434001641348004, 0.00043150296551175416, 0.03376082703471184, 0.016464298591017723, -0.0017684902995824814, 0.03151380270719528, 0.013225533068180084, 0.023857280611991882, 0.0018673177110031247, 0.005645298399031162, -0.004230506252497435, -0.01970999874174595, 0.012212986126542091, -0.027907470241189003, -0.034398868680000305, -0.0024654834996908903, 0.008655199781060219, -0.027227815240621567, 0.019307753071188927, 0.013662454672157764, -0.018253594636917114, -0.016034312546253204, 0.004369211383163929, -0.023552129045128822, 0.007566364482045174, -0.008606652729213238, 0.02854551374912262, -0.03498143330216408, -0.009660812094807625, 0.0103335315361619, -0.02363535203039646, -0.002548706717789173, 0.011165762320160866, -0.005846420768648386, -0.009085185825824738, 0.01044449582695961, -0.05032221972942352, -0.019723867997527122, -0.0016748643247410655, -0.029350003227591515, 0.011997993104159832, 0.03229055181145668, 0.008169732056558132, 0.03919806703925133, -0.0014087238814681768, 0.022400876507163048, -0.007601040881127119, 0.008974221535027027, -0.028212621808052063, 0.0037901175674051046, 0.00626600394025445, -0.018045537173748016, 0.006581557914614677, -0.009022768586874008, -0.0034086783416569233, -0.0022487568203359842, -0.007594105321913958, 0.0020649724174290895, -0.005763197783380747, -0.04591139405965805, 0.008710681460797787, -0.020167725160717964, -0.027186203747987747, -0.018725192174315453, 0.005555140320211649, -0.02271989919245243, -0.009251631796360016, -0.020042890682816505, -0.0022054114378988743, -0.0034762972500175238, 0.012212986126542091, -0.00046249490696936846, 0.013919059187173843, -0.019529681652784348, 0.01070803590118885, 0.028434550389647484, -0.009868869557976723, -0.01958516240119934, 0.2394605278968811, 0.013093763962388039, 0.005302003119140863, 0.019918056204915047, 0.012656842358410358, 0.028961630538105965, 0.009868869557976723, -0.005849888548254967, -0.016686227172613144, 0.013204727321863174, -0.01240023784339428, 0.0054268380627036095, -0.03328922763466835, 0.0020285623613744974, -0.01055546011775732, -0.03728393837809563, -0.03772779181599617, -0.03456531837582588, -0.02145768329501152, -0.02781037800014019, 0.037450384348630905, 0.01044449582695961, -0.022054115310311317, -0.019460327923297882, 0.026437196880578995, -0.01632559299468994, 0.03947547823190689, 0.011755258776247501, 0.011172697879374027, 0.010916093364357948, -0.03803294524550438, -0.0035335130523890257, -0.000516676576808095, -0.010583200491964817, 0.0021412603091448545, -0.01936323568224907, 0.034398868680000305, -0.0241069495677948, -0.0031503401696681976, 0.01222685631364584, 0.0038213261868804693, -0.01571528986096382, 0.00846794806420803, -0.030931241810321808, 0.005357485264539719, -0.0038005204405635595, -0.01029192004352808, -0.017157822847366333, 0.005478852428495884, 0.022303784266114235, -0.017906831577420235, -0.008426336571574211, 0.030487386509776115, 0.011200438253581524, 0.0052742622792720795, -0.012740065343677998, 0.04213861748576164, -0.008911804296076298, -0.004809600301086903, 0.04191668704152107, -0.022969568148255348, 0.019696127623319626, 0.004383082035928965, 0.02785198949277401, -0.011214309372007847, 0.0063249533995985985, 0.008537299931049347, -0.0026336635928601027, 0.013475202955305576, -0.009889675304293633, -0.022733770310878754, -0.03772779181599617, 0.013308756984770298, -0.026353973895311356, -0.0073028248734772205, -0.039447735995054245, 0.031874436885118484, 0.021346718072891235, 0.01207428053021431, 0.02803230471909046, -0.012802482582628727, -0.0428321436047554, -0.0041646212339401245, 0.00033939408604055643, -0.02689492329955101, 0.00042261715861968696, -0.0018586486112326384, 0.002699548378586769, -0.02571593038737774, -0.0027567644137889147, 0.006959529593586922, 0.008648264221847057, -0.01388438232243061, -0.02419017255306244, -0.003393074031919241, 0.018822284415364265, 0.00732363061979413, 0.020944474264979362, -0.003849067259579897, -0.0032838438637554646, -0.03337245434522629, 0.043109551072120667, 0.010090797208249569, -0.016353333368897438, -0.006248665973544121, 0.015853995457291603, -0.003866405226290226, -0.0045911394990980625, 0.02188766747713089, -0.030737055465579033, 0.027477484196424484, -0.017518457025289536, -0.008058767765760422, -0.022900216281414032, 0.004691700916737318, -0.007816033437848091, 0.018988730385899544, -0.009001962840557098, 0.004511384293437004, -0.014480815269052982, 0.02571593038737774, -0.047104258090257645, -0.008412465453147888, 0.008516494184732437, -0.021915409713983536, -0.024828216060996056, -0.007032349705696106, 0.011346079409122467, -0.02846229076385498, -0.01488306000828743, 0.024051468819379807, -0.018947118893265724, -0.0037554411683231592, -0.035397548228502274, -0.016436556354165077, 0.0033635993022471666, -0.02571593038737774, -0.017296528443694115, -0.0015621664933860302, 0.0029804264195263386, 0.00835698377341032, -0.013426655903458595, 0.023052791133522987, -0.0022314186207950115, 0.015326916240155697, -0.016505910083651543, 0.015354656614363194, -0.01249039638787508, 0.0023406490217894316, -0.03320600464940071, -0.012192180380225182, -0.002077109180390835, 0.0042235711589455605, -0.00785764493048191, -0.00026614044327288866, -0.011685906909406185, -0.0013619109522551298, -0.04241602495312691, 0.0254523903131485, 0.003706894349306822, -0.016214629635214806, 0.007413788698613644, 0.03498143330216408, 0.0040432545356452465, -0.006942191161215305, -0.017948443070054054, -0.17587809264659882, 0.022428618744015694, 0.04241602495312691, -0.01793457195162773, 0.007809098344296217, 0.028517773374915123, 0.028212621808052063, -0.011096409521996975, -0.019696127623319626, -0.022692158818244934, 0.0075108823366463184, 0.004511384293437004, -0.05747940391302109, -0.03015449456870556, -0.00499338423833251, 0.0064497883431613445, -0.017768125981092453, 0.017518457025289536, 0.0008365652756765485, 0.019529681652784348, 0.02154090628027916, -0.008058767765760422, 0.009952092543244362, -0.017726514488458633, -0.006793083157390356, 0.037533607333898544, -0.0008911804179660976, -0.0005413834587670863, 0.0022383539471775293, -0.022858604788780212, 0.02075028605759144, 0.0022869007661938667, 0.00422010337933898, -0.016700096428394318, 0.004830406047403812, -0.0020441666711121798, -0.013704066164791584, -0.007413788698613644, -0.0013003605417907238, -0.007448465097695589, 0.0019505408126860857, 0.005884564947336912, -0.010666423477232456, 0.016894284635782242, 0.0016020442126318812, 0.035092394798994064, 0.013281015679240227, -0.012781676836311817, 0.013315691612660885, -0.01409937534481287, 0.028739701956510544, -0.03206862509250641, -0.002229684730991721, 0.011103345081210136, 0.004150750581175089, -0.006480996962636709, 0.007490076590329409, 0.027560707181692123, -0.024120820686221123, -0.0405573770403862, 0.011949446052312851, -0.033705346286296844, 0.0034988366533070803, -0.010818999260663986, -0.04452434554696083, 0.010999316349625587, -0.031957659870386124, 0.02532755583524704, -0.031957659870386124, -0.0035889949649572372, -0.01631172187626362, -0.002772368723526597, 0.028490033000707626, 0.004774923902004957, 0.006907515227794647, 0.01728265918791294, -0.01823972351849079, -0.0073305657133460045, -0.009050508961081505, 0.015590455383062363, -0.012809418141841888, 0.010763517580926418, -0.008370853960514069, 0.028656478971242905, -0.017032988369464874, -0.010860610753297806, -0.0024550806265324354, -0.02862873673439026, 0.009092120453715324, -0.006019802298396826, 0.03475950285792351, -0.025535613298416138, -0.01442533265799284, 0.004008578136563301, -4.665043525164947e-05, -0.0001902860967675224, 0.017865220084786415, 0.0038351966068148613, 0.0036652828566730022, 0.012303144671022892, -0.0005214445991441607, -0.011228179559111595, -0.01710234209895134, 0.012649906799197197, 0.009036638773977757, 0.0029249442741274834, 0.01871132105588913, 0.008329242467880249, 0.04233280196785927, 0.013128439895808697, -0.02833745628595352, 0.010146279819309711, 0.007712004706263542, 0.03345567733049393, 0.018739061430096626, 0.03412146121263504, -0.011977187357842922, 0.0012656842591241002, -0.004338002763688564, 0.01270538941025734, 0.03320600464940071, -0.013107634149491787, -0.0013497741892933846, -0.004455902148038149, 0.011394625529646873, -0.011394625529646873, -0.09737099707126617, 0.006786148063838482, -0.003389606485143304, 0.014217275194823742, -0.02585463412106037, -0.00538522657006979, -0.015104987658560276, 0.013433591462671757, -0.023552129045128822, 0.01257361937314272, -0.039752889424562454, -0.03689556196331978, -0.005998996552079916, 0.0007741479785181582, -0.004955240525305271, 0.0168388020247221, -0.01022950280457735, 0.011248985305428505, 0.0462997704744339, 0.035231102257966995, -0.011672035790979862, -0.011491719633340836, 0.019696127623319626, -0.0010220833355560899, 0.005582881160080433, 0.018073277547955513, -0.01057626586407423, -0.0040432545356452465, 0.02677008882164955, -0.008676005527377129, 0.00868294108659029, -0.02640945464372635, 0.013398914597928524, -0.006470594089478254, -0.009612265042960644, -0.011061733588576317, -0.024439843371510506, -0.006165442522615194, 0.03928129002451897, -0.025008533149957657, 0.0036236713640391827, 0.002663138322532177, 0.0083153722807765, -0.013489073142409325, 0.01006999146193266, -0.01240023784339428, -0.0254523903131485, 0.03567495569586754, 0.006252133287489414, -0.018350686877965927, -0.006002464331686497, -0.0030168364755809307, -0.01858648657798767, -0.02227604202926159, 0.019474199041724205, 0.01281635370105505, 0.013253274373710155, 0.009147603064775467, -0.0026371311396360397, 0.019515810534358025, -0.0039045491721481085, -0.010389014147222042, 0.0074831414967775345, 0.02846229076385498, 0.03609107434749603, 0.009501300752162933, -0.01801779493689537, 0.0032769085373729467, -0.015215951949357986, -0.00010196994116995484, -0.04846356809139252, 0.005839485675096512, -0.031042207032442093, 0.0015361591940745711, -0.029488708823919296, 0.021485423669219017, -0.02571593038737774, -0.013932929374277592, -0.01246959064155817, -0.01029192004352808, -0.025341425091028214, -0.007091299165040255, 0.00624519819393754, -0.00809344369918108, 0.03262344375252724, -0.0011590546928346157, 0.009535977616906166, -0.001875986810773611, 0.0027116851415485144, -0.027477484196424484, 0.013509878888726234, -0.005836017895489931, -0.014564038254320621, -0.0397806279361248, -0.023621482774615288, 0.003313318593427539, 0.0025747139006853104, -0.00036366749554872513, -0.003599397838115692, -0.007906191982328892, 0.0025383038446307182, -0.026742348447442055, -0.06330502033233643, 0.029128076508641243, 0.004123009741306305, -0.019779350608587265, 0.01710234209895134, 0.011408496648073196, -0.008301501162350178, -0.03173573315143585, 0.021291235461831093, 0.012975864112377167, -0.007205731235444546, -0.014522426761686802, -0.01853100396692753, -0.00031858833972364664, -0.001875986810773611, -0.009813387878239155, 0.02837906777858734, -0.0014650728553533554, 0.029627414420247078, 0.017865220084786415, 0.004195829853415489, -0.0416947603225708, 0.00525692431256175, -0.014785965904593468, -0.02445371262729168, -0.00525692431256175, 0.01631172187626362, 0.021305106580257416, -0.028004564344882965, -0.041972171515226364, 0.026922663673758507, -0.02284473367035389, 0.012982799671590328, 0.004605010151863098, -0.0017043391708284616, -0.031125430017709732, 0.020902862772345543, 0.04996158555150032, 0.04413596913218498, 0.027519095689058304, -0.013315691612660885, -0.016741707921028137, 0.00872455257922411, -0.009425013326108456, -0.00036821875255554914, 0.008606652729213238, -0.023593740537762642, 0.00830843672156334, 0.025424648076295853, -0.01854487508535385, 0.017851348966360092, 0.02036191150546074, -0.01002837996929884, -0.020334171131253242, -0.015521103516221046, -0.040973491966724396, -0.0033219875767827034, 0.04147282987833023, 0.004605010151863098, -0.01242104358971119, 0.026437196880578995, 0.0012890907237306237, 0.002883332781493664, -0.011089474894106388, 0.011928640305995941, -0.011138021014630795, -0.01273313071578741, 0.005496190395206213, 0.006033672951161861, -0.02215120755136013, -0.017171693965792656, 0.005236118566244841, 0.0019522745860740542, 0.015146599151194096, 0.0010836337460204959, 0.008953415788710117, 0.004282520618289709, 0.023857280611991882, -0.0005582881276495755, 0.009230826050043106, 0.004709038883447647, -0.009147603064775467, -0.004181959666311741, 0.0026943469420075417, 0.018378429114818573, 0.035397548228502274, -0.0277271531522274, 0.02419017255306244, 0.002033763797953725, -0.02145768329501152, -0.015396269038319588, 0.004715973976999521, -0.03503691405057907, 0.014980153180658817, -0.0020511019974946976, -0.009418077766895294, -0.021138660609722137, -0.016783319413661957, 0.009813387878239155, 0.028295844793319702, 0.0058706942945718765, 0.027255557477474213, 0.00422010337933898, -0.01231701485812664, -0.01412018109112978, 0.023399554193019867, -0.016824930906295776, -0.03617429733276367, -0.002012958051636815, 0.018614226952195168, -0.03204088285565376, -0.007712004706263542, -0.019654516130685806, 0.01303134672343731, 0.0023839944042265415, 0.00011356481991242617, 0.008363919332623482, -0.016630744561553, -0.02732490934431553, 0.021513164043426514, 0.02937774546444416, 0.017171693965792656, 0.0011512525379657745, -0.012955058366060257, 0.03789423778653145, 0.005752794910222292, -0.008190537802875042, -0.0168388020247221, 0.002122188452631235, -0.0029977643862366676, 0.024037597700953484, -0.0012102022301405668, -0.017088470980525017, -0.01492467150092125, -0.0019973537418991327, -0.0386432483792305, -0.024925310164690018, 0.03137509897351265, -0.01975161023437977, 0.0780077576637268, 0.023260848596692085, 0.0031416709534823895, -0.0005084409494884312, -0.015937218442559242, 0.016700096428394318, 0.012178310193121433, 0.010867546312510967, 0.0033271892461925745, -0.009778711013495922, 0.01879454404115677, 0.008516494184732437, -0.003282109973952174, -0.017213305458426476, 0.0025226993020623922, 0.011443172581493855, -0.008523429743945599, -0.0008205274934880435, 0.0023285122588276863, -0.0019418717129155993, 0.02119414322078228, 0.007718940265476704, 0.017130082473158836, 0.01442533265799284, -0.003516174852848053, 0.008197472430765629, 0.009501300752162933, -0.0036236713640391827, -0.021998632699251175, -0.023704705759882927, -0.008232149295508862, 0.0060267373919487, -0.014785965904593468, -0.012885705567896366, -0.0030480450950562954, 0.028254233300685883, -0.021097049117088318, -0.004580736625939608, 0.025868505239486694, 0.023316331207752228, -0.005832550581544638, 0.004175024107098579, -0.011727518402040005, -0.025188850238919258, 0.002085778396576643, -0.011880094185471535, -0.011318338103592396, -0.031791213899850845, -0.030570609495043755]","[-0.0074243731796741486, 0.01686623878777027, 0.01402829959988594, -0.011721632443368435, -0.008816443383693695, 0.019690729677677155, -0.014633547514677048, -0.021345073357224464, -0.008386044763028622, -0.015696093440055847, 0.014848746359348297, 0.01345667615532875, -0.0005661589093506336, -0.01140555925667286, 0.012098231352865696, 0.01585749350488186, 0.01061873696744442, 0.0008221282623708248, -0.01712178811430931, 0.008782817982137203, -0.011782157234847546, 0.01946207880973816, -0.001190320705063641, -0.00979156419634819, -0.030881088227033615, 0.00213013612665236, 0.025205209851264954, -0.015669193118810654, -0.0016820845194160938, 0.02945539355278015, 0.028944294899702072, 0.006590476259589195, -0.027330301702022552, -0.006869562901556492, -0.002468066057190299, -0.021439222618937492, 0.014620097354054451, 0.0001092808524845168, 0.013907250016927719, -0.024263711646199226, 0.03171498700976372, 0.0001275643880944699, -0.017323536798357964, -0.012757278978824615, -0.01061873696744442, 0.021654421463608742, 0.009630165062844753, -0.013631525449454784, -0.010544762015342712, 0.0033238192554563284, -0.005807016510516405, 0.008769368752837181, -0.051943711936473846, 0.008090145885944366, -0.009421691298484802, -0.019932828843593597, 0.047747328877449036, 0.010309387929737568, -0.01061873696744442, -0.0015803693095222116, 0.006614013575017452, 0.015467444434762001, -0.028379397466778755, 0.004559533670544624, -0.03133838623762131, -0.0012979203602299094, -0.002241098089143634, -0.006146627943962812, -0.0071082995273172855, 0.006002041045576334, 0.03623417019844055, 0.015359844081103802, -0.005739766638725996, 0.012515179812908173, 0.04973791912198067, 0.008244819939136505, -0.018453333526849747, 0.014310748316347599, 0.010154712945222855, 0.00919976644217968, 0.0012903547612950206, -0.013853450305759907, -0.00046360300621017814, 0.01997317746281624, -0.003493624972179532, 0.022582467645406723, 0.0022932167630642653, 0.035292673856019974, 0.014606647193431854, -0.019825227558612823, -0.006583751179277897, 0.015144645236432552, 0.05070631578564644, 0.008298619650304317, 0.008170845918357372, 0.03564237058162689, -0.016597239300608635, 0.0032548883464187384, -0.015400194562971592, -0.011472808197140694, -0.021762020885944366, -0.006644275970757008, -0.012945578433573246, -0.004327521659433842, -0.02306666597723961, -0.028298698365688324, 0.014014849439263344, -0.0014635227853432298, -0.0011676239082589746, 0.0004358624864835292, -0.02131817303597927, 0.02886359579861164, 0.0004501530493143946, -0.025380058214068413, -0.005988590884953737, -0.009105617180466652, -0.0018998056184500456, -0.0343242771923542, -0.024532711133360863, -0.0034246938303112984, 0.008816443383693695, 0.007370573468506336, 0.019488979130983353, -0.03098868764936924, 0.00643243920058012, 0.004256909713149071, -0.01449904777109623, -0.007592497393488884, -0.0046637705527246, -0.02699405327439308, 0.039193157106637955, 0.030423790216445923, -0.004048435483127832, 0.02344326488673687, -0.023631565272808075, -0.008002720773220062, -0.004731020424515009, -0.006442526821047068, -0.016435841098427773, -0.006163440179079771, 0.030881088227033615, 0.023093566298484802, 0.006573663558810949, -0.04360474273562431, -0.008715568110346794, 0.02708820253610611, 0.019085481762886047, 0.0032532070763409138, -0.016247540712356567, -0.0013643294805660844, -0.0026530029717832804, -0.015736443921923637, 0.013033002614974976, 0.00864831916987896, 0.013961049728095531, -0.0007876628078520298, 0.029024995863437653, 0.014230048283934593, 0.0043645091354846954, -0.008507094345986843, 0.01487564668059349, 0.01670484058558941, -0.011593857780098915, 0.013086802326142788, -0.017390787601470947, 0.0385744608938694, -0.006721612997353077, -0.033006180077791214, 0.002792546059936285, -0.013039727695286274, 0.011788882315158844, 0.026227405294775963, -0.025205209851264954, 0.028325596824288368, 0.01827848330140114, -0.015749892219901085, -0.0022780855651944876, 0.026052555069327354, -0.019865578040480614, -0.006015490740537643, 0.030881088227033615, 0.015023595653474331, 0.02131817303597927, 0.025756657123565674, -0.012454655021429062, -0.04443863779306412, -0.032495081424713135, -0.008305344730615616, 0.010094188153743744, 0.019905928522348404, 0.012797628529369831, 0.026644354686141014, 0.0015391787746921182, 0.004700758028775454, -0.6004058122634888, 0.0005283309146761894, -0.021183673292398453, -0.02263626828789711, 0.03873585909605026, 0.004219922237098217, 0.010692710988223553, 0.023133916780352592, -0.016287891194224358, 0.017148688435554504, -0.007834596559405327, 0.0021906609181314707, 0.00798927154392004, -0.01063891127705574, 0.004266996867954731, -0.018547482788562775, 0.012199105694890022, -0.015104295685887337, -0.012024256400763988, -0.008513819426298141, -0.038682058453559875, 0.02119712345302105, -0.022434519603848457, 0.01010763831436634, -0.003374256659299135, -0.019919378682971, 0.01180233247578144, 0.009690689854323864, 0.009206491522490978, 0.040457453578710556, -0.02980509214103222, -0.007807696703821421, 0.024398211389780045, -0.01252862997353077, 0.05439160391688347, -0.007431098259985447, -0.030154790729284286, -0.0018123809713870287, -0.003618036862462759, 0.049953117966651917, -0.003527249675244093, -0.013618076220154762, 0.01487564668059349, -0.01954277977347374, -0.030289290472865105, 0.008036346174776554, 0.02988579124212265, 0.004875607322901487, 0.020874325186014175, -0.016973838210105896, -0.00531945563852787, 0.008069970645010471, -0.0062441397458314896, 0.01002693921327591, -0.002372235292568803, 0.014001399278640747, 0.01861473359167576, -0.015063945204019547, 0.003887035883963108, -0.015709543600678444, -0.005985228344798088, -0.009616714902222157, -0.005870903842151165, -0.0074243731796741486, -0.03276408091187477, 0.01585749350488186, 0.008217920549213886, -0.011513158679008484, 0.026388805359601974, 0.0004884013324044645, -0.021600622683763504, -0.0036482992582023144, 0.00014448190631810576, 0.011136559769511223, 0.03550787270069122, -0.0028984644450247288, 0.012750553898513317, -0.013544101268053055, -0.01839953288435936, 0.0011096210218966007, 0.0024176286533474922, -0.013369251973927021, -0.022690068930387497, -0.02111642435193062, 0.013631525449454784, -0.0003889978106599301, -0.021856170147657394, -0.025272458791732788, 0.019596578553318977, 0.005030281841754913, 0.003133838763460517, 0.0180229339748621, 0.0002572303346823901, 0.0033238192554563284, 0.002017492661252618, 0.022905267775058746, 0.016086142510175705, -0.017067987471818924, 0.011661107651889324, -0.02759930118918419, -0.04134514927864075, -0.030369989573955536, -0.025164859369397163, 0.01601889170706272, 0.022111719474196434, -0.008749193511903286, -0.010094188153743744, 0.00741764809936285, 0.01877613179385662, -0.030665889382362366, -0.016852788627147675, -0.028137298300862312, -0.005073994398117065, -0.004502371419221163, 0.0037424489855766296, -0.0351850725710392, 0.02086087502539158, -0.011250884272158146, -0.005110981408506632, -0.012353780679404736, 0.014445248059928417, 0.019569680094718933, 0.028971195220947266, -0.010780136100947857, -0.0061298152431845665, 0.027370650321245193, 0.014351097866892815, -0.004529271274805069, 0.017915334552526474, -0.011815782636404037, 0.0029068707954138517, -0.017458036541938782, -0.012414305470883846, -0.003493624972179532, 0.02259591780602932, -0.005232030991464853, 0.011076034978032112, 0.002049436327069998, -0.005201768595725298, -0.005941516254097223, 0.005971778649836779, 0.0022831291425973177, 0.024102313444018364, -0.031607385724782944, 0.017861535772681236, -0.023927463218569756, -0.04446553811430931, 0.019771428778767586, -0.0017737123416736722, 0.004559533670544624, -0.005807016510516405, 3.564762664609589e-05, -0.008890418335795403, 0.0051883189007639885, -0.018924081698060036, -0.009885714389383793, -0.003621399402618408, -0.01258915476500988, 0.00558509211987257, -0.026846103370189667, -0.008897142484784126, 0.012575704604387283, -0.01944863051176071, -0.0007582409889437258, -0.02835249714553356, -0.02531280927360058, -0.001998998923227191, 0.002444528741762042, -0.022542119026184082, -0.02025562711060047, -0.022057920694351196, -0.005887716077268124, -0.005013469606637955, 0.002792546059936285, -0.00901146698743105, 0.005410242825746536, -0.01912583038210869, -0.015010145492851734, 0.009522565640509129, 0.007895121350884438, 0.016341691836714745, 0.016772089526057243, 0.014552847482264042, -0.016395490616559982, 0.029616793617606163, 0.010228687897324562, 0.018534032627940178, 0.007034324575215578, 0.007807696703821421, 0.04320124536752701, -0.008325519971549511, 0.012515179812908173, -0.0044317590072751045, -0.0007094849133864045, 0.004542720969766378, 0.016166841611266136, 0.028513897210359573, 0.0192872304469347, 0.024196462705731392, 0.004697395488619804, 0.05345010757446289, 0.034916073083877563, 0.006819125264883041, 0.00701414979994297, 0.00951584056019783, -0.016207192093133926, -0.0004190500476397574, 0.00989916455000639, 0.0216140728443861, 0.03171498700976372, 0.005786841735243797, -0.020672574639320374, 0.0019418367883190513, -0.001861136988736689, 0.013355801813304424, 0.03878965973854065, -0.027276501059532166, 0.012192380614578724, 0.015265694819390774, 0.027411000803112984, 0.007740446832031012, 0.017982585355639458, 0.03311378136277199, 0.009145966731011868, 0.002535315928980708, -0.009018192067742348, -0.0005665792268700898, 0.029482293874025345, 0.0074647231958806515, -0.0010928085539489985, 0.001546744373627007, -0.005891078617423773, -0.009778114967048168, -0.010948260314762592, 0.025931505486369133, 0.01205788180232048, 0.018426433205604553, -0.005938153713941574, 0.0023201166186481714, -0.02225966937839985, -0.0058608162216842175, 0.02547420747578144, 0.01950242929160595, -0.028433198109269142, 0.03319447860121727, -0.010356462560594082, 0.03488917276263237, 0.030800389125943184, 0.003429737640544772, 0.017323536798357964, -0.029401592910289764, -0.00446202140301466, -0.02221931889653206, 0.005379980430006981, 0.020242176949977875, -0.010571661405265331, -0.007659747265279293, 0.03061208873987198, -0.002348697744309902, 0.0347546748816967, 0.012602604925632477, 0.006872924976050854, 0.026509854942560196, 0.0024562973994761705, 0.004781457595527172, 0.02531280927360058, -0.007807696703821421, 0.017605986446142197, 0.004976482130587101, -0.004112322814762592, 0.029401592910289764, -0.024478912353515625, 0.0009288872824981809, -0.05519860237836838, 0.0009599902550689876, -0.0021334984339773655, -0.005917978473007679, -0.0019838677253574133, 0.015467444434762001, -0.0019367929780855775, -0.014956345781683922, -0.01010763831436634, -0.002454616129398346, 0.012790903449058533, 0.0016249222680926323, -0.005743129178881645, 0.012797628529369831, 0.00043502188054844737, -0.020228726789355278, 0.0012004082091152668, -0.022569019347429276, 0.005329543258994818, -0.00885679293423891, 0.00034591593430377543, -0.012172206304967403, 0.03039688989520073, 0.013449951075017452, -0.0044721090234816074, 0.0015089163789525628, 0.0160995926707983, 0.03459327667951584, 9.604106162441894e-05, -0.010396812111139297, -0.034700874239206314, 0.044277239590883255, -0.0021973857656121254, -0.025662507861852646, -0.052239611744880676, 0.011062584817409515, -0.02119712345302105, -0.029697492718696594, -0.011479533277451992, -0.013974499888718128, 0.00663418835029006, 0.0013382701436057687, 0.0025016909930855036, 0.007410923019051552, 0.00623069005087018, 0.03098868764936924, 0.006751875393092632, -0.01661068946123123, -0.0203497763723135, -0.01182923186570406, 0.005322818178683519, 0.004700758028775454, 0.007653022184967995, -0.0029489018488675356, -0.0024462100118398666, -0.005003381986171007, 0.025043809786438942, -0.0074714478105306625, -0.011634208261966705, 0.017189037054777145, -0.006311389617621899, 0.0021049173083156347, -0.004815082531422377, 0.004794907756149769, -0.02106262370944023, 0.013678601011633873, 0.00465032085776329, 0.009724315255880356, 0.0007620237884111702, -0.0010953304590657353, -0.018574383109807968, -0.011291233822703362, -0.012938853353261948, 0.020403577014803886, 0.023806413635611534, 0.006382002029567957, 0.03354417905211449, 0.017350437119603157, -0.016166841611266136, 0.02996649220585823, -0.008083420805633068, -0.00420647207647562, 0.0029304081108421087, 0.036180369555950165, 0.014593197032809258, 0.0028261709958314896, 0.05998678505420685, -7.518312486354262e-05, 0.02220587059855461, -0.0024697473272681236, 0.0041392226703464985, -0.014216599054634571, 0.018668532371520996, -0.00038668609340675175, -0.0026630903594195843, 0.02726305089890957, -0.01686623878777027, -0.01577679254114628, 0.009616714902222157, -0.0041392226703464985, 0.022582467645406723, -0.0033793002367019653, -0.025783557444810867, -0.024425111711025238, -0.0002784560201689601, -0.0001515221083536744, 0.021506471559405327, -0.01810363493859768, -0.0175925362855196, 0.009468765929341316, -0.03480847552418709, -0.01487564668059349, -0.005232030991464853, 0.03055828996002674, -0.010208513587713242, -0.006018853280693293, -0.019690729677677155, -0.016718288883566856, -0.019556229934096336, -0.012851428240537643, -0.016395490616559982, -0.03106938861310482, -0.03370557725429535, -0.022945616394281387, 0.0197176281362772, 0.04320124536752701, 0.0360189713537693, 0.001578688039444387, 0.014525947161018848, -0.00046948736417107284, -0.013483576476573944, -0.02784140035510063, -0.024048512801527977, 0.012104956433176994, 0.009065267629921436, 0.025406958535313606, -0.0241561122238636, 0.005191681440919638, 0.001802293467335403, -0.012515179812908173, 0.04137204959988594, 0.0029875703621655703, 0.009872264228761196, 0.021076073870062828, -0.011936832219362259, 0.001797249773517251, -0.0011524927103891969, 0.006677900906652212, 0.026187054812908173, -4.442161662154831e-05, -0.006566938944160938, 0.021170223131775856, -0.007666472345590591, 0.0006481195450760424, -0.02496311068534851, -0.009603265672922134, 0.003604586934670806, 0.008439844474196434, 0.016086142510175705, -0.043981339782476425, -0.008655043318867683, 0.006782137788832188, -0.030827289447188377, 0.03141908720135689, 0.009421691298484802, 0.0470479317009449, 0.009542740881443024, 0.015332944691181183, 0.01530604436993599, 0.005084081552922726, 0.006607288494706154, 0.02395436353981495, 0.001379460678435862, 0.029186394065618515, 0.01619374193251133, -0.039193157106637955, 0.010033663362264633, -0.012555529363453388, -0.028029698878526688, -0.00216207979246974, -0.01549434382468462, -0.001884674420580268, 0.02614670619368553, -0.005329543258994818, -0.010295937769114971, -0.022690068930387497, -0.014122448861598969, 0.0059045287780463696, -0.006190340034663677, -0.00023075072385836393, -0.007175548933446407, 0.005729679483920336, -0.030800389125943184, -0.005265655927360058, -0.013382701203227043, -0.011580408550798893, -0.020188376307487488, 6.7643800321093295e-06, 0.012495004571974277, -0.02242106944322586, 0.016382040455937386, -0.010813760571181774, -0.016597239300608635, 0.01721593737602234, -0.016852788627147675, -0.014969795942306519, -0.03289858251810074, 0.007558872923254967, -0.013503750786185265, 0.04581053555011749, 0.02182927168905735, 0.032575782388448715, -0.011197084560990334, 0.019045131281018257, 0.009609990753233433, -0.014539397321641445, -0.0015660787466913462, 0.005739766638725996, 0.00406861025840044, -0.007195724174380302, -0.001714868820272386, 0.02742445096373558, -0.013880349695682526, 0.009657065384089947, 0.018211234360933304, 0.02123747393488884, 0.03184948489069939, -0.02068602479994297, -0.01055148709565401, -0.021721672266721725, -0.04220594838261604, 0.010881010442972183, 0.03292548283934593, -0.0005594339454546571, -0.0002095250238198787, -0.0491730235517025, -0.01036318764090538, 0.009246842004358768, 0.012663129717111588, 0.02212516963481903, -0.0044082216918468475, 0.015158095397055149, -0.012959028594195843, -0.008513819426298141, -0.002619378035888076, 0.006223964970558882, 0.00010938593186438084, -4.5478961396838713e-07, -0.011533332988619804, -0.0010978522477671504, 0.006183614954352379, 0.008043071255087852, 0.02162752114236355, -0.0034230125602334738, -0.0220444705337286, 0.006412264425307512, 0.02429061196744442, -0.028217997401952744, -0.02827179804444313, 0.013725675642490387, -0.006200427655130625, -0.003937473054975271, -0.019636929035186768, -0.012427754700183868, -0.01443179789930582, 0.020753275603055954, 0.019085481762886047, 0.0033103693276643753, 0.013537376187741756, 0.0010322837624698877, -0.025124508887529373, 0.0034768125042319298, -0.021654421463608742, 0.04099545255303383, -0.009078716859221458, 0.01704108901321888, 0.015736443921923637, -0.015911292284727097, -0.029643692076206207, -0.021735120564699173, 0.0027521962765604258, 0.00048335763858631253, 0.027437901124358177, 0.04572983458638191, 0.008870243094861507, -0.022071370854973793, -0.017135238274931908, 0.004515821114182472, 0.025487657636404037, -0.0017300000181421638, 0.007713546976447105, 0.0002324319793842733, -0.02216552011668682, -0.008386044763028622, 0.00845329463481903, -0.012602604925632477, 0.023241516202688217, 0.008762643672525883, 0.010060563683509827, -0.016341691836714745, 0.0035104372072964907, -0.022999417036771774, 0.016005441546440125, -0.015037045814096928, 0.025541458278894424, 0.018789581954479218, -0.016839338466525078, -0.022905267775058746, -0.01542709395289421, -0.01343650184571743, 0.019905928522348404, -0.01686623878777027, 0.0197176281362772, -0.018924081698060036, 0.006993974559009075, 0.014418347738683224, 0.011156735010445118, -0.02789519913494587, -0.01061873696744442, 0.0016425753710791469, 0.03201088309288025, -0.02322806604206562, -0.0006254227482713759, -0.0028059962205588818, 0.02153337188065052, 0.006045753136277199, 0.007955646142363548, -0.030827289447188377, -0.02606600522994995, 0.004969757050275803, 0.01330872718244791, 0.03577687218785286, 0.03319447860121727, 0.006186977494508028, 0.009267016313970089, -0.0010583430994302034, 0.03125768527388573, -0.03238748386502266, -0.0032313507981598377, -0.010538036935031414, -0.009004742838442326, -0.012131855823099613, -0.014310748316347599, 0.001603066106326878, 0.005215218756347895, 0.003517162287607789, 0.008291895501315594, 0.03739086538553238, 0.02039012685418129, -0.0019014868885278702, 0.0022276481613516808, 0.0390048585832119, -0.017323536798357964, -0.010786861181259155, -0.0030077453702688217, -0.025891156867146492, -0.010416987352073193, 0.01564229279756546, -0.032656483352184296, 0.00018493682728148997, -0.033006180077791214, 0.002353741554543376, 0.017404237762093544, 0.006523226387798786, -0.009865539148449898, -0.010961710475385189, 0.009219941683113575, 0.003206132212653756, 0.005793566349893808, -0.014915996231138706, 0.008123770356178284, -0.027222702279686928, 0.012582429684698582, 0.017915334552526474, 0.00027488337946124375, -0.010665811598300934, -0.032441284507513046, 0.029778191819787025, -0.009018192067742348, -0.04064575210213661, -0.03445877507328987, -0.006311389617621899, 0.028890496119856834, -0.01881648227572441, -0.003745811525732279, -0.03026239015161991, -0.012918678112328053, -0.0351850725710392, 0.022864917293190956, -0.007800971623510122, -0.0024243537336587906, 0.012797628529369831, 0.01417624857276678, 0.0019267055904492736, 0.008823168464004993, -0.016126491129398346, -0.031688086688518524, -0.009038367308676243, -0.032710280269384384, -0.02661745436489582, -0.004108960274606943, -0.026926802471280098, 0.012380680069327354, 0.00782114639878273, 0.014620097354054451, -0.01784808561205864, -0.023967813700437546, -0.048258427530527115, -0.021371973678469658, -0.012104956433176994, 0.006879650056362152, 0.022353818640112877, 0.011943557299673557, -0.0054136053659021854, 0.025675958022475243, 0.02929399348795414, 0.01627444103360176, -0.0027034401427954435, 0.009488941170275211, -0.00015730138693470508, -0.022407619282603264, 0.021250924095511436, -0.025528008118271828, -0.03967735543847084, 0.0019451992120593786, 0.006556851323693991, -0.016933489590883255, 0.012811078689992428, 0.008917317725718021, -0.023712264373898506, -0.004677220713347197, 0.002101555000990629, -0.024263711646199226, 0.005137881264090538, -0.008338970132172108, 0.030638989061117172, -0.033974576741456985, -0.01542709395289421, 0.0048789698630571365, -0.027101652696728706, -0.005262293387204409, 0.01002693921327591, -0.011143284849822521, -0.008507094345986843, 0.00870884396135807, -0.04064575210213661, -0.017538737505674362, -0.013443225994706154, -0.02127782255411148, 0.003290194319561124, 0.02492276020348072, 0.011513158679008484, 0.03217228502035141, 0.00010224064317299053, 0.01240085531026125, 0.0035642371512949467, 0.019314130768179893, -0.03634176775813103, 0.00973103940486908, 0.013033002614974976, -0.004885694943368435, -0.0016551846638321877, 0.000342133134836331, -0.002933770650997758, -0.00400472292676568, 0.004088785033673048, 0.0012231050059199333, -0.006829212885349989, -0.045541536062955856, 0.01861473359167576, -0.011856132186949253, -0.02505725994706154, -0.01417624857276678, 0.0036651117261499166, -0.00970414001494646, -0.0094284163787961, -0.02425026148557663, -0.003298600669950247, -0.01330872718244791, 0.011284509673714638, -0.0034331001807004213, 0.02064567618072033, -0.024721011519432068, 0.007188999094069004, 0.03184948489069939, 0.00020689808297902346, -0.026187054812908173, 0.23241515457630157, 0.014404897578060627, 0.007565597537904978, 0.0180229339748621, 0.021331623196601868, 0.03679906576871872, 0.008379319682717323, -1.58273360284511e-05, -0.010780136100947857, 0.003303644247353077, -0.026213955134153366, 0.0016139941290020943, -0.018386082723736763, 0.0016972157172858715, -0.007740446832031012, -0.028217997401952744, -0.029562992975115776, -0.03741776570677757, -0.01623409055173397, -0.027814500033855438, 0.034700874239206314, 0.011304683983325958, -0.0296705923974514, -0.016946937888860703, 0.014539397321641445, -0.01339615136384964, 0.03494297340512276, 0.009018192067742348, 0.00905181746929884, 0.0028665210120379925, -0.036180369555950165, 0.010497687384486198, -0.005716229323297739, -0.003027920378372073, 0.001139883417636156, -0.02102227322757244, 0.03865516185760498, -0.0351850725710392, 0.0015383381396532059, 0.009946239180862904, -0.007195724174380302, -0.014620097354054451, 0.0008427235297858715, -0.02886359579861164, 0.001418969826772809, 0.004707483109086752, -0.012118406593799591, -0.012770729139447212, 0.011123109608888626, 0.014082099311053753, -0.031311485916376114, -0.006072652991861105, 0.039489056915044785, 0.012299980968236923, 0.001022196258418262, -0.008069970645010471, 0.04328194260597229, -0.008184295147657394, -0.002163760829716921, 0.04871572554111481, -0.01843988336622715, 0.009495665319263935, 0.0007292395457625389, 0.01881648227572441, -0.002163760829716921, -0.00018577744776848704, 0.00820447038859129, 0.004630145616829395, 0.015144645236432552, -0.001792206079699099, -0.018117085099220276, -0.04142585024237633, 0.013315452262759209, -0.022246219217777252, -0.0069536250084638596, -0.046106431633234024, 0.035588569939136505, 0.018453333526849747, 0.018843382596969604, 0.03634176775813103, -0.010612011887133121, -0.029858892783522606, -0.0024159476161003113, -0.0074243731796741486, -0.023900562897324562, 0.0009095529676415026, 0.0021519921720027924, -0.0019636929500848055, -0.026738503947854042, -0.003283469472080469, -0.0018207872053608298, 7.733722304692492e-05, -0.01800948567688465, -0.033167582005262375, 0.0022528667468577623, 0.034055277705192566, 0.0063752769492566586, 0.02712855115532875, 0.004303984344005585, -0.014041748829185963, -0.030208591371774673, 0.03720256686210632, 0.005669154692441225, -0.014848746359348297, -0.004825170151889324, -3.16546720569022e-05, -0.010887735523283482, -0.008406220003962517, 0.019771428778767586, -0.0279758982360363, 0.04336264356970787, -0.018332283943891525, -0.010659086517989635, -0.027411000803112984, 0.006200427655130625, -0.01061873696744442, 0.014606647193431854, -0.013920700177550316, -0.002800952410325408, -0.020067326724529266, 0.025931505486369133, -0.05113671347498894, -0.014418347738683224, 0.006805675569921732, -0.017458036541938782, -0.025111058726906776, -0.006005403120070696, 0.005356443114578724, -0.02314736694097519, -0.018829932436347008, 0.03410907834768295, -0.02352396585047245, 0.00788167119026184, -0.02517830953001976, -0.018534032627940178, -0.00044258745037950575, -0.023120466619729996, -0.02076672576367855, -0.002790865022689104, -0.0032733818516135216, 0.0069536250084638596, -0.01464699674397707, 0.025124508887529373, 0.0015005102613940835, 0.007942195981740952, -0.012837979011237621, 0.02403506264090538, -0.01110965944826603, 0.0063080270774662495, -0.028460096567869186, -0.008022896014153957, -0.008211195468902588, 0.0062844897620379925, -0.011620758101344109, 0.004287172108888626, 0.0009515840793028474, 0.00034864796907640994, -0.03260268270969391, 0.02683265320956707, 0.007256248965859413, -0.007115024141967297, 0.0044788336381316185, 0.04209834709763527, 0.004357784055173397, -0.0018493683310225606, -0.016758639365434647, -0.16893139481544495, 0.020322876051068306, 0.04634853079915047, -0.017821185290813446, 0.006096190307289362, 0.0356154702603817, 0.024599961936473846, -0.002510097110643983, -0.005807016510516405, -0.03158048540353775, 0.0037424489855766296, 0.009697414934635162, -0.04680583253502846, -0.030047191306948662, -0.003759261453524232, 0.0012836296809837222, -0.02086087502539158, 0.022178970277309418, 0.007269698660820723, 0.016382040455937386, 0.027532050386071205, -0.013423051685094833, -0.003540699603036046, -0.013510475866496563, -0.0006002041045576334, 0.032441284507513046, -0.0019838677253574133, 0.01117018423974514, -0.0014399854699149728, -0.02462686039507389, 0.020497726276516914, 0.006795587949454784, 0.005561554804444313, -0.006079378072172403, 0.008823168464004993, -0.0031556948088109493, -0.02352396585047245, 0.011452633887529373, 0.0013559232465922832, -0.01220583077520132, -0.004576345905661583, 0.014337648637592793, -0.004858795087784529, 0.012911953032016754, 0.002195704495534301, 0.03741776570677757, 0.01168128289282322, -0.012138580903410912, 0.015373294241726398, -0.014135899022221565, 0.0326295830309391, -0.019260330125689507, -0.0015459037385880947, 0.003950923215597868, -0.0012306706048548222, -0.006893100216984749, 0.009186317212879658, 0.03166118636727333, -0.016852788627147675, -0.03098868764936924, 0.01605924218893051, -0.035965170711278915, 0.019314130768179893, -0.006842662580311298, -0.03252198174595833, 0.01127778459340334, -0.027814500033855438, 0.020955024287104607, -0.03273718059062958, -0.005907891318202019, -0.017821185290813446, -0.0035877744667232037, 0.02263626828789711, 0.0014845384284853935, 0.007706822361797094, 0.01944863051176071, -0.01887028105556965, -0.007195724174380302, -0.007760622072964907, 0.014445248059928417, -0.009172867052257061, 0.011345034465193748, -0.00901146698743105, 0.031230786815285683, -0.013046452775597572, -0.004108960274606943, 0.007720272056758404, -0.02624085545539856, 0.012367229908704758, -0.011331584304571152, 0.02738410048186779, -0.022367268800735474, -0.017874985933303833, 0.005558192264288664, -0.009206491522490978, 0.002175529720261693, 0.010753235779702663, -0.0014046792639419436, 0.0008692031260579824, 0.005097531713545322, -0.0031825946643948555, -0.01468734722584486, -0.025380058214068413, 0.008419669233262539, 0.006788862869143486, -0.003644936718046665, 0.012373954989016056, 0.012037706561386585, 0.0356154702603817, 0.01662413962185383, -0.01912583038210869, 0.009993313811719418, 0.009246842004358768, 0.021183673292398453, 0.02687300369143486, 0.03429737687110901, -0.012885053642094135, 0.001560194417834282, -0.0016820845194160938, 0.02759930118918419, 0.02131817303597927, -0.0042535471729934216, -0.0015862536383792758, -0.010336287319660187, 0.02420991286635399, -0.009878989309072495, -0.1000138372182846, 0.012602604925632477, -0.002056161407381296, 0.020026978105306625, -0.03572307154536247, -0.004959669429808855, -0.017794284969568253, 0.016126491129398346, -0.0385744608938694, 0.008816443383693695, -0.03047758899629116, -0.038009561598300934, -0.006052478216588497, -0.0029001457151025534, -0.00017400874639861286, 0.0160995926707983, -0.009152691811323166, 0.002111642388626933, 0.05692019313573837, 0.03152668476104736, -0.010800311341881752, -0.012199105694890022, 0.018493684008717537, 0.004465383943170309, 0.0019905928056687117, 0.00761939724907279, -0.016812440007925034, 0.0005527089233510196, 0.024613410234451294, -0.008823168464004993, 0.0005094169173389673, -0.025756657123565674, 0.006015490740537643, -0.0061062779277563095, -0.006516501307487488, -0.01070616114884615, -0.028164198622107506, -0.0058608162216842175, 0.04312054440379143, -0.02170822210609913, -0.00537325581535697, -0.0016013848362490535, 0.007565597537904978, -0.013638250529766083, 0.014768046326935291, -0.019354479387402534, -0.020228726789355278, 0.02921329438686371, 0.013026277534663677, -0.006540039088577032, 0.0025016909930855036, 0.007067949511110783, -0.018668532371520996, -0.02811039797961712, 0.02667125314474106, 0.01273710373789072, 0.017323536798357964, 0.01627444103360176, -0.007020874414592981, 0.03120388649404049, 0.00393074844032526, -0.018937531858682632, 0.008157395757734776, 0.032441284507513046, 0.03924695774912834, 0.012178931385278702, -0.020107677206397057, -0.0022965793032199144, -0.020712925121188164, -0.007007424719631672, -0.042367346584796906, 0.004825170151889324, -0.03386697918176651, -0.005063906777650118, -0.02768000029027462, 0.023456715047359467, -0.026213955134153366, -0.015037045814096928, -0.0171621385961771, -0.009596540592610836, -0.030881088227033615, -0.004458658862859011, 0.007404198404401541, -0.005770029034465551, 0.03410907834768295, -0.007686647120863199, 0.012542080134153366, 0.00029190597706474364, 0.012905227951705456, -0.02730340138077736, 0.021035723388195038, -0.012501729652285576, -0.018762681633234024, -0.035588569939136505, -0.015991991385817528, -0.004401496611535549, 0.0016787220956757665, -0.003987910691648722, -0.0022461418993771076, -0.01530604436993599, -0.005289193242788315, -0.02135852351784706, -0.05210511013865471, 0.025380058214068413, -0.001893080654554069, -0.02348361536860466, 0.01860128343105316, 0.014404897578060627, -0.005753216799348593, -0.02082052454352379, 0.022407619282603264, 0.011143284849822521, -0.009818464517593384, -0.01755218580365181, -0.030154790729284286, -0.009273741394281387, -0.0034431875683367252, -0.0035474246833473444, 0.03273718059062958, 0.0027807774022221565, 0.02827179804444313, 0.0041224099695682526, -0.001888036960735917, -0.0479087270796299, 0.00926029123365879, -0.01252862997353077, -0.019784878939390182, -0.002094829920679331, 0.015521244145929813, 0.0296705923974514, -0.028298698365688324, -0.03534647077322006, 0.026052555069327354, -0.021210573613643646, 0.011203809641301632, -0.0022326919715851545, 0.002755558816716075, -0.03069278970360756, 0.023766065016388893, 0.05761959031224251, 0.047236230224370956, 0.016772089526057243, -0.0209819246083498, -0.019771428778767586, 0.005931428633630276, -0.004034985322505236, -0.012918678112328053, 0.010645636357367039, -0.021546822041273117, 0.0020511175971478224, 0.0241561122238636, -0.013322177343070507, 0.02110297419130802, 0.02039012685418129, -0.010625462047755718, -0.02369881421327591, -0.01729663833975792, -0.04718242958188057, -0.011533332988619804, 0.03650316968560219, -0.0027639649342745543, -0.0175925362855196, 0.01920653134584427, 0.006193702574819326, 0.011163460090756416, -0.010060563683509827, 0.010121088474988937, -0.0032414381857961416, -0.015696093440055847, 0.0063517396338284016, -0.004778095055371523, -0.030934888869524002, -0.005474130157381296, -0.005484217777848244, -0.001637531560845673, 0.016166841611266136, 0.00014532252680510283, -0.003977823071181774, 0.009233391843736172, 0.03225298225879669, -0.008890418335795403, 0.010168163105845451, 0.009596540592610836, -0.0006035665865056217, -0.00636855186894536, 0.006217239890247583, 0.02326841652393341, 0.0402691550552845, -0.02029597759246826, 0.03324827924370766, 0.0017031000461429358, -0.02645605430006981, -0.007135199382901192, -0.0034633625764399767, -0.027411000803112984, 0.00400472292676568, 0.004774732980877161, 0.0008910592878237367, -0.017350437119603157, -0.009784840047359467, 0.005013469606637955, 0.03542717173695564, 0.012710204347968102, 0.023053215816617012, -0.004159397445619106, -0.012185655534267426, -0.011217259801924229, 0.018897181376814842, -0.012837979011237621, -0.02975129336118698, -0.01161403302103281, 0.01806328445672989, -0.025366608053445816, 0.0034566374961286783, -0.012279805727303028, 0.010013489052653313, 0.009462040849030018, -0.002691671485081315, 0.015696093440055847, -0.02395436353981495, -0.028325596824288368, 0.024183012545108795, 0.026550203561782837, 0.00973103940486908, 0.000982687110081315, -0.0099596893414855, 0.024976558983325958, 0.013947599567472935, -0.009818464517593384, -0.010067288763821125, 0.00734367361292243, -0.0021065985783934593, 0.021775471046566963, -0.006257589906454086, -0.017996035516262054, -0.019852127879858017, -0.0053026434034109116, -0.045541536062955856, -0.021331623196601868, 0.026684703305363655, -0.02381986379623413, 0.06886374950408936, 0.02076672576367855, -0.0005976821994408965, -0.0019334305543452501, -0.013026277534663677, 0.006926725152879953, 0.0075117978267371655, 0.009650340303778648, -0.00728987343609333, -0.01405519898980856, 0.019825227558612823, 0.010181613266468048, -0.010316113010048866, -0.02577010728418827, 0.016139941290020943, 0.01818433403968811, -0.020780174061655998, 0.005221943836659193, 0.010215237736701965, -0.006069290451705456, 0.022111719474196434, 0.013322177343070507, 0.013920700177550316, 0.016637589782476425, -0.003507074899971485, 0.0012987608788534999, 0.012885053642094135, -0.011190359480679035, -0.019233429804444313, -0.02789519913494587, -0.014014849439263344, 0.009125792421400547, -0.019569680094718933, -0.025891156867146492, -0.009159416891634464, 0.021896520629525185, -0.021896520629525185, -0.004509096033871174, 0.028217997401952744, 0.01767323538661003, -0.005793566349893808, 0.008836617693305016, -0.010074013844132423, -0.029697492718696594, 0.009536015801131725, -0.01605924218893051, -0.015965092927217484, -0.02450581081211567, -0.024478912353515625]","[-0.009129316546022892, 0.006414714269340038, 0.012189025059342384, -0.022656073793768883, -0.007072907406836748, 0.016750125214457512, -0.014152930118143559, -0.010289158672094345, -0.006649529095739126, -0.0005514590884558856, 0.008908732794225216, 0.0257157813757658, -0.010901100933551788, -0.007713311351835728, -0.017518609762191772, 0.00843910314142704, 0.010161078535020351, -0.009727026335895061, 0.0387657955288887, -0.00815447885543108, -0.026455804705619812, 0.018087858334183693, 0.008958541788160801, 0.003938485402613878, -0.0077631208114326, 0.004489944316446781, 0.00761369289830327, -0.011050528846681118, -0.003692996921017766, -0.011135915294289589, 0.020151382312178612, -0.006823861505836248, -0.01393946260213852, -0.022428374737501144, -0.010267812758684158, 0.012523457407951355, 0.005258429329842329, 0.007072907406836748, 0.020350618287920952, 0.00830390676856041, 0.03535030782222748, 0.004457924049347639, -0.021190259605646133, -0.018984423950314522, 0.011562851257622242, 0.018557487055659294, 0.015782402828335762, -0.000452730106189847, -0.013284827582538128, -0.015896253287792206, 0.01657935045659542, -0.014586982317268848, -0.023623796179890633, -0.015099305659532547, 0.01953944005072117, 0.013562335632741451, 0.024861909449100494, 0.02294069714844227, -0.009556252509355545, -0.016622044146060944, -0.004447250626981258, -0.008517374284565449, -0.030340922996401787, 0.012196140363812447, -0.013348867185413837, -0.00018867460312321782, 0.009271628223359585, 0.008581414818763733, -0.006574815604835749, -0.007578114978969097, 0.01948251575231552, 0.019937913864850998, -0.008396409451961517, -0.007450034376233816, -0.0020172728691250086, -0.024705367162823677, -0.003956274129450321, -0.013021550141274929, 0.00962029304355383, -0.0016650506295263767, 0.015398160554468632, 0.0019069811096414924, -0.032504066824913025, 0.04129894822835922, 0.017362067475914955, -0.0020279462914913893, 0.03742806240916252, 0.024491898715496063, -0.01514199934899807, 0.016323188319802284, 0.017888620495796204, 0.006354231853038073, 0.023424558341503143, 0.009826645255088806, 0.02434958703815937, -0.00047496636398136616, -0.007642155513167381, 0.019752908498048782, -0.0024886815808713436, -0.009563367813825607, -0.013420023955404758, -0.015426622703671455, -0.000452730106189847, 0.0049062068574130535, -0.007784467656165361, -0.01265865471214056, 0.0257442444562912, 0.0006715348572470248, 0.0054398770444095135, -0.009976072236895561, -0.04127048701047897, 0.0388796441257, 0.014914299361407757, -0.013299058191478252, 0.014067543670535088, 0.02581540122628212, 0.03461028262972832, -0.01640857569873333, -0.010310505516827106, -0.02228606306016445, 0.02792161889374256, -0.017134366557002068, 0.02738083340227604, 0.00446148170158267, 0.026996590197086334, 0.01807362586259842, 0.008887385949492455, -0.0027466220781207085, -0.006297307088971138, -0.003226925153285265, 0.022186443209648132, -0.0038815604057163, 0.010730326175689697, -0.004329843446612358, -0.01145611796528101, 0.007941010408103466, 0.004333401098847389, 0.023097241297364235, -0.011413424275815487, -0.017803233116865158, 0.015426622703671455, 0.005521706305444241, 0.014885837212204933, -0.016067028045654297, -0.008346600458025932, 0.02685427851974964, -0.0017282016342505813, 0.011128799989819527, -0.0061336481012403965, -0.01700628735125065, -0.000560353568289429, -0.004838608670979738, -0.0003302083641756326, -0.011164378374814987, -0.009335668757557869, 0.03247560188174248, 0.008488912135362625, 0.006756263319402933, -0.030824784189462662, -0.01062359195202589, 0.0039740633219480515, 0.02911704033613205, 0.017632460221648216, 0.01963905803859234, 0.0029689846560359, 0.03961966559290886, 0.02254222333431244, 0.002513586077839136, -0.004678507801145315, 0.0027608531527221203, -0.0032642818987369537, 0.004810146521776915, -0.019084041938185692, 0.005503917578607798, -0.023495715111494064, -0.0010468828259035945, 0.011584198102355003, -0.010346083901822567, 0.01620933972299099, -0.012060943990945816, 0.004176857881247997, 0.014814681373536587, -0.011335152201354504, 0.020763324573636055, -0.023666489869356155, -0.016365882009267807, 0.004920437932014465, -0.007293491158634424, -0.00932143721729517, 0.0008423092658631504, -0.009115085005760193, 0.011256881058216095, -0.03315870091319084, 0.008481796830892563, -0.6443888545036316, -0.0291455015540123, -0.01618087664246559, -0.0417543463408947, 0.008851807564496994, 0.010580899193882942, -0.003817519871518016, -0.007421571761369705, -0.029259352013468742, 0.01861441321671009, 0.011278227902948856, 0.03634649142622948, 0.01430947333574295, -0.017803233116865158, -0.004767452832311392, -0.027708150446414948, 0.010915332473814487, -0.02040754444897175, 0.001523628132417798, 0.010929563082754612, -0.036204177886247635, 0.008851807564496994, -0.010132615454494953, -0.0015574272256344557, 0.002335696015506983, 0.0046393717639148235, 0.010417239740490913, -0.022499529644846916, -0.00724723981693387, 0.024093424901366234, 0.0010655613150447607, -0.015625860542058945, 0.009200472384691238, 0.001221215003170073, 0.04508444666862488, -0.0044792708940804005, -0.015768172219395638, 0.03139403089880943, -0.008239866234362125, 0.04636525735259056, -0.013135399669408798, -0.018799418583512306, 0.021332571282982826, 0.00538650993257761, -0.006087396759539843, -0.002940522041171789, 0.004287149757146835, -0.007691964972764254, 0.01754707284271717, -0.015753941610455513, 0.02221490629017353, -0.0007640376570634544, -0.023196859285235405, 0.007684849202632904, 0.027935849502682686, 0.006681549362838268, -0.0007818266749382019, 0.0057565211318433285, 0.018657105043530464, -0.01821593940258026, -0.009058159776031971, 0.026825815439224243, 0.006482312455773354, -0.011086106300354004, -0.011427654884755611, 0.012573267333209515, -0.024321123957633972, -0.003324764547869563, 0.009734142571687698, -0.017831696197390556, 0.024634210392832756, 0.005845466163009405, -0.009691448882222176, -0.004354747943580151, 0.027636993676424026, 0.016536656767129898, 0.0028996074106544256, -0.002856913721188903, 0.0028604716062545776, 0.014686600305140018, -0.012438070960342884, -0.004824377596378326, -0.048841483891010284, -0.017034748569130898, 0.017219753935933113, 0.029202425852417946, -0.009648755192756653, -0.03492337092757225, 0.008311022073030472, 0.010282043367624283, 0.009655870497226715, 0.027523145079612732, -0.010417239740490913, -0.023837262764573097, 0.003700112458318472, 0.038310397416353226, 0.012217487208545208, -0.006016240920871496, -0.020663704723119736, -0.00026394432643428445, -0.016166646033525467, 0.012046712450683117, -0.012637307867407799, 0.007542537059634924, 0.02904588356614113, 0.0006172783905640244, -0.00421955157071352, -0.015398160554468632, 0.02871856652200222, -0.014409092254936695, 0.002438872354105115, -0.010602245107293129, -0.0018945287447422743, -0.020436005666851997, -0.006677991710603237, -0.025971943512558937, 0.0033265436068177223, 0.01971021480858326, 0.0003933593106921762, 0.008709495887160301, 0.008133132010698318, 0.01117149367928505, 0.03244714066386223, 0.006546352989971638, 0.001858950825408101, 0.030597085133194923, 0.024022269994020462, -0.006944826804101467, 0.007499843370169401, -0.001003299723379314, -0.028533561155200005, 0.0029316276777535677, 0.010289158672094345, -0.017390528693795204, 0.009228934533894062, -0.014629676006734371, 0.032504066824913025, 0.004418788477778435, -0.01420985534787178, 0.002172037260606885, -0.018159013241529465, 0.02228606306016445, 0.012779619544744492, -0.02368072047829628, -0.007233008276671171, -0.01422408688813448, -0.013583682477474213, 0.021005254238843918, -0.01904134824872017, 0.004272918216884136, 0.014786219224333763, -0.02291223593056202, -0.004457924049347639, 0.008965657092630863, -0.02161719650030136, -0.020734861493110657, -0.009684332646429539, -0.04682065546512604, -0.001397326122969389, -0.025103840976953506, -0.017589766532182693, 0.018671337515115738, -0.011050528846681118, 0.009769720025360584, 0.0010406567016616464, -0.03845270723104477, 0.016920899972319603, 0.021304110065102577, -0.010545320808887482, -0.01784592680633068, -9.561589104123414e-05, -0.019567903131246567, -0.01226018089801073, 0.021560270339250565, -0.015312773175537586, 0.018955960869789124, -0.000309306284179911, -0.011221302673220634, 0.0011838581413030624, -0.010694748722016811, -0.0024833448696881533, 0.02988552488386631, -0.020293693989515305, -0.005005825310945511, 0.013711763545870781, 0.013192323967814445, -0.0160385649651289, 0.03128018230199814, -0.040075063705444336, 0.04827223718166351, -0.010580899193882942, 0.01971021480858326, -0.0012985971989110112, 0.005564399994909763, -0.005258429329842329, 0.006315095815807581, 0.01700628735125065, -0.01403908059000969, 0.01777477189898491, 0.011128799989819527, 0.02360956370830536, 0.017433222383260727, 0.017931314185261726, -0.012409607879817486, -0.007506959140300751, 0.001787794753909111, -0.004144837614148855, -0.031365569680929184, 0.032532528042793274, -0.003524001454934478, 0.00975548941642046, -0.03088170848786831, -0.005294007249176502, -0.003956274129450321, -0.00989068578928709, 0.049382273107767105, 0.01978137157857418, 0.03665957599878311, 0.00012741373211611062, 0.003513328032568097, 0.023253783583641052, 0.003162884619086981, 0.02360956370830536, -0.0024281989317387342, -0.01369041670113802, 0.006745589897036552, -0.007941010408103466, 0.014828912913799286, 0.011143031530082226, -0.0002757295442279428, -0.0023712741676717997, 0.0016036785673350096, 0.0008458670927211642, 0.016067028045654297, 0.04827223718166351, 0.01573970913887024, 4.967023050994612e-05, -0.0022716557141393423, 0.016863973811268806, -0.0009828424081206322, -0.0040558925829827785, -0.0018046943005174398, 0.02758006937801838, -0.013412907719612122, 0.01961059682071209, 0.021602964028716087, 0.03441104665398598, 0.010716095566749573, 0.006222593132406473, 0.014629676006734371, -0.012680000625550747, 0.0020261674653738737, -0.013135399669408798, 0.0066673182882368565, -0.0010113047901540995, 0.018571719527244568, 0.005614209454506636, 0.005055634770542383, 0.005486128386110067, 0.006806072313338518, 0.02331070974469185, 0.011719394475221634, 0.018116319552063942, -0.020094458013772964, 0.002390841953456402, -0.03458182141184807, -0.01170516386628151, -0.0027626322116702795, -0.0050627500750124454, -0.015056611970067024, 0.002164921723306179, 0.0028409038204699755, 0.014658138155937195, -0.014017733745276928, 0.04107125103473663, 0.00867391750216484, 0.04158357158303261, 0.013299058191478252, 0.003210915019735694, 0.0035880417563021183, -0.02748045139014721, -0.01978137157857418, 0.029344739392399788, 0.0039740633219480515, -0.016152413561940193, -0.03848117217421532, -0.008880269713699818, -0.011000718921422958, -0.002019051695242524, -0.0013003761414438486, 0.0013235018122941256, -0.008097553625702858, -0.0007951683946885169, -0.016266264021396637, 0.0035809262190014124, 0.007727542892098427, 0.02971475012600422, -0.024022269994020462, 0.012921931222081184, 0.024121887981891632, -0.012210370972752571, 0.007663502357900143, -0.030340922996401787, -0.03859502077102661, 0.022157981991767883, -0.01714859902858734, -0.01013973169028759, -0.01724821701645851, -0.007955241948366165, -0.0368303507566452, 0.0011634008260443807, 0.005685365293174982, -0.008033514022827148, -0.04141279682517052, -0.008545836433768272, 0.026256568729877472, -0.0008053971105255187, 0.011299574747681618, 0.018927499651908875, 0.022001437842845917, -0.011249764822423458, -0.041668958961963654, -0.003924253862351179, 0.01315674651414156, 0.027494681999087334, 0.026228105649352074, -0.0015885579632595181, 0.0013003761414438486, -0.053281620144844055, -0.020663704723119736, 0.00747849652543664, -0.015668554231524467, 0.02214375138282776, -0.003390583908185363, -0.007037329487502575, 0.00893719494342804, 0.010531089268624783, -0.002116891322657466, 0.0004963131505064666, 0.007791582960635424, 0.015455085784196854, -0.02968628704547882, 0.0018749608425423503, -0.016935130581259727, -0.004223109222948551, -0.01737629808485508, -0.002913838718086481, 0.014266780577600002, 0.021830664947628975, 0.03130864351987839, 0.01115726213902235, -0.008360831066966057, 0.0008801108924672008, -0.03298792615532875, -0.016992054879665375, 0.01988098956644535, 0.018230170011520386, 0.01105764415115118, 0.005486128386110067, 0.049609970301389694, 0.0006110522663220763, 0.01807362586259842, 0.004262245260179043, 0.004009641241282225, -0.0030597085133194923, 0.0065285637974739075, -0.007976588793098927, -0.008268328383564949, 0.010153962299227715, -0.001752216718159616, -0.014900068752467632, 0.002179152797907591, 0.0022129518911242485, 0.01522738579660654, 0.034041035920381546, -0.0033923627343028784, -0.017931314185261726, -0.0013715320965275168, 0.011861707083880901, -0.007033771835267544, -0.020222539082169533, 0.011797666549682617, -0.014024849981069565, -0.007307722233235836, -0.031337108463048935, 0.017931314185261726, 0.013903884217143059, -0.013782919384539127, 0.00042515716631896794, -0.0291455015540123, -0.003895791480317712, -0.010929563082754612, -0.02017984539270401, 0.0039278119802474976, -0.00036889943294227123, -0.011413424275815487, -0.05555861443281174, -0.009762604720890522, 0.038908105343580246, 0.021901819854974747, 0.00553593784570694, -0.004155511036515236, -0.010459933429956436, 0.002335696015506983, -0.003803288796916604, -0.029828598722815514, -0.022086825221776962, -0.01831555739045143, -0.013597914017736912, 0.014771987684071064, -0.01687820628285408, 0.0029974470380693674, -0.0008609877550043166, 0.024121887981891632, 0.004411672707647085, 0.005621324758976698, 0.022826848551630974, -0.03122325800359249, 0.007197430357336998, -0.0026363302022218704, -0.016593581065535545, -0.002677244832739234, 0.017191292718052864, -0.008609876967966557, 0.001947895740158856, -0.021802201867103577, -0.008296790532767773, -0.02147488482296467, -0.025701550766825676, 0.008716611191630363, -0.01484314352273941, -0.012153446674346924, -0.01207517459988594, 0.0013412907719612122, 0.03893657028675079, -0.015327004715800285, 0.017034748569130898, 0.018301326781511307, 0.030198611319065094, 0.02658388577401638, -0.0008743294747546315, 0.010452818125486374, -0.01265865471214056, 0.007713311351835728, 0.021033717319369316, -0.02452036179602146, 0.024833448231220245, 0.010965141467750072, -0.017717845737934113, 0.018671337515115738, -0.013903884217143059, -0.014757756143808365, -0.011719394475221634, -0.0005510143819265068, 0.004678507801145315, 0.029458587989211082, 0.008851807564496994, -0.008517374284565449, -0.0022787712514400482, 0.002901386236771941, -0.013071359135210514, 0.004536195658147335, 0.0011803003726527095, 0.002214730717241764, -0.028875108808279037, 0.0016917341854423285, 0.0016961813671514392, 0.0073788780719041824, 0.01571124792098999, -0.022186443209648132, -0.021489115431904793, 0.00048475031508132815, 0.000950822199229151, 0.013669069856405258, -0.0094566335901618, -0.017660921439528465, -0.030625546351075172, -0.02308301068842411, -0.0281493179500103, -0.042038969695568085, -0.005781425628811121, 0.006492985878139734, 0.02777930721640587, -0.01764669083058834, 0.004354747943580151, -0.004803030751645565, -0.0018874132074415684, 0.0020101573318243027, -0.00907239131629467, -0.0030917285475879908, -0.009791066870093346, 0.007542537059634924, 0.016935130581259727, -0.01403908059000969, -0.0005688033415935934, -0.01924058608710766, 0.009122200310230255, 0.022855309769511223, 0.009164893999695778, 0.013626376166939735, -0.02067793719470501, 0.008147363550961018, 0.008175825700163841, -0.03839578479528427, 0.005116117186844349, 0.012651538476347923, 0.011712279170751572, 0.04195358231663704, -0.023367634043097496, 0.004792357329279184, 0.004283591639250517, 0.006564142182469368, 0.016522426158189774, -0.006176341790705919, 0.0065890466794371605, -0.01687820628285408, 0.04334824159741402, 0.0011198177235201001, 0.0019941471982747316, -0.01025358121842146, -0.021787971258163452, -0.020492931827902794, 0.025701550766825676, 0.013839843682944775, 0.0150281498208642, 0.0074713812209665775, -0.009655870497226715, 0.01737629808485508, -0.002301896922290325, 0.02111910469830036, -0.01435928326100111, 0.0002921843552030623, 0.007179641630500555, 0.020436005666851997, -0.03762729838490486, -0.02204413153231144, 0.00036756525514647365, 0.01038877759128809, 0.028903571888804436, 0.00393492728471756, -0.008894501253962517, 0.0036431876942515373, -0.0005532379727810621, -0.021204490214586258, 0.006727800704538822, -0.010068575851619244, 0.0427505299448967, 0.01864287443459034, 0.004642929881811142, 0.014444669708609581, -0.010495511814951897, -0.0063222115859389305, -0.012672885321080685, 0.018230170011520386, -0.007051560562103987, -0.0013475168962031603, 0.023339170962572098, -0.03219097852706909, 0.0005305570084601641, 0.0228410791605711, 0.003363900352269411, -0.010168193839490414, -0.008503143675625324, 0.025488082319498062, 0.020891403779387474, -0.004991594236344099, -0.02452036179602146, -0.0012950394302606583, -0.00761369289830327, 0.028903571888804436, -0.009812413714826107, 0.014729293994605541, 0.005728058982640505, 0.019027117639780045, -0.016266264021396637, 0.041042786091566086, -0.017233986407518387, 0.060283370316028595, -0.009947610087692738, 0.012736925855278969, -0.01035319920629263, 0.0022787712514400482, 0.0049666897393763065, -0.0024957971181720495, -0.011285343207418919, 0.015867790207266808, -0.007385993842035532, 0.005276218056678772, 0.012196140363812447, 0.009022582322359085, -0.01854325644671917, -0.02748045139014721, -0.00243531446903944, 0.02748045139014721, -0.01474352553486824, 0.01474352553486824, -0.012060943990945816, 0.005863255355507135, 0.014259664341807365, -0.004283591639250517, 0.005436319392174482, -0.010509742423892021, 0.008773536421358585, -0.010082806460559368, 0.027195828035473824, 0.005767194554209709, -0.00018656215979717672, -0.015440854243934155, -0.0003753479686565697, -0.00962029304355383, -0.027210058644413948, 0.003250050824135542, -0.002179152797907591, -0.03187789395451546, -0.030625546351075172, -0.01315674651414156, 0.034866444766521454, 0.01697782427072525, 0.013661953620612621, -0.003931369632482529, 0.013754457235336304, 0.03765575960278511, -0.041242022067308426, 0.003269618609920144, 0.016792818903923035, 0.0027661898639053106, -0.02288377285003662, 0.014466016553342342, -0.008510258980095387, -0.05168772488832474, 0.029430126771330833, -0.008503143675625324, -0.02894626557826996, -0.03708651289343834, 0.024491898715496063, -0.01169093232601881, 0.015156229957938194, -0.005642671603709459, -0.010716095566749573, 0.021261416375637054, 0.021062178537249565, 0.01063782349228859, 0.02221490629017353, -0.007240124046802521, -0.03256098926067352, 0.005475454963743687, 0.021161798387765884, -0.0059735472314059734, 0.0013750898651778698, -0.014138699509203434, 0.007962357252836227, 0.019866758957505226, -0.0030632661655545235, -0.006464523728936911, -0.007279260084033012, 0.014601212926208973, -0.025858094915747643, 0.003008120460435748, 0.02050716243684292, -0.009534905664622784, -0.016465499997138977, -0.01364060677587986, -0.014202740043401718, 0.009200472384691238, -0.008047744631767273, 0.01207517459988594, 0.010153962299227715, 0.017831696197390556, 0.007158294785767794, -0.016195107251405716, 0.005372278857976198, -0.039705052971839905, -0.029102807864546776, -0.03358563780784607, -0.007442918606102467, 0.026043100282549858, 0.0008547615725547075, -0.02154603973031044, -0.02045023813843727, -0.01971021480858326, -0.02477652207016945, -0.017618227750062943, 0.0002172481908928603, -0.007606577593833208, 0.013775804080069065, 0.02807816118001938, -0.015995871275663376, 0.010011650621891022, -0.03907888010144234, 0.014487363398075104, 0.028604716062545776, -0.003563137259334326, -0.0026879182551056147, -0.013220787048339844, -0.010580899193882942, -0.01824440062046051, -0.023666489869356155, -0.021631427109241486, 0.003991852048784494, -0.021887589246034622, -0.001234556781128049, 0.01864287443459034, -0.004030988086014986, -0.022300293669104576, -0.02288377285003662, -0.01971021480858326, 0.013050012290477753, -0.0023392539005726576, 0.0033229857217520475, -0.04479982331395149, -0.004497060086578131, 0.03167865425348282, -0.0009072391549125314, -0.020265230908989906, 0.002029725117608905, 0.01737629808485508, -0.004514848813414574, -0.015156229957938194, -0.041668958961963654, -0.018187476322054863, 0.034240271896123886, -0.03221943974494934, 0.01737629808485508, 0.01931174099445343, -0.014017733745276928, 0.028277399018406868, 0.004208878148347139, 0.007115601096302271, -0.034069497138261795, 0.006592604331672192, -0.0062617287039756775, -0.004180415533483028, 0.0011473906924948096, -0.028277399018406868, 0.0055679576471447945, -0.0008489801548421383, -0.021104872226715088, 0.005962873809039593, -0.021019484847784042, -0.0060838391073048115, 0.005681807640939951, -0.010851291939616203, -0.009783951565623283, 0.001507617998868227, -0.019454052671790123, -0.015013918280601501, -0.006752705201506615, -0.031365569680929184, 0.0007907211547717452, -0.007748889736831188, -0.018770955502986908, -0.022399911656975746, 0.007343300152570009, -0.0007017761818133295, -0.012196140363812447, -0.007350415922701359, -0.018386712297797203, -0.004013198893517256, 0.00724723981693387, 0.013178093358874321, 0.23384711146354675, -0.007855623960494995, -0.005205062218010426, 0.02561616338789463, -0.019454052671790123, 0.015825096517801285, 0.007670618128031492, -0.0032838499173521996, 0.0018358250381425023, 0.027807768434286118, 0.0011055865325033665, -0.004895533435046673, -0.04152664914727211, 0.005308238323777914, -0.01495699305087328, -0.03415488451719284, -0.03398410975933075, -0.024662673473358154, -0.014928530901670456, -0.018400944769382477, 0.009371246211230755, 0.0071227168664336205, -0.005838350858539343, -0.019069811329245567, 0.04343362897634506, 0.015853559598326683, 0.01931174099445343, 0.01403908059000969, 0.010417239740490913, 0.018130552023649216, -0.017660921439528465, -0.01571124792098999, 0.009051044471561909, -0.015412392094731331, 0.011605544947087765, 0.0020243884064257145, 0.019937913864850998, 0.01618087664246559, 0.015497779473662376, -0.005493244156241417, 0.040473539382219315, -0.026427341625094414, 0.0020670820958912373, -0.012751157395541668, 0.007464265450835228, 0.0034635188058018684, -0.010758789256215096, -0.02278415486216545, 0.013832728378474712, 0.02988552488386631, -0.020094458013772964, -0.005596420262008905, -0.005336700938642025, 0.005621324758976698, 0.015298542566597462, -0.01998060755431652, 0.01430947333574295, -0.007343300152570009, 0.010573782958090305, 0.008830460719764233, -0.029074346646666527, 0.03045477159321308, -0.014885837212204933, 0.01704898104071617, -0.020265230908989906, 0.022855309769511223, 0.0006933263503015041, -0.0030757186468690634, 0.029430126771330833, -0.019197892397642136, 0.011128799989819527, -0.009378362447023392, 0.022428374737501144, -0.0014871605671942234, -0.024491898715496063, -0.0011358278570696712, 0.005041403230279684, 0.029800137504935265, 0.029771674424409866, 0.01740475930273533, -0.014508710242807865, -0.0368303507566452, 0.003008120460435748, 0.01180478185415268, -0.025829631835222244, -0.01417427696287632, -0.00563555583357811, -0.006229708902537823, -0.016536656767129898, 0.009748373180627823, 0.019866758957505226, 0.003089949721470475, -0.006076723337173462, -0.013932347297668457, 0.011890169233083725, 0.006948384456336498, -0.006880786269903183, -0.0004029209085274488, -0.007435803301632404, 0.009314321912825108, -0.02598617598414421, 0.02775084413588047, 0.0045575425028800964, -0.013199440203607082, -0.024762291461229324, 0.028732797130942345, -0.008453333750367165, -0.010716095566749573, 0.014117352664470673, -0.033671025186777115, -0.02661234885454178, -0.03028399869799614, 0.015213155187666416, 0.0023339171893894672, -0.004891975782811642, 0.012317105196416378, -0.006443176884204149, -0.007385993842035532, -0.0033034177031368017, 0.006439618766307831, 0.01697782427072525, -0.02832009270787239, -0.00975548941642046, 0.002360600745305419, -0.017162829637527466, -0.00616922602057457, 0.004660718608647585, -0.007158294785767794, -0.014181393198668957, -0.02777930721640587, -0.018187476322054863, 0.0026007522828876972, 0.005664018448442221, -0.00907239131629467, -0.01314251497387886, 0.0017433222383260727, -0.024691136553883553, -0.003885118290781975, -0.00838929321616888, 0.0028409038204699755, 0.022456837818026543, 0.011698048561811447, -0.0030241303611546755, -0.04078662395477295, 0.029102807864546776, -0.016024334356188774, -0.013384445570409298, -0.016835512593388557, -0.019084041938185692, -0.024363817647099495, -0.020065994933247566, -0.007748889736831188, 0.001409778487868607, 0.008474680595099926, 0.018557487055659294, -0.036175716668367386, -0.014985456131398678, -0.03825347125530243, 0.01129245851188898, 0.003449287498369813, -0.02671196684241295, 0.001354632549919188, 0.03671650215983391, 0.005208619870245457, -0.01330617442727089, -0.018002470955252647, -0.18489177525043488, 0.004457924049347639, 0.023324940353631973, -0.015753941610455513, 0.00270214956253767, 0.02931627631187439, 0.03902195766568184, -0.010751673020422459, -0.01928327977657318, 0.028633179143071175, 0.005112559534609318, -4.1081479139393196e-05, -0.05886025354266167, -0.0055181486532092094, -0.028035467490553856, -0.004596678074449301, 0.013555220328271389, 0.007805814500898123, 0.012765388004481792, 0.0155262416228652, 0.009051044471561909, -0.012715579010546207, 0.024164581671357155, -0.0067776101641356945, -0.0004215993685647845, -0.008083323016762733, -0.012402492575347424, -0.029857061803340912, 0.0030828341841697693, -0.047276053577661514, 0.002536711748689413, 0.0022556455805897713, -0.01938289776444435, -0.026100024580955505, -0.006987520027905703, -0.01170516386628151, 0.006034029647707939, -0.036175716668367386, -0.01623780094087124, 0.022300293669104576, 0.00270214956253767, 0.025573469698429108, 0.003910022787749767, 0.001866066362708807, 0.004237340297549963, 0.032333292067050934, 0.008681033737957478, -0.014096005819737911, -0.008816230110824108, 0.01710590533912182, 0.019496746361255646, -0.029800137504935265, 0.004518406465649605, -0.006948384456336498, 0.015796633437275887, -0.004650045186281204, 0.009847992099821568, 0.011100337840616703, -0.02452036179602146, -0.021033717319369316, 0.0028782605659216642, -0.01618087664246559, -0.00999030377715826, -0.007855623960494995, -0.024790754541754723, -0.005454108119010925, -0.016622044146060944, 0.014117352664470673, -0.021958744153380394, 0.014409092254936695, -0.012850775383412838, -0.004130606539547443, 0.007119158748537302, 0.009926263242959976, -0.005564399994909763, 0.0012861448340117931, -0.005841908510774374, 0.019325971603393555, -0.0022769924253225327, 0.015170461498200893, -0.0009757268126122653, 0.03278869017958641, -0.00336034270003438, 0.010502627119421959, -0.010282043367624283, -0.01403908059000969, -0.01958213374018669, 0.007976588793098927, -0.023709183558821678, -0.02030792459845543, 0.028832415118813515, -0.0017700057942420244, 0.0064787548035383224, -0.02147488482296467, 0.02601463720202446, -0.002442430006340146, 0.010267812758684158, 0.016693200916051865, 0.017831696197390556, -0.0034137095790356398, 0.004973805043846369, 0.009442402981221676, -0.012985971756279469, 0.01105764415115118, 0.013548104092478752, 0.02718159556388855, 0.008794883266091347, 0.009627408348023891, 0.039904288947582245, 0.0006710901507176459, -0.03626110404729843, 0.019653290510177612, 0.009499327279627323, 0.023737644776701927, -0.009748373180627823, 0.014544288627803326, 0.005197946447879076, -0.009300090372562408, -0.01834401860833168, 0.002842682646587491, 0.02648426778614521, -0.02588655613362789, -0.009947610087692738, 0.01134226843714714, -0.01764669083058834, -0.00999030377715826, -0.11407731473445892, -0.018301326781511307, 0.003438614308834076, -0.005980662535876036, 0.008261213079094887, 0.021005254238843918, 0.006201246287673712, 0.007691964972764254, 0.0017433222383260727, 0.02358110249042511, -0.024563055485486984, -0.020834479480981827, 0.0057565211318433285, -0.01382561307400465, -0.013654838316142559, 0.012331336736679077, -0.012253064662218094, 0.001889192033559084, -0.002647003624588251, 0.02951551228761673, 0.0015600955812260509, -0.006165668368339539, 0.011199955828487873, 0.00409502862021327, 0.0023232437670230865, -0.006756263319402933, -0.013363098725676537, 0.005343816243112087, 0.0026594558730721474, 0.021503346040844917, 0.015156229957938194, -0.0030525927431881428, -0.013384445570409298, -0.004148395266383886, -0.00270214956253767, -0.0024370932951569557, -0.010346083901822567, -0.004237340297549963, 0.010346083901822567, -0.01304289698600769, 0.0054718973115086555, 0.009655870497226715, 0.0291455015540123, -0.03025553561747074, -0.019895220175385475, 0.0014391302829608321, -0.02477652207016945, 0.04929688572883606, -0.016721662133932114, -0.03276022896170616, -0.02671196684241295, 0.001699739252217114, -0.02874702773988247, -0.004208878148347139, 0.011890169233083725, -0.02187335677444935, -0.011698048561811447, 0.008104669861495495, -0.018429405987262726, -0.02077755518257618, -0.012865006923675537, 0.029657825827598572, 0.017233986407518387, 0.03142249584197998, 0.017902852967381477, 0.003924253862351179, -0.006852323655039072, 0.01914096623659134, 0.025174995884299278, -0.005482570733875036, -0.025075377896428108, 0.0009935158304870129, -0.02194451354444027, 0.017532840371131897, -0.025473851710557938, 0.010381662286818027, -0.002536711748689413, -0.00036400745739229023, 0.008282559923827648, -0.007314838003367186, -0.0037890574894845486, -0.022229136899113655, -0.01904134824872017, -0.01581086590886116, 0.0070942542515695095, 0.010950909927487373, -0.010232234373688698, -0.0035097701475024223, -0.01737629808485508, -0.032333292067050934, 0.004959573969244957, 0.035008758306503296, -0.011811898089945316, -0.0046073514968156815, -0.03469567000865936, 0.004849282093346119, -0.004408115055412054, 0.02782200090587139, -0.002202278468757868, 0.002504691481590271, 0.0008298569591715932, -0.023125702515244484, -0.06665895134210587, 0.00631153816357255, 0.033272549510002136, 0.0028248936869204044, 0.004151953384280205, -0.011470348574221134, 0.0032998600509017706, -0.028362786397337914, -0.0011687374208122492, 0.010737442411482334, -0.015796633437275887, 0.011484580114483833, 0.010552436113357544, 0.004564658273011446, -0.0018064732430502772, -0.00800505094230175, 0.020791785791516304, -0.012530573643743992, 0.016849743202328682, 0.002035061828792095, 0.0047176433727145195, 0.0006973288836888969, -0.008218519389629364, 0.013092705979943275, -0.0035382325295358896, 0.005909506697207689, -0.0016383671900257468, 0.015298542566597462, -0.026199642568826675, -0.031109407544136047, 0.01406042743474245, -0.007037329487502575, 0.018059395253658295, 0.022058364003896713, -0.017120135948061943, -0.015483547933399677, 0.006126532331109047, 0.021033717319369316, 0.014828912913799286, 0.011278227902948856, 0.010915332473814487, -0.007720427121967077, 0.013839843682944775, -0.0123597988858819, 0.028007006272673607, 0.001683729118667543, 0.002983215730637312, 0.0069661736488342285, 0.004187531303614378, 0.0007871633861213923, 0.014288126491010189, 0.010189540684223175, -0.011747857555747032, -0.013476948253810406, -0.009278743527829647, -0.022058364003896713, -0.016664737835526466, 0.002202278468757868, 0.007663502357900143, -0.034439507871866226, 0.035435691475868225, -0.0030668240506201982, 0.017660921439528465, -0.002090207766741514, 0.005909506697207689, -0.01963905803859234, -0.007176083512604237, 0.006624624598771334, 0.020094458013772964, -0.0388227179646492, -0.03335793688893318, 0.008951426483690739, 0.010367430746555328, 0.015483547933399677, 0.01628049463033676, 0.02010868862271309, -0.005859697237610817, 0.001803804887458682, -0.0017077442025765777, 0.023068778216838837, -0.0023339171893894672, -0.029800137504935265, -0.023296477273106575, 0.006475197151303291, 0.039875827729701996, -0.009164893999695778, -0.015896253287792206, 0.007154736667871475, 0.014700831845402718, 0.00723656639456749, -0.033671025186777115, 0.000781381968408823, -0.005607093684375286, 0.008773536421358585, -0.023339170962572098, 0.00393492728471756, -0.00838929321616888, -0.011363615281879902, 0.013932347297668457, 0.01025358121842146, -0.012985971756279469, 0.01707744225859642, 0.011954209767282009, -0.03167865425348282, -0.017632460221648216, 0.025274615734815598, -0.023566870018839836, -0.036033403128385544, -0.002663013758137822, 0.011527273803949356, -0.026327723637223244, -0.013818496838212013, -0.01364060677587986, 0.01990945264697075, -0.020364850759506226, 0.010196655988693237, -0.012537688948214054, -0.006727800704538822, -0.01914096623659134, 0.004706969950348139, 0.011612661182880402, 0.02581540122628212, 0.016195107251405716, 0.0006799846305511892, 0.027423527091741562, 0.012203255668282509, 0.02578693814575672, -0.020137151703238487, -0.014202740043401718, 0.001592115731909871, 0.011854591779410839, -0.00019089823763351887, -0.009783951565623283, -0.021289877593517303, -0.006375578697770834, -0.0023730529937893152, -0.016821280121803284, 0.009371246211230755, -0.007442918606102467, 0.08504566550254822, 0.0160101018846035, -0.0057067121379077435, -0.010054344311356544, -0.005941526964306831, 0.031365569680929184, 0.022798385471105576, 0.00485283974558115, -9.77839226834476e-05, -0.008723726496100426, 0.014900068752467632, 0.005688922945410013, 0.01340579241514206, -0.004066566005349159, -0.008581414818763733, -0.008794883266091347, 0.0029814369045197964, -0.010929563082754612, 0.006357789505273104, 0.011000718921422958, 0.014530057087540627, 0.027622763067483902, -0.0024104099720716476, 0.002458440139889717, -0.007243681699037552, -0.007884086109697819, 0.015512010082602501, 0.010089922696352005, -0.024193042889237404, -0.03025553561747074, 0.021972976624965668, -0.0049844784662127495, -0.007336184848099947, -0.005767194554209709, -0.00405945023521781, 0.018486332148313522, -0.01697782427072525, -0.030710933730006218, 0.014124467968940735, 0.05146002769470215, 0.004614467266947031, -0.005500359460711479, -0.014565635472536087, -0.025971943512558937, -0.013220787048339844, 0.009150663390755653, 0.009214702993631363, -0.012253064662218094, -0.016365882009267807]"
7221,"Mongo $or query using both $exists and $eq<p>Let's say I have a mongoose schema as follows:</p>

<pre><code>const itemSchema = new Schema({
  category: { type: String, required: false },
  doSomething: { type: Boolean, required: false }
});

const Item = Mongoose.model('Item', itemSchema);
</code></pre>

<p>The query I'm trying to do is:</p>

<p>""Find documents where category is ""some_category"" and doSomething is either equal to false or is empty""</p>

<pre><code>const query = {
  category: 'some_category',
  doSomething: { '$or': [{ '$eq': false }, { '$exists' : false }] }
};
Item.find(query);
</code></pre>

<p>However, the find is throwing an error:</p>

<pre><code>Cast to Boolean failed for value ""[ { '$eq': false }, { '$exists': false } ]"" at path ""doSomething"" for model ""Item""
</code></pre>

<p>I'm thinking it's something in the way I'm using the $or operator but I've spent a few hours fussing with it and am at a loss.
Queries that don't use the $or are working fine, with either $eq or $exists.</p>

<p>Any thoughts?</p>
","Have you tried creating a new image with 32bpp ARGB, drawing the JPEG on that and then the PNGs?","Embed Field: Mongo $or query using both $exists and $eq<p>Let's say I have a mongoose schema as follows:</p>

<pre><code>const itemSchema = new Schema({
  category: { type: String, required: false },
  doSomething: { type: Boolean, required: false }
});

const Item = Mongoose.model('Item', itemSchema);
</code></pre>

<p>The query I'm trying to do is:</p>

<p>""Find documents where category is ""some_category"" and doSomething is either equal to false or is empty""</p>

<pre><code>const query = {
  category: 'some_category',
  doSomething: { '$or': [{ '$eq': false }, { '$exists' : false }] }
};
Item.find(query);
</code></pre>

<p>However, the find is throwing an error:</p>

<pre><code>Cast to Boolean failed for value ""[ { '$eq': false }, { '$exists': false } ]"" at path ""doSomething"" for model ""Item""
</code></pre>

<p>I'm thinking it's something in the way I'm using the $or operator but I've spent a few hours fussing with it and am at a loss.
Queries that don't use the $or are working fine, with either $eq or $exists.</p>

<p>Any thoughts?</p>; Answer: Have you tried creating a new image with 32bpp ARGB, drawing the JPEG on that and then the PNGs?","[-0.017114577814936638, 0.03451945632696152, 0.0019347916822880507, -0.01691664382815361, -0.02961072511970997, 0.02687925472855568, -0.002347151516005397, -0.02694523148238659, -0.019529355689883232, -0.009804264642298222, 0.005552011076360941, 0.004648118745535612, 0.011519680730998516, -0.01938420534133911, -0.013855285942554474, -0.008326367475092411, 0.0077919489704072475, 0.007871122099459171, -0.008656254969537258, -0.01621728204190731, -0.01097866427153349, 0.005581700708717108, -0.018275782465934753, -0.007864524610340595, -0.008992739953100681, 0.004347920883446932, 0.02330327220261097, -0.009190673008561134, 0.0052221231162548065, 0.008332964964210987, 0.030508019030094147, 0.0030613583512604237, -0.039480965584516525, -0.01875082030892372, -0.022300412878394127, 0.009586538188159466, 0.001718715182505548, 0.005964370910078287, 0.026417411863803864, 0.024688800796866417, 0.03383328765630722, 0.0036122710444033146, -0.009672309271991253, -0.020334281027317047, 0.0014712994452565908, 0.027209142223000526, 0.0042258622124791145, -0.0161513052880764, -0.01571585237979889, 0.0016115016769617796, 0.011387725360691547, 0.034361109137535095, -0.03839893639087677, -0.010398061946034431, -0.01572904922068119, 0.003092697821557522, 0.006835274398326874, 0.014910927042365074, 0.025572899729013443, 0.002670441521331668, 0.01810424029827118, 0.015570702031254768, -0.004506266675889492, 0.001967780524864793, -0.023197706788778305, -0.01873762533068657, -0.007758960127830505, -0.00884758960455656, -0.017866721376776695, -0.009685504250228405, 0.0047173951752483845, 0.016824275255203247, -0.018302172422409058, -0.004100504796952009, 0.03391246125102043, -0.022775450721383095, -0.027842527255415916, -0.0023389041889458895, -0.0005575102986767888, -0.008187814615666866, 0.0122850202023983, -0.0161513052880764, -0.01859247498214245, 0.020162740722298622, -0.0014077960513532162, -0.0014778971672058105, -0.0038827788084745407, 0.027050796896219254, -0.0076336027123034, 0.005489332135766745, 0.00948097463697195, 0.011440507136285305, 0.025097860023379326, -0.024306129664182663, -0.0017286118818446994, 0.02253793179988861, 0.001411919598467648, 0.03314712271094322, -0.013842090032994747, 0.007132173515856266, -0.03826697915792465, 0.012694081291556358, -0.010338682681322098, -0.005552011076360941, -0.006762699224054813, 0.020479431375861168, -0.0026193088851869106, -0.0056575750932097435, 0.004493071231991053, -0.01600615493953228, 0.013710135594010353, 0.0221156757324934, 0.012878818437457085, -0.009434790350496769, -0.004908729810267687, 0.001183472340926528, 0.008154825307428837, -0.019687701016664505, -0.032804038375616074, -0.0013113038148730993, 0.005908289924263954, -0.005288100801408291, 0.03272486478090286, -0.027763353660702705, 0.02757861651480198, -0.01316252164542675, -0.0010053329169750214, -0.027129968628287315, 0.019265444949269295, -0.026628538966178894, 0.04167142137885094, 0.014924122020602226, 0.012614907696843147, 0.020479431375861168, -0.013868480920791626, 0.007673189043998718, -0.045603685081005096, 0.006063336972147226, -0.012944795191287994, -0.018513301387429237, 0.01853969134390354, 0.004756981506943703, 0.010536614805459976, -0.007316910661756992, -0.03201230987906456, 0.038504499942064285, -0.003668351797387004, 0.007066195830702782, -0.001642841030843556, 0.0003226714616175741, 0.015636680647730827, 0.016230477020144463, 0.02821200154721737, 0.007079391274601221, 0.013974045403301716, 0.006030348129570484, -0.00859687477350235, 0.00495161535218358, 0.013855285942554474, -0.025718050077557564, 0.007039804942905903, 0.012555528432130814, -0.01501649059355259, 0.0070925867184996605, 0.01831536926329136, 0.026021545752882957, 0.021601051092147827, 0.003031668486073613, -0.006281062960624695, -0.02154826931655407, -0.019133489578962326, 0.029795462265610695, -0.027341097593307495, 0.012799644842743874, -0.0028667247388511896, -0.007132173515856266, -0.0034242349211126566, 0.02098086103796959, -0.02359357289969921, -0.002780953887850046, -0.00040576193714514375, 0.012067294679582119, 0.011994718573987484, 0.01902792602777481, -0.008471517823636532, -0.022405976429581642, -0.025177033618092537, -0.032117873430252075, -0.023527594283223152, 0.020888492465019226, -0.007818340323865414, 0.02168022282421589, -0.0020568501204252243, 0.0005942103452980518, -0.6283174157142639, -0.023474812507629395, 0.006413017865270376, -0.02990102581679821, 0.005423354916274548, -0.012172858230769634, -0.02380470000207424, 0.018368151038885117, -0.046342633664608, 0.022973382845520973, -0.01484494935721159, 0.009296237491071224, 0.005116559099406004, -0.0021871558856219053, 0.0030992955435067415, -0.013696939684450626, 0.029425987973809242, -0.013373649679124355, 0.009593135677278042, 0.011842970736324787, -0.019054317846894264, 0.009705297648906708, 0.0026852863375097513, -0.0013690341729670763, -0.013347258791327477, -0.0010696611134335399, -0.007422474678605795, -0.029241250827908516, 0.018064653500914574, 0.04087969288229942, -0.04428413137793541, 0.028475910425186157, -0.005030788481235504, 0.016270063817501068, 0.05410159379243851, -0.022999774664640427, -0.029478769749403, 0.012931600213050842, -0.0009789419127628207, 0.04943038150668144, -0.0256256815046072, 0.009817459620535374, 0.01748405210673809, -0.008689243346452713, 0.0021294255275279284, 0.00667033065110445, 0.015491529367864132, 0.000916263263206929, 0.018922362476587296, -0.020043980330228806, -0.003130634780973196, 0.004371013026684523, 0.0028007470536977053, 0.011420714668929577, 0.001829227665439248, -0.0039652506820857525, 0.023989437147974968, -0.037871114909648895, 0.013360453769564629, 0.0016857264563441277, -0.0032164056319743395, 0.0015224319649860263, -0.03615569695830345, -0.0026803379878401756, -0.022274021059274673, 0.017602810636162758, 0.00782493781298399, -0.00023751918342895806, 0.010569604113698006, -0.012080489657819271, 0.02815921977162361, 0.01168462447822094, -0.017893111333251, 0.004499669186770916, 0.008643059059977531, 0.029716288670897484, 0.04449526220560074, -0.029214859008789062, -0.012278422713279724, -0.018407737836241722, 0.02752583473920822, -0.006544973235577345, -0.022485150024294853, 0.012040902860462666, 0.01938420534133911, -0.021297553554177284, -0.02961072511970997, 0.0010069824056699872, 0.020888492465019226, -0.005525620188564062, 0.006627445109188557, 0.026998013257980347, -0.006676928140223026, -0.01130195427685976, -0.014171978458762169, -0.010919285006821156, 0.0019727288745343685, 0.012449963949620724, 0.020479431375861168, -0.036815475672483444, -0.02252473682165146, -0.007323508150875568, -0.00982405710965395, 0.01620408706367016, 0.031062230467796326, 0.015108859166502953, -0.025295794010162354, 0.011968327686190605, 0.011163401417434216, -0.04739827290177345, -0.009956012479960918, 0.007917306385934353, -0.020532215014100075, -0.008022869937121868, -0.004684406332671642, -0.025665268301963806, 0.02266988717019558, 0.011849568225443363, 0.008273584768176079, -0.012997577898204327, 0.018658451735973358, 0.0067132157273590565, 0.018829993903636932, -0.029452379792928696, 0.009645918384194374, 0.011605451814830303, -0.015465138480067253, -0.013274683617055416, 9.20077582122758e-05, 0.0024362211115658283, 0.009692102670669556, -0.022432368248701096, 0.01993841677904129, -0.003242796752601862, -0.0058357142843306065, -0.004054320510476828, -0.0024378704838454723, 0.0042786444537341595, 0.0080756526440382, 0.0065944562666118145, -0.0067692967131733894, 0.016481192782521248, 0.017088185995817184, -0.015768634155392647, 0.012331204488873482, -0.014383106492459774, -0.04101164638996124, -0.006940838415175676, -0.03940179571509361, 0.011618646793067455, -0.022643495351076126, -0.0337013341486454, 0.006356936879456043, 0.008999338373541832, -0.012595114298164845, 0.001642841030843556, -0.0003735978971235454, -0.009434790350496769, -0.024952709674835205, -0.02218165248632431, 0.012278422713279724, 0.04101164638996124, -0.036525171250104904, -0.01429073791950941, -0.012304813601076603, -0.03459862992167473, -0.014686603099107742, 0.01795908994972706, 0.007580820471048355, -0.0070332069881260395, 0.0019149984000250697, -0.011242575012147427, -0.016863862052559853, -0.02204969711601734, 0.012199249118566513, -0.002038706326857209, -0.04051021859049797, -0.010365073569118977, 0.012595114298164845, 0.0023405535612255335, 0.00415988452732563, 0.0020172635558992624, 0.008128434419631958, -0.0024213760625571012, 0.029505161568522453, 0.007666591554880142, 0.027077186852693558, 0.028317565098404884, -0.011420714668929577, 0.035100057721138, -0.011968327686190605, 0.03399163484573364, -0.02855508401989937, -0.02505827322602272, -0.00897954497486353, 0.01938420534133911, 0.0055948966182768345, 0.029848244041204453, -0.012476354837417603, 0.0031735203228890896, -0.014053218066692352, 0.02294699288904667, 0.013868480920791626, -0.00377391604706645, 0.007607211824506521, -0.02043984644114971, -0.011354736983776093, -0.002101385034620762, 0.033094339072704315, 0.03707938268780708, 0.010470637120306492, -0.03483614698052406, -0.0023586975876241922, -0.021152403205633163, 0.00408730935305357, 0.02863425761461258, 0.006782492157071829, 0.003856387920677662, -0.024833951145410538, -0.005169341340661049, -0.009355616755783558, -0.01130195427685976, -6.169287644297583e-06, 0.014910927042365074, 0.006861665286123753, 0.019529355689883232, -0.02092807926237583, 0.008682645857334137, -0.012192651629447937, -0.02190454676747322, 0.004209368024021387, 0.00756102753803134, -0.004766878206282854, -0.0002880332467611879, 0.00347371818497777, 0.016599951311945915, 0.05130414292216301, 0.0107015585526824, 0.023606767877936363, -0.030428847298026085, -0.002134373877197504, 0.03692103922367096, 0.007811741903424263, 0.00417307997122407, 0.016731906682252884, 0.019001534208655357, 0.027631398290395737, 0.03198591619729996, -0.02588959038257599, 0.024160979315638542, 0.009606331586837769, 0.012852426618337631, -0.015346378087997437, 0.005416756961494684, 0.030006591230630875, 0.00675610126927495, 0.0011339891934767365, 0.016586756333708763, -0.001888607395812869, 0.012918404303491116, 0.008253791369497776, -0.024108197540044785, 0.02610071934759617, 0.001962832175195217, 0.019001534208655357, -0.00671981368213892, -0.0136837437748909, -0.01629645563662052, 0.0001672118523856625, 0.0179063081741333, -0.009513963013887405, -0.039349012076854706, 0.01018033642321825, -0.037739161401987076, -0.0019314928213134408, 0.0038036059122532606, -0.025308988988399506, 0.02379150502383709, 0.023078948259353638, 0.011717612855136395, -0.023184511810541153, -0.019357813522219658, 0.00519243348389864, 0.00668352609500289, 0.001299757743254304, -0.026588954031467438, -0.013393443077802658, 0.028106436133384705, 0.0018737624632194638, 0.02021552249789238, 0.031537268310785294, 0.008999338373541832, 0.009791068732738495, -0.0147393848747015, 0.0017599512357264757, 0.015280401334166527, 0.01733889989554882, 0.020479431375861168, 0.002556630177423358, 0.013116337358951569, 0.013710135594010353, 0.034915320575237274, -0.021495485678315163, -0.009942817501723766, 0.03327907621860504, -0.013248292729258537, 0.01217945571988821, -0.026509780436754227, 0.012271824292838573, -0.008636461570858955, -0.00023298323503695428, 0.007323508150875568, -0.008464920334517956, 0.0017203646712005138, 0.00278920098207891, 0.019489768892526627, -0.007627004757523537, 0.0035034080501645803, 0.02063777856528759, 0.0023553986102342606, 0.002772706560790539, -0.017866721376776695, -0.007798546459525824, -0.02098086103796959, 0.026971623301506042, 0.018843188881874084, -0.001717065810225904, 0.001622223062440753, -0.012957991100847721, 0.01221244502812624, -0.010516821406781673, -0.015583897940814495, 0.01656036637723446, -0.0052188243716955185, -0.01810424029827118, 0.006954033859074116, 0.025784026831388474, -0.015465138480067253, 0.026575757190585136, 0.003363205585628748, 0.013373649679124355, -0.008768416941165924, -0.017246531322598457, 0.002784252632409334, -0.007976685650646687, -0.013208705931901932, 0.016679124906659126, 0.0207169521600008, 0.0026110615581274033, 0.00385968666523695, -0.011618646793067455, 0.0008354407618753612, 0.013670548796653748, -0.0029475472401827574, 0.014171978458762169, -0.01551792025566101, 0.02408180572092533, -0.005782932508736849, 0.00385968666523695, 0.06154385954141617, 0.017510442063212395, 0.009639319963753223, 0.005746644921600819, -0.0005096765817143023, 0.008022869937121868, 0.025493726134300232, -0.0057169548235833645, 0.009685504250228405, 0.00810204353183508, -0.025256207212805748, -0.032672084867954254, 0.0011216184357181191, 0.007013413589447737, 0.02897734008729458, -0.015293596312403679, -0.007937099784612656, -0.011955132707953453, -0.01168462447822094, 0.019753679633140564, 0.006610950455069542, -0.004311632830649614, -0.01769517920911312, -0.010919285006821156, -0.028739821165800095, 0.012601712718605995, -0.006201889831572771, 0.037580814212560654, 0.0051792380400002, -0.019397400319576263, -0.036261264234781265, -0.02323729358613491, -0.013195510022342205, -0.03655156493186951, 0.014330323785543442, -0.04156585782766342, -0.03539035841822624, -0.02092807926237583, 0.011717612855136395, 0.02710357867181301, 0.017312509939074516, 0.009177477099001408, 0.0013500656932592392, 0.006063336972147226, 0.0016741803847253323, -0.017708374187350273, -0.00503738597035408, -0.02863425761461258, -0.01393445860594511, 0.001411919598467648, 0.004991201683878899, 0.013696939684450626, 0.016652734950184822, -0.021284358575940132, 0.02394985221326351, 0.018513301387429237, 0.0020535513758659363, 0.0052749053575098515, -0.014831753447651863, 0.014778971672058105, 0.00468770507723093, 0.002536836778745055, 0.01600615493953228, 0.003165272995829582, -0.010536614805459976, -0.0012906858464702964, 0.012727069668471813, -0.033516597002744675, -0.024160979315638542, -0.003800306934863329, 0.019978003576397896, 0.0052749053575098515, 0.014633821323513985, -0.012014511972665787, -0.009909828193485737, -0.022933797910809517, -0.015214423649013042, 0.0047239926643669605, 0.005010995082557201, 0.01880360208451748, 0.0161381084471941, 0.00407411390915513, 0.03385968133807182, 0.014145586639642715, -0.009962609969079494, -0.01270727626979351, -0.008709036745131016, 0.0171937495470047, -0.014409497380256653, -0.011282161809504032, 0.005317790899425745, -0.010318889282643795, -0.02210248075425625, 0.0005455518839880824, 0.0024906524922698736, 0.010008794255554676, 0.022010112181305885, -0.009428191930055618, 0.00018793293565977365, -0.045445337891578674, -0.006224981974810362, -0.0049582128413021564, 0.01881679706275463, -0.009236857295036316, 0.005116559099406004, -0.0033912460785359144, -0.013010772876441479, 0.0007381238392554224, -0.026628538966178894, -0.009606331586837769, -0.02934681437909603, -0.01343962736427784, 0.031062230467796326, 0.003450626041740179, 0.019278639927506447, 0.017602810636162758, 0.020268304273486137, 0.004479875788092613, -0.012482953257858753, -0.019608529284596443, -0.04343961924314499, -0.008379149250686169, -0.003285682061687112, 0.030164936557412148, 0.013842090032994747, 0.026298651471734047, -0.009606331586837769, 0.03713216632604599, -0.014858144335448742, 0.012614907696843147, 0.01923905499279499, 0.011282161809504032, -0.013353856280446053, -0.01888277567923069, 0.006508685648441315, 0.017431268468499184, 0.0065350765362381935, 0.024820754304528236, 0.010549810715019703, 0.011618646793067455, 0.029795462265610695, -0.013868480920791626, -0.007653396110981703, -0.029637116938829422, -0.03736968711018562, -0.012641298584640026, 0.029030121862888336, -0.011255769990384579, -0.006116119213402271, -0.020043980330228806, 0.026127111166715622, 0.012291617691516876, 0.010186933912336826, 0.013353856280446053, -0.03887397423386574, 0.015385964885354042, 0.0020502523984760046, -0.0018094343831762671, -0.025084665045142174, 0.009058717638254166, -0.017378486692905426, -0.006350339390337467, -0.007237737532705069, -0.010226520709693432, -0.00442379480227828, 0.004262149799615145, 0.012258629314601421, 0.015808220952749252, 0.023395640775561333, -0.02863425761461258, 0.015280401334166527, 0.0074686589650809765, -0.0021459199488162994, 0.004509565886110067, -0.02162744104862213, -0.009764677844941616, -0.012522539123892784, -0.012021110393106937, -0.02892455831170082, 0.0010457441676408052, 0.02955794334411621, -0.009276444092392921, 0.006310752592980862, 0.006208487786352634, -0.009184075519442558, -0.019133489578962326, -0.02008356712758541, 0.04312292858958244, 0.005700460635125637, 0.025678463280200958, 0.015451942570507526, 0.0014185173204168677, -0.02905651368200779, 0.006967229302972555, 0.009764677844941616, 0.008583679795265198, 0.032460954040288925, 0.010925882495939732, -0.01917307637631893, -0.006439409218728542, 0.0038662846200168133, -0.04006157070398331, 0.003915767651051283, -0.008682645857334137, 0.03560148552060127, -0.007963490672409534, -0.017352096736431122, 0.01844732277095318, 0.023276880383491516, -0.029478769749403, 0.02210248075425625, -0.0002859714441001415, 0.0003296815848443657, -0.011288759298622608, -0.011163401417434216, -0.03673630207777023, 0.008926763199269772, -0.011908948421478271, 0.027420271188020706, 0.019318226724863052, 0.006221683230251074, -0.02934681437909603, 0.007290519308298826, 0.018341759219765663, 0.030824711546301842, 0.01291180681437254, 0.025295794010162354, -0.024095002561807632, 0.009672309271991253, 0.02850230224430561, 0.002249834593385458, -4.61327408629586e-06, -0.023356053978204727, 0.023527594283223152, 0.03193313628435135, 0.017391683533787727, 0.011400921270251274, -0.0020321086049079895, 0.0013113038148730993, 0.016652734950184822, 0.004954914096742868, -0.02794809080660343, -0.038715627044439316, -0.0007393609266728163, 0.012997577898204327, 0.04652737081050873, -0.005271606612950563, -0.004987902939319611, -0.028687039390206337, -0.008788210339844227, 0.024794364348053932, -0.01958213746547699, -0.008082250133156776, -0.0004375136340968311, -0.014224760234355927, -0.002657245844602585, -0.00190840067807585, -0.003305475227534771, 0.018473714590072632, -0.002403232268989086, -0.008141630329191685, 0.02905651368200779, -0.00919727049767971, -0.011288759298622608, -0.00282548856921494, 0.012502745725214481, -0.017734766006469727, -0.02120518498122692, 0.015174836851656437, -0.017022209241986275, -0.02154826931655407, -0.007389485836029053, -0.02078292891383171, -0.014383106492459774, -0.029425987973809242, -0.00584231223911047, 0.012258629314601421, -0.017800742760300636, -0.040615782141685486, 0.013802504166960716, -0.011348138563334942, 0.0073564969934523106, -0.014950512908399105, -0.038926754146814346, 0.019912024959921837, -0.03040245547890663, 0.0009591486304998398, 0.015504724346101284, 0.0005839013610966504, -0.03420276194810867, -0.011427312158048153, 7.54618231439963e-05, -0.009533756412565708, -0.03011215478181839, -0.015953371301293373, -0.008781611919403076, 0.004568945616483688, -0.010503626428544521, -0.029927417635917664, -0.024886732921004295, 0.012252031825482845, -0.013881676830351353, 0.002366944681853056, -0.0012725420529022813, 0.005344181787222624, 0.0038959744852036238, 0.012680885381996632, 0.0010432699928060174, 0.00800307746976614, -0.029214859008789062, -0.033806897699832916, -0.011955132707953453, -0.008115238510072231, 0.002399933524429798, 0.01389487273991108, -0.004892235621809959, 0.037950288504362106, 0.011994718573987484, -0.007079391274601221, -0.03586539626121521, -0.004054320510476828, -0.024583235383033752, -0.02083571068942547, -0.01594017632305622, -0.004714095965027809, 0.047767747193574905, 0.021930938586592674, 0.006795687600970268, 0.05024850368499756, -0.0035726844798773527, 0.023633159697055817, -0.03322629630565643, 0.015887394547462463, -0.021033642813563347, -0.009329225867986679, 0.007640200667083263, -0.009738286957144737, -0.012416975572705269, -0.024754777550697327, 0.02850230224430561, 0.0024279740173369646, 0.04504947364330292, 0.048612259328365326, -0.010318889282643795, -0.0014020230155438185, -0.008728830143809319, -0.010213324800133705, 0.032672084867954254, -0.004064217209815979, 0.03404441848397255, -0.04581481218338013, -0.004182976670563221, 0.0012717173667624593, 0.0035067067947238684, 0.010655374266207218, 0.013855285942554474, 0.021930938586592674, 0.002973938127979636, 0.00605673948302865, -0.0007814216078259051, 0.00839234422892332, -0.011400921270251274, -0.025784026831388474, 0.022405976429581642, 0.01098526269197464, 0.013433029875159264, 0.02645699866116047, -0.010305693373084068, -0.0014828455168753862, -0.02540135756134987, 0.009645918384194374, -0.008095446042716503, 0.013215303421020508, 0.014396301470696926, -0.013109739869832993, -0.0036782484967261553, -0.010160543024539948, 0.010523419827222824, -0.0023735424038022757, -0.003783812513574958, 0.0021277761552482843, 0.009454582817852497, -0.0266681257635355, 0.0037871114909648895, -0.02057179994881153, -0.021429508924484253, -0.024622822180390358, 0.019331423565745354, 0.024833951145410538, -0.008379149250686169, -0.003341763047501445, -0.025308988988399506, -0.010266107507050037, 0.0028683741111308336, 0.012898610904812813, -0.011348138563334942, -0.03887397423386574, -0.002648998750373721, 0.014092804864048958, 0.012370791286230087, 0.007778753526508808, 0.20162740349769592, 0.018077848479151726, 0.012318008579313755, 0.02673410438001156, -0.00036968046333640814, -0.0002020562533289194, 0.017088185995817184, -0.0005970968632027507, -0.02583680860698223, 0.02645699866116047, -0.005852208938449621, 0.014449084177613258, -0.009019131772220135, -0.0030679560732096434, 0.0027182751800864935, -0.003856387920677662, -0.05357377231121063, -0.024398498237133026, -0.0147393848747015, -0.01273366715759039, 0.035126447677612305, 0.005116559099406004, 0.001697272527962923, -0.013347258791327477, 0.0008370901923626661, -0.021046839654445648, 0.030639974400401115, -0.0023389041889458895, 0.012522539123892784, -0.0013310970971360803, -0.006544973235577345, -0.008445126935839653, 0.02288101427257061, 0.000935231801122427, -0.0186056699603796, -0.005063777323812246, 0.013380247168242931, 0.006337143946439028, -0.006673629395663738, 0.04190894216299057, -0.012225640006363392, -0.017299314960837364, 0.024055415764451027, 0.00682867644354701, 0.00035586641752161086, -0.01937100850045681, -0.010760938748717308, 0.0039025722071528435, 0.033173512667417526, 0.025665268301963806, -0.016613148152828217, 0.0016708815237507224, 0.0308774933218956, 0.01571585237979889, 0.008735427632927895, -0.010028587654232979, 0.03306794911623001, -0.01641521416604519, 0.014805362559854984, 0.02505827322602272, -0.0036914439406245947, 0.019674506038427353, 0.0080756526440382, 0.01972728781402111, -0.010437648743391037, 0.007514843251556158, -0.021706614643335342, -0.015082468278706074, 0.00405102176591754, 0.002286122180521488, 0.022788645699620247, -0.006182096432894468, -0.021152403205633163, -0.006277764216065407, -0.0015743892872706056, -0.005746644921600819, 0.023039361461997032, 0.02343522571027279, 0.021363532170653343, 0.008253791369497776, -0.0164943877607584, -0.0037937092129141092, -0.007937099784612656, 0.031115014106035233, -0.041381120681762695, -0.007323508150875568, -0.004466680344194174, -0.0070200115442276, 0.00013906830281484872, -0.004232460167258978, -0.011031446978449821, 0.00290301232598722, -0.010609189979732037, 0.0038233990781009197, -0.02744666114449501, -0.009942817501723766, -0.020650973543524742, 0.021455900743603706, -0.052966777235269547, 0.0016180993989109993, -0.017945894971489906, 0.03813502565026283, 0.0133406613022089, -0.0186056699603796, 0.001204914995469153, 0.017774352803826332, 0.004859246779233217, -0.00024061188742052764, 0.018843188881874084, -0.013149325735867023, 0.004882338922470808, -0.019344618543982506, -0.014422692358493805, -0.007772155571728945, 0.008504506200551987, 0.018354954198002815, 0.011994718573987484, 0.002650648122653365, 0.002670441521331668, 0.015478333458304405, -0.004169781226664782, -0.011631842702627182, -0.019674506038427353, 0.0034836146514862776, -0.014726189896464348, -0.0196481142193079, -0.022617105394601822, 0.030376065522432327, -0.010681766085326672, -0.019885635003447533, 0.017299314960837364, -0.006775894667953253, -0.012614907696843147, 0.012133271433413029, 0.024675603955984116, -0.00010149202717002481, -0.0005422530230134726, -0.030164936557412148, 0.005152846686542034, -0.004093907307833433, 0.01587419956922531, 0.004126895684748888, 0.025282597169280052, 0.0021657131146639585, 0.003757421625778079, -0.027288315817713737, -0.013268085196614265, 0.005947876255959272, -0.009071913547813892, -0.0073564969934523106, -0.011704417876899242, 0.008161422796547413, 0.029003731906414032, -0.04148668423295021, 0.006690123584121466, -0.019291836768388748, 0.009487572126090527, -0.043492402881383896, -0.0020617984700948, 0.014237955212593079, -0.03177478909492493, 0.005855507683008909, 0.007508245296776295, -0.022405976429581642, -0.02154826931655407, -0.013723330572247505, -0.16605229675769806, 0.03700021281838417, 0.026760494336485863, -0.017431268468499184, 0.005367273930460215, 0.020519018173217773, 0.02744666114449501, 1.1655604794214014e-05, -0.01881679706275463, -0.016613148152828217, -0.0068550677970051765, -0.020228717476129532, -0.035759832710027695, -0.009500767104327679, -0.02210248075425625, 0.006835274398326874, 0.015491529367864132, 0.010747742839157581, 0.04188254848122597, 0.015702657401561737, 0.046791281551122665, -0.03277764841914177, 0.04056299850344658, -0.020677365362644196, -0.012172858230769634, 0.011783590540289879, 0.013241694308817387, 0.007877719588577747, -0.0001491711154812947, -0.016507582738995552, -0.006581260822713375, -0.0038695833645761013, 0.02546733431518078, -0.0020090164616703987, -0.009461181238293648, -0.006571364123374224, -0.007950294762849808, -0.030428847298026085, 0.0036782484967261553, -0.002904661698266864, 0.006940838415175676, 0.024095002561807632, -0.014079609885811806, 0.02546733431518078, 0.0007748238858766854, 0.009408398531377316, 0.0008045137510634959, 0.004324828740209341, -0.0018028365448117256, -0.003777214791625738, 0.015135250054299831, -0.042093679308891296, -0.011433909647166729, 0.024266542866826057, 0.01600615493953228, -0.0003550417022779584, 0.003186715766787529, 0.007013413589447737, -0.02302616648375988, -0.026839667931199074, -0.011783590540289879, -0.028660647571086884, -0.02905651368200779, 0.003836594521999359, -0.01389487273991108, 0.0036386619322001934, -0.018077848479151726, -0.005393664818257093, -0.031141404062509537, 0.014343519695103168, 0.0047272914089262486, 0.0073564969934523106, 0.015451942570507526, -0.0013484162045642734, 0.006987022701650858, -0.003526500193402171, -0.028792602941393852, -0.013294477015733719, 0.005868703126907349, 0.011255769990384579, -0.008511104620993137, 0.030376065522432327, -0.019991198554635048, 0.03747525066137314, 0.006954033859074116, -0.010219923220574856, 0.019608529284596443, -0.01832856424152851, -0.002978886477649212, -0.011651636101305485, 0.02239278145134449, -0.025704853236675262, -0.023078948259353638, -0.00831976905465126, -0.007125575561076403, 0.0023042659740895033, 0.007514843251556158, 0.024873537942767143, 0.014013632200658321, -0.0030399158131331205, 0.020941274240612984, -0.01238398626446724, -0.02161424607038498, 0.007758960127830505, 0.045867595821619034, 0.013670548796653748, 0.02815921977162361, -0.0071519664488732815, 0.04391465708613396, 0.012694081291556358, -0.013855285942554474, 0.004971408750861883, -0.011625244282186031, 0.03396524488925934, 0.007890915498137474, 0.01951616071164608, -6.021095941832755e-06, 0.002284472808241844, 0.027077186852693558, -0.014264347031712532, 0.0540488101541996, -0.012311411090195179, -0.017945894971489906, -0.018091045320034027, 0.0065416740253567696, -0.0005781283252872527, -0.07336703687906265, -0.019357813522219658, -0.01248955074697733, 0.04008796066045761, -0.03831976279616356, -0.003912468906491995, -0.01740487851202488, 0.024965906515717506, -0.017154162749648094, 0.031194185838103294, -0.022933797910809517, -0.030903885141015053, 0.02765779010951519, 0.023105338215827942, -0.017510442063212395, 0.019252249971032143, 0.001834175898693502, 0.007857926189899445, 0.0008502856944687665, 0.027129968628287315, -0.006343741435557604, -0.0031669223681092262, -0.002711677458137274, -0.030771929770708084, 0.01308994647115469, -0.014079609885811806, -0.041169993579387665, 0.0059181866236031055, 0.024543648585677147, 0.0041235969401896, -0.02892455831170082, -0.03195952624082565, 0.01992521993815899, -0.00160160509403795, -0.012588516809046268, 0.0037904102355241776, -0.009797666221857071, 0.010292498394846916, 0.02063777856528759, -0.007079391274601221, 0.006218384485691786, 0.006043543573468924, 0.022709473967552185, -0.0023323064669966698, 0.020901689305901527, -0.008695841766893864, -0.021587854251265526, 0.02330327220261097, 0.007237737532705069, -0.017721571028232574, -0.027011210098862648, 0.00684187188744545, -0.0012156363809481263, -0.020941274240612984, 0.035205621272325516, -0.006736307870596647, 0.002822189824655652, 5.824580875923857e-05, 0.01971409283578396, 0.029742680490016937, -0.0012139870086684823, -0.005053880624473095, 0.0196613110601902, 0.008220802992582321, 0.019463377073407173, 0.0033335157204419374, -0.04288540780544281, -0.027974482625722885, -0.0161513052880764, -0.0014275893336161971, -0.02695842832326889, 0.022933797910809517, -0.021878156810998917, 0.028132827952504158, -0.0256256815046072, 0.0053375838324427605, -0.018143827095627785, -0.030296891927719116, 0.010859904810786247, -0.003658455330878496, 0.02296018786728382, -0.0013690341729670763, -0.0006045193294994533, -0.01678468845784664, 0.035205621272325516, 0.009500767104327679, -0.005848910193890333, 0.002541785128414631, -0.005119857843965292, -0.05790190026164055, 0.0142115643247962, -0.007930501364171505, 0.016533974558115005, -0.03831976279616356, 0.00023525120923295617, 0.016230477020144463, -0.023197706788778305, -0.027605008333921432, -0.008141630329191685, -0.0231581199914217, -0.00728392181918025, -0.03739607706665993, -0.04338683933019638, 0.015702657401561737, 0.0018671647412702441, 0.0018209804547950625, -0.00870243925601244, 0.006066635716706514, 0.0028023964259773493, -0.040958862751722336, 0.016230477020144463, 0.0037343294825404882, -0.015966568142175674, -3.301454853499308e-05, -0.021640637889504433, -0.00415988452732563, -0.00870243925601244, 0.0028155921027064323, 0.004974707495421171, 0.006294258404523134, 0.0062711662612855434, 0.00014484133862424642, 0.017932698130607605, 0.008398942649364471, -0.014950512908399105, 0.015003295615315437, -0.007541234139353037, -0.00468770507723093, -0.005406860262155533, -0.00076327781425789, -0.021112816408276558, -0.03557509556412697, 0.006277764216065407, -0.031194185838103294, 0.007712775841355324, 0.022366389632225037, 0.026153501123189926, -0.011519680730998516, 0.012054098770022392, 0.05082910507917404, 0.012133271433413029, 0.00221189740113914, -0.00975148193538189, -0.02289421111345291, 0.012205847539007664, -0.00042266870150342584, -0.018658451735973358, -0.033727724105119705, -0.019489768892526627, 0.003915767651051283, 0.015504724346101284, 0.0005946226883679628, 0.0378975048661232, 0.030059373006224632, -0.01378930825740099, -0.017206946387887, -0.011849568225443363, -0.033173512667417526, 0.00870243925601244, 0.018632059916853905, 0.0013212005142122507, 0.0014094454236328602, 0.05101384222507477, 0.00782493781298399, 0.007336703594774008, -0.017813939601182938, 0.003303825855255127, -0.0030481629073619843, -0.015240814536809921, 0.0007146193529479206, 0.031009448692202568, 0.003340113442391157, -0.02183857001364231, -0.004410599358379841, -0.004598635248839855, 0.018275782465934753, 0.0026440504007041454, 0.006521881092339754, -0.008755221031606197, -0.02049262821674347, -0.00152655562851578, 0.012964588589966297, -0.008207607083022594, -0.014237955212593079, -0.009791068732738495, 0.00810204353183508, -0.003034967463463545, 0.01902792602777481, -0.016243673861026764, 0.01599295809864998, 0.0017863422399386764, -0.0006601878558285534, -0.020057175308465958, 0.003414338221773505, -0.02252473682165146, 0.036815475672483444, 0.00470090052112937, -0.02554650790989399, -0.010444246232509613, -0.014976903796195984, 0.014818558469414711, 0.0021970525849610567, 0.011090826243162155, 0.0013805802445858717, -0.009969208389520645, -0.02078292891383171, -0.02744666114449501, 0.00605673948302865, -0.05138331651687622, -0.03942818567156792, -0.003011875320225954, 0.01586100272834301, -0.011598853394389153, -0.026219479739665985, -0.019700897857546806, 0.0033269179984927177, 0.005175938829779625, 0.0007463710498996079, -0.007613809313625097, -0.023052556440234184, -0.015913786366581917, 0.018143827095627785, -3.6596924473997205e-05, 0.0007146193529479206, 0.017576420679688454, -0.01844732277095318, 0.030085762962698936, 0.005532217677682638, -0.01747085526585579, -0.008742026053369045, 0.014106000773608685, -0.01818341389298439, 0.01248955074697733, -0.012304813601076603, -0.01868484355509281, -0.002972288755699992, -0.020268304273486137, -0.030587192624807358, 0.011875959113240242, -0.02168022282421589, 0.0129843819886446, 0.06866943836212158, 0.024160979315638542, 0.006901252083480358, 0.017286118119955063, -0.01587419956922531, 0.027816135436296463, 0.0029475472401827574, -0.004499669186770916, 0.0028733224608004093, -0.01979326643049717, 0.031405314803123474, -0.027129968628287315, 0.0039025722071528435, -0.011427312158048153, -0.017576420679688454, -0.0004486473626457155, -0.006614249665290117, 0.003526500193402171, -0.002517043612897396, -0.01915988139808178, 0.006643939297646284, 0.022551126778125763, 0.01656036637723446, 0.011242575012147427, 0.010167140513658524, 0.00013484162627719343, 0.013723330572247505, 0.0043974039144814014, -0.022709473967552185, -0.023540791124105453, -0.0034473270643502474, -0.013419833965599537, -0.03707938268780708, -0.024319326505064964, 0.02863425761461258, 0.003363205585628748, -0.002350450260564685, 0.014515060931444168, 0.005901691969484091, 0.013228499330580235, -9.948177648766432e-06, 0.0008601823356002569, 0.0002447354781907052, -0.01817021705210209, -0.01937100850045681, -0.010015392675995827, 0.01270727626979351, -0.004872442223131657, -0.04961511865258217]","[-0.014340650290250778, 0.03929727524518967, 0.0016117009799927473, -0.024567285552620888, -0.03480689972639084, 0.028214095160365105, 0.004298950545489788, -0.021270884200930595, -0.015768226236104965, -0.011232428252696991, 0.010265570133924484, 0.005379366222769022, 0.00785815715789795, -0.0065473830327391624, -0.011907282285392284, -0.008656302466988564, 0.007910069078207016, 0.009214354678988457, -0.0005430466844700277, -0.01818212866783142, -0.007442862261086702, -0.009207865223288536, -0.02060900628566742, -0.010064410977065563, -0.009266266599297523, -0.005512390285730362, 0.012672982178628445, -0.009837296791374683, 0.005846573039889336, 0.004798602312803268, 0.030757775530219078, -0.0032509800512343645, -0.038129258900880814, -0.0198562853038311, -0.013445170596241951, 0.006956188939511776, 0.000135051945107989, 0.013925355859100819, 0.018818048760294914, 0.016858374699950218, 0.03275638073682785, 0.004597443621605635, -0.007994426414370537, -0.024982580915093422, -0.0014275760622695088, 0.03208152577280998, 0.004539043176919222, -0.016443081200122833, -0.010940424166619778, -0.013691752217710018, 0.012692448683083057, 0.03719484433531761, -0.04147757217288017, -0.0018526044441387057, -0.021932760253548622, 0.004399529658257961, 0.021893825381994247, 0.013315391726791859, 0.023100776597857475, 0.005252831149846315, 0.02015477791428566, 0.011855370365083218, -0.015833117067813873, 0.005674615036696196, -0.01810426078736782, -0.022127429023385048, -0.00889639463275671, -0.011978660710155964, -0.019376100972294807, -0.0006833709194324911, -0.001925605465658009, 0.010609486140310764, -0.014548297971487045, 0.002065118635073304, 0.032730426639318466, -0.016533926129341125, -0.0200898889452219, 0.002374967560172081, -0.002392812166363001, -0.00780624570325017, 0.008695236407220364, -0.017533229663968086, -0.022412944585084915, 0.018999740481376648, 0.0076505099423229694, -0.0038057880010455847, -0.0009344134014099836, 0.029745493084192276, -0.014652121812105179, 0.0003544606443028897, 0.005947152152657509, 0.009415512904524803, 0.015430799685418606, -0.02236103266477585, 0.007507752161473036, 0.024930668994784355, -0.01023312471807003, 0.028811080381274223, -0.026397179812192917, 0.003348314668983221, -0.03947896882891655, 0.011972172185778618, -0.019830329343676567, -0.002426879247650504, -0.004114014562219381, 0.012309598736464977, -0.000597391917835921, -0.007352016866207123, 0.005327454302459955, -0.013912377879023552, 0.00863034650683403, 0.009363600984215736, 0.010531618259847164, -0.008954795077443123, 0.0005836028140038252, 0.005136029329150915, 0.003958279266953468, -0.02062198519706726, -0.030498215928673744, -0.001945072435773909, 0.008403231389820576, -0.004454686306416988, 0.028162183240056038, -0.023957321420311928, 0.024074124172329903, -0.03223726153373718, -0.0020975633524358273, -0.022815261036157608, 0.014483408071100712, -0.015080394223332405, 0.037298668175935745, 0.009402534924447536, 0.0203234925866127, 0.024164969101548195, -0.015846094116568565, 0.006690140347927809, -0.04282728210091591, 0.0026767051313072443, 0.0002536786487326026, -0.01848062127828598, 0.015313997864723206, 0.003873922396451235, 0.004931626375764608, 0.0033710261341184378, -0.02603379637002945, 0.03374270722270012, -0.005350165534764528, 0.0026247932109981775, -0.0031212004832923412, 0.0012053283862769604, 0.008448654785752296, 0.012121418491005898, 0.03161432221531868, 0.0036143630277365446, 0.007429884746670723, 0.0005199296865612268, 0.00036520801950246096, -0.0016011563129723072, 0.015093372203409672, -0.04350213706493378, 0.0003402660076972097, 0.0032996474765241146, -0.0007028378895483911, 0.006839387118816376, 0.00021535309497267008, 0.030420348048210144, 0.02678651735186577, 0.006031509023159742, -0.003620852017775178, -0.026085708290338516, -0.026812473312020302, 0.023412248119711876, -0.02129684016108513, 0.018195105716586113, -0.008786081336438656, -0.005278787110000849, 0.01008387841284275, 0.019064629450440407, -0.013600906357169151, 0.004500109236687422, 0.009765918366611004, 0.01979139633476734, 0.014107047580182552, 0.020414337515830994, -0.0038869003765285015, -0.014561275951564312, -0.03387248516082764, -0.024800889194011688, -0.016131609678268433, 0.01763705350458622, -0.0164171252399683, 0.021167060360312462, -0.0032899139914661646, 0.0026247932109981775, -0.6387234926223755, -0.02467110939323902, -0.006917254999279976, -0.014924658462405205, -0.003688986413180828, -0.007527219131588936, -0.017598118633031845, 0.027435416355729103, -0.04589008167386055, 0.02824004925787449, -0.02175106853246689, 0.012887118384242058, -0.0026377711910754442, -0.00950635876506567, -0.008533011190593243, -0.012614580802619457, 0.03091351129114628, -0.019428012892603874, 0.009993032552301884, 0.008409720845520496, -0.015625469386577606, 0.004967315588146448, -0.016235433518886566, -0.0002536786487326026, -0.008656302466988564, -0.002183542586863041, 0.006819920148700476, -0.023684784770011902, 0.029434023424983025, 0.040724851191043854, -0.03358697146177292, 0.02917446382343769, 3.8807153032394126e-05, 0.017364516854286194, 0.0528462715446949, -0.022711437195539474, -0.02733159251511097, 0.016845397651195526, 0.007832201197743416, 0.04337235540151596, -0.030731819570064545, 0.009915164671838284, 0.02069985307753086, -0.0016303567681461573, 0.011128604412078857, 0.006832898128777742, 0.017468340694904327, 0.0013188855955377221, 0.01732558198273182, -0.022477833554148674, 0.003640318987891078, 0.007170325145125389, -0.004425485618412495, 0.0020132067147642374, 0.0016457680612802505, -0.0003625718818511814, 0.028577476739883423, -0.03693528473377228, 0.013406236656010151, 0.006167777348309755, -0.002736728172749281, -0.005557813216000795, -0.02756519615650177, -0.003984235227108002, -0.022270185872912407, 0.015352931804955006, 0.02267250418663025, 0.0015167995588853955, 0.01103775855153799, -0.005230119451880455, 0.02519022859632969, 0.011498476378619671, -0.013860465958714485, 0.01206950657069683, 0.012426400557160378, 0.030602039769291878, 0.04716192185878754, -0.03247086703777313, -0.004289217293262482, -0.01640414632856846, 0.021867869421839714, -0.01632627844810486, -0.029823360964655876, -0.004542287439107895, 0.025462765246629715, -0.024476440623402596, -0.017987458035349846, 0.001881804782897234, 0.02214040607213974, 0.0023814565502107143, -0.0013894533040001988, 0.018376797437667847, -0.0009806473972275853, -0.00935711245983839, -0.0006683651590719819, -0.006505204364657402, 0.0032266464550048113, 0.005038694478571415, 0.01749429665505886, -0.03984234854578972, -0.011277850717306137, -0.00781922321766615, -0.002929775509983301, 0.009934631176292896, 0.017040066421031952, 0.021283861249685287, -0.01740344986319542, 0.006485737394541502, 0.011576344259083271, -0.044540371745824814, -0.00742339575663209, 0.002068363130092621, -0.0203234925866127, -0.005460478365421295, -0.015482711605727673, -0.021556397899985313, 0.023632872849702835, 0.013587928377091885, 0.001825026236474514, -0.013925355859100819, 0.010025477036833763, 0.006690140347927809, 0.013782598078250885, -0.030031008645892143, 0.010856066830456257, -0.0030838886741548777, -0.007637531962245703, -0.006813431158661842, 0.003893389366567135, 0.0038966338615864515, 0.0013286190805956721, -0.03807734698057175, 0.017455361783504486, 0.0023441447410732508, 0.0013245635200291872, -0.009798362851142883, -0.00742339575663209, -0.0049932715483009815, 0.01076522096991539, 0.00942849088460207, -0.007111924234777689, 0.010278548114001751, 0.0056551480665802956, -0.01762407459318638, 0.016248410567641258, -0.003958279266953468, -0.030368436127901077, -0.012685960158705711, -0.03807734698057175, 0.004347618203610182, -0.01724771410226822, -0.027513284236192703, -2.2432614059653133e-05, 0.012906585820019245, -0.017364516854286194, 0.006845876108855009, -0.005509146023541689, -0.007436373271048069, -0.029953140765428543, -0.02404816821217537, -0.002507991623133421, 0.04269750416278839, -0.028006447479128838, -0.0063948919996619225, -0.022425921633839607, -0.040361467748880386, -0.02199764922261238, 0.012439378537237644, -0.009298711083829403, -0.012789783999323845, -0.01237448863685131, -0.004415752366185188, -0.0023847008123993874, -0.015197196044027805, 0.02474897727370262, -0.002439857227727771, -0.04015382006764412, -0.004753179382532835, 0.010362904518842697, -0.0022987218108028173, 0.005067895166575909, 0.0060899099335074425, 0.009181909263134003, -0.01145954243838787, 0.0404912494122982, 0.004143215250223875, 0.03566344454884529, 0.02069985307753086, -0.02297099679708481, 0.029875272884964943, -0.011310296133160591, 0.033561013638973236, -0.027746887877583504, -0.030939467251300812, 0.0017520252149552107, 0.010817132890224457, 0.017208781093358994, 0.03716889023780823, 0.0020797187462449074, -0.002804862568154931, -0.007390950806438923, 0.022244229912757874, 0.010142278857529163, -0.0010852823033928871, -0.001790959038771689, -0.01902569644153118, -0.002527458593249321, 0.003377515124157071, 0.035014547407627106, 0.027149900794029236, 0.010914468206465244, -0.03524814918637276, -0.007442862261086702, -0.013510060496628284, 0.0073455278761684895, 0.030342480167746544, -0.0005714360158890486, 0.005064650438725948, -0.03130285069346428, -0.003783076535910368, -0.002900575054809451, -0.0024804132990539074, 0.0006006364128552377, 0.017351537942886353, 0.004071836359798908, 0.02023264579474926, -0.011621766723692417, 0.010739265009760857, -0.007546686101704836, -0.00888990517705679, 0.007579131051898003, 0.006615517195314169, -0.003358048154041171, -0.0028454186394810677, -0.0019369611982256174, 0.016689661890268326, 0.046850450336933136, 0.006044487003237009, 0.018298929557204247, -0.03247086703777313, -0.008422698825597763, 0.034780945628881454, 0.00919488724321127, -0.008649813011288643, 0.0166507288813591, 0.004237305372953415, 0.022932061925530434, 0.023464160040020943, -0.01726069301366806, 0.024255815893411636, 0.005152251571416855, 0.007527219131588936, -0.016170542687177658, -0.004869981203228235, 0.029953140765428543, -0.006982144899666309, -0.0007040545460768044, 0.012939030304551125, 0.003997213207185268, 0.013205078430473804, 0.00970102846622467, -0.02847365289926529, 0.03480689972639084, -0.005272298119962215, 0.020297536626458168, 0.008597901090979576, -0.007949003018438816, -0.017922569066286087, 0.002225720789283514, 0.007579131051898003, -0.008234518580138683, -0.04326853156089783, 0.010479706339538097, -0.03605278581380844, 0.011809947900474072, -0.0007734055398032069, -0.02153044193983078, 0.031095203012228012, 0.03078373149037361, 0.010291526094079018, -0.021854892373085022, -0.015145284123718739, -0.008182606659829617, 0.007507752161473036, 0.0026377711910754442, -0.027694975957274437, -0.00885097123682499, 0.018753157928586006, 0.0021948982030153275, 0.02412603609263897, 0.028759168460965157, 0.0028681301046162844, -0.004980293568223715, -0.010025477036833763, 0.0028843525797128677, 0.018805069848895073, 0.019142497330904007, 0.015171240083873272, -0.0003946112119592726, 0.014120024628937244, 0.003314247587695718, 0.023555004969239235, -0.026760561391711235, -0.0193890780210495, 0.03358697146177292, -0.005661637056618929, 0.011349230073392391, -0.02138768509030342, 0.020518161356449127, -0.01046672835946083, -0.0028275740332901478, 0.01027205865830183, -0.00973347295075655, -0.007267659995704889, 0.0008800682262517512, 0.020647941157221794, -0.0034813389647752047, 0.0009417135152034461, 0.018285952508449554, 0.00027253726148046553, 0.009142976254224777, -0.02115408144891262, -0.00772837782278657, -0.018805069848895073, 0.02419092506170273, 0.021725112572312355, -0.0023052108008414507, 0.0004947849083691835, -0.005038694478571415, 0.009214354678988457, -0.02382754161953926, -0.007047034800052643, 0.026072729378938675, 0.0015370775945484638, -0.01180345844477415, 0.002039162674918771, 0.02284121699631214, -0.004681800492107868, 0.024541329592466354, 0.0031422895845025778, 0.012549691833555698, -0.0016044008079916239, -0.020738786086440086, 0.0005296631716191769, 0.0021056747063994408, -0.018117237836122513, 0.023684784770011902, 0.02243890054523945, 0.006638228893280029, 0.014768923632800579, -0.016157565638422966, -0.0032120461110025644, 0.012303110212087631, -0.0049932715483009815, 0.004568243399262428, -0.01770194247364998, 0.022880150005221367, 0.0017877145437523723, 0.007287126965820789, 0.05419597774744034, 0.010972868651151657, 0.010628952644765377, 0.008455143310129642, -0.010057922452688217, 0.003448894014582038, 0.019505880773067474, -0.002843796508386731, 0.001547622261568904, 0.008228029124438763, -0.02390540950000286, -0.030653951689600945, 0.0038057880010455847, 0.018908893689513206, 0.02611166425049305, -0.02053114026784897, -0.009266266599297523, -0.018337862566113472, -0.008902883157134056, 0.03091351129114628, 0.004740201402455568, 0.005551324225962162, -0.018597422167658806, -0.019518857821822166, -0.029875272884964943, 0.023866476491093636, -0.000864656874909997, 0.03498859331011772, 0.011433586478233337, -0.019285254180431366, -0.0383109487593174, -0.021932760253548622, -0.00816313922405243, -0.041659265756607056, -0.0026296600699424744, -0.04171117767691612, -0.03306785225868225, -0.0195448137819767, 0.016144586727023125, 0.03522219508886337, 0.024528352543711662, 0.0024447240866720676, -0.0024090346414595842, -0.001829892979003489, 0.024645153433084488, -0.024242836982011795, -0.0010009254328906536, -0.027046076953411102, -0.01688433066010475, 0.012368000112473965, 0.001901271753013134, 0.013951311819255352, 0.015988852828741074, -0.014418518170714378, 0.02870725654065609, 0.013263479806482792, 0.0013975645415484905, 0.008909372612833977, -0.011783991940319538, 0.02236103266477585, 0.009636138565838337, 0.004487131256610155, 0.016365213319659233, 0.0037376536056399345, -0.023074820637702942, 0.004759668372571468, 0.012971474789083004, -0.03369079530239105, -0.014262782409787178, -0.010590018704533577, 0.012634048238396645, 0.011576344259083271, 0.023256512358784676, -0.017066022381186485, -0.005071139428764582, -0.009039152413606644, -0.01663774996995926, 0.00855247862637043, 0.00962316058576107, 0.004133481532335281, 0.020271580666303635, 0.010596508160233498, 0.039972130209207535, 0.00851354468613863, -0.018844004720449448, -0.017663009464740753, -0.012900096364319324, 0.02206254005432129, -0.001825026236474514, -0.025683391839265823, 0.003254224546253681, -0.011667190119624138, -0.017156869173049927, 0.005885506980121136, 0.015041460283100605, 0.017066022381186485, 0.022854195907711983, -0.009220843203365803, -0.010453750379383564, -0.04046529158949852, 0.003899878356605768, -0.005739504471421242, 0.021348752081394196, -0.002660482656210661, 0.006469515152275562, -0.004522820468991995, -0.013231034390628338, -0.010401838459074497, -0.016507970169186592, -0.014379584230482578, -0.02839578501880169, -0.016663705930113792, 0.02123194932937622, 0.006644717883318663, 0.014340650290250778, 0.01894782856106758, 0.02717585675418377, -0.004613666329532862, -0.014976570382714272, -0.018532533198595047, -0.03901176154613495, 0.0050127385184168816, -0.00847461074590683, 0.03644212335348129, 0.013821532018482685, 0.0232954453676939, -0.020141800865530968, 0.038596466183662415, -0.008033359423279762, 0.008098249323666096, 0.007793267723172903, 0.004483886528760195, -0.00992165319621563, -0.012582136318087578, 0.013036364689469337, 0.02917446382343769, -0.0036922309082001448, 0.03062799572944641, -0.0001797650766093284, -0.004000457469373941, 0.036000873893499374, -0.007274148985743523, -0.00040211412124335766, -0.03563749045133591, -0.041192058473825455, -0.012114929966628551, 0.026020817458629608, 0.007280637975782156, -0.006174266338348389, -0.008688746951520443, 0.023308424279093742, 0.007189792115241289, 0.00920137669891119, 0.0064338259398937225, -0.032860204577445984, 0.017273670062422752, -0.003448894014582038, -0.010486194863915443, -0.021660221740603447, 0.009843786247074604, -0.020959412679076195, 0.0009636138565838337, -0.01031099259853363, -0.02007691003382206, -0.01241342257708311, -0.0016968687996268272, 0.014133002609014511, 0.02169915661215782, 0.019908197224140167, -0.03511837124824524, 0.0010390483075752854, 0.012977964244782925, -0.004156193230301142, 0.0161835215985775, -0.020492205396294594, -0.00958422664552927, -0.010758732445538044, -0.009564759209752083, -0.012445867992937565, 0.0036727639380842447, 0.02160830982029438, -0.001357008353807032, 0.002871374599635601, -0.005048428196460009, -0.01566440239548683, -0.008156650699675083, -0.023840520530939102, 0.04171117767691612, 0.0040393914096057415, 0.03031652420759201, 0.007507752161473036, -0.004081569612026215, -0.02656589262187481, -0.002923286519944668, 0.009104042313992977, 0.002160831121727824, 0.02870725654065609, 0.014055135659873486, -0.011907282285392284, -0.005389099474996328, -0.0003889333747792989, -0.04308684170246124, 0.003581918077543378, -0.010395349003374577, 0.02442452870309353, -0.007429884746670723, -0.012634048238396645, 0.018415730446577072, 0.02107621356844902, -0.022776328027248383, 0.02940806746482849, 0.004422241356223822, 0.010226636193692684, -0.018441686406731606, -0.0075012631714344025, -0.02611166425049305, 0.00889639463275671, -0.016910286620259285, 0.021257905289530754, 0.018753157928586006, 0.01302338670939207, -0.019103562459349632, -0.0033320924267172813, 0.01679348573088646, 0.025696368888020515, 0.01545675564557314, 0.026449091732501984, -0.03610469773411751, 0.0019466946832835674, 0.02604677341878414, 0.013600906357169151, -0.017961502075195312, -0.019895218312740326, 0.0165728610008955, 0.03008292056620121, 0.01484679151326418, 0.0027221280615776777, 0.007436373271048069, -0.009285733103752136, 0.014911680482327938, 0.0010674375807866454, -0.021348752081394196, -0.03589705005288124, 0.0019239832181483507, 0.012926052324473858, 0.036987196654081345, 0.006037998013198376, 0.0006853987579233944, -0.027746887877583504, -0.010265570133924484, 0.010051432996988297, -0.020712830126285553, -0.009253288619220257, -0.0026491270400583744, 0.0023198111448436975, -0.005810883361846209, -0.002783773234114051, 0.006625250913202763, 0.01770194247364998, -0.007527219131588936, -0.012484801933169365, 0.027435416355729103, -0.0028016180731356144, -0.004733712412416935, 0.008351320400834084, -8.760125638218597e-05, -0.021945737302303314, -0.01694922149181366, 0.008104738779366016, -0.007436373271048069, -0.02162128873169422, -0.011693146079778671, -0.02612464129924774, -0.012854673899710178, -0.03228917345404625, 0.00839674286544323, 0.0038155214861035347, -0.017909590154886246, -0.03903771564364433, 0.02215338498353958, -0.0022532991133630276, 0.001314018853008747, -0.011024780571460724, -0.02862938866019249, 0.028655344620347023, -0.032704468816518784, -0.003210423979908228, 0.00790358055382967, 0.0002175836852984503, -0.021050257608294487, -0.007527219131588936, 0.002660482656210661, -0.01627436652779579, -0.022854195907711983, -0.012711916118860245, -0.015365909785032272, 0.006865343078970909, -0.006034753285348415, -0.024398572742938995, -0.016754552721977234, 0.003708453383296728, -0.006670673843473196, 0.009869742207229137, 0.001471376745030284, 0.01080415491014719, -0.003984235227108002, 0.0019174942281097174, 0.0014851657906547189, 0.005424789153039455, -0.017455361783504486, -0.031484540551900864, -0.014872746542096138, -0.004967315588146448, -0.012043550610542297, 0.006540894042700529, -0.0043638404458761215, 0.041581396013498306, 0.01053810678422451, -0.0005020849639549851, -0.021802980452775955, -0.0011266495566815138, -0.020271580666303635, -0.01011632289737463, -0.012977964244782925, 0.006330002099275589, 0.053261566907167435, 0.021205993369221687, 5.470009273267351e-05, 0.04038742557168007, -0.0010852823033928871, 0.02450239658355713, -0.04290514811873436, 0.011965682730078697, -0.0033548036590218544, -0.0165728610008955, 0.007475307211279869, -0.012575647793710232, -0.017364516854286194, -0.015288041904568672, 0.026475047692656517, -0.005084117408841848, 0.03662381321191788, 0.04082867503166199, -0.0005831972812302411, -0.0040199244394898415, -0.009447958320379257, -0.020297536626458168, 0.019869262352585793, -0.001753647462464869, 0.037765875458717346, -0.043943386524915695, -0.010778198949992657, -0.0006634984165430069, 0.006651206873357296, 0.012705426663160324, 0.014366606250405312, 0.016313301399350166, 0.0027594396378844976, -0.0001642523566260934, 0.009149464778602123, 0.00809176079928875, -0.013613884337246418, -0.020297536626458168, 0.017117934301495552, 0.008072293363511562, 0.019583748653531075, 0.020427316427230835, -0.018727201968431473, -0.014548297971487045, -0.017195802181959152, 0.009486892260611057, -0.0003832555084954947, 0.025320008397102356, 0.019817352294921875, -0.006174266338348389, -0.012556180357933044, -0.006164533086121082, 0.0051619852893054485, 0.0007531275041401386, -0.0011818058555945754, -0.005460478365421295, 0.015106350183486938, -0.02772093191742897, -0.002426879247650504, -0.028214095160365105, -0.02839578501880169, -0.018337862566113472, 0.03171814605593681, 0.01848062127828598, -0.004045880399644375, -0.004986782558262348, -0.01762407459318638, -0.012964986264705658, -0.004779135342687368, 0.007871135137975216, -0.004590954631567001, -0.043631915003061295, -0.00992814265191555, 0.007793267723172903, 0.013406236656010151, 0.001084471121430397, 0.21252714097499847, 0.026358244940638542, 0.007910069078207016, 0.020881544798612595, 0.003783076535910368, 0.00828643050044775, 0.01741642877459526, -0.0035137839149683714, -0.03291211649775505, 0.02503449283540249, -0.001834759721532464, 0.019285254180431366, 0.011673678644001484, -0.0010682486463338137, -0.009298711083829403, 0.0019856286235153675, -0.0401797778904438, -0.028577476739883423, -0.014431496150791645, -0.01632627844810486, 0.03444351628422737, 0.010797666385769844, 0.002889219205826521, -0.016378190368413925, -0.0008419454097747803, -0.01237448863685131, 0.031043291091918945, -0.007442862261086702, 0.015028482303023338, -0.0017601364525035024, -0.009370090439915657, -0.005259320139884949, 0.013938333839178085, 0.0018980272579938173, -0.016910286620259285, -0.013354324735701084, 0.011926748789846897, -0.006187244318425655, -0.003701964393258095, 0.02992718480527401, -0.025904016569256783, -0.008617368526756763, 0.021244928240776062, 0.01156985480338335, 0.0032120461110025644, -0.018895916640758514, -0.013873443938791752, 0.011894304305315018, 0.03758418560028076, 0.025553612038493156, -0.02870725654065609, 0.018000436946749687, 0.02709798887372017, 0.016988154500722885, 0.0030887555330991745, -0.012088974006474018, 0.034106090664863586, -0.003974501509219408, 0.0057914163917303085, 0.022620592266321182, -0.005541590508073568, 0.01034343708306551, 0.01693624258041382, 0.021932760253548622, -0.01191377080976963, 0.004662333521991968, -0.013626862317323685, -0.02611166425049305, 0.012037062086164951, 0.004441708326339722, 0.03483285754919052, -0.0038869003765285015, -0.018610401079058647, -0.0009952476248145103, 0.0028486631345003843, -0.0040621026419103146, 0.018584445118904114, 0.025761259719729424, 0.012854673899710178, 0.008344830945134163, -0.008954795077443123, -0.002125141676515341, 0.003348314668983221, 0.02229614183306694, -0.03960874676704407, -0.001519232988357544, -0.00805282685905695, -0.008837993256747723, -0.015378887765109539, 0.002446346217766404, -0.011245406232774258, -0.0051619852893054485, -0.006664184853434563, -0.003400226589292288, -0.01203057263046503, -0.006622006185352802, -0.027980491518974304, 0.019350145012140274, -0.0464351549744606, -0.005217141471803188, -0.025929972529411316, 0.026968209072947502, 0.01793554611504078, -0.021426618099212646, 0.009830808266997337, 0.0012337177759036422, 0.004156193230301142, -0.005525368265807629, 0.018675290048122406, -0.00850705523043871, 0.01000601053237915, -0.011180516332387924, -0.011900792829692364, -0.008481099270284176, 0.009863252751529217, 0.014275760389864445, -0.001117727137170732, 0.004792113322764635, -0.0007551552844233811, 0.013834509998559952, 0.008403231389820576, -0.008156650699675083, -0.030056964606046677, 0.00988920871168375, -0.007812734693288803, -0.025320008397102356, -0.02275037206709385, 0.02870725654065609, -0.002662105020135641, -0.013665796257555485, 0.014431496150791645, -0.01846764236688614, -0.013192100450396538, 0.008610879071056843, 0.022010628134012222, -0.011556876823306084, 0.007131391204893589, -0.02886299230158329, -0.0020407848060131073, -0.013282946310937405, 0.023840520530939102, 0.007637531962245703, 0.023840520530939102, -0.004571488127112389, 0.0009263022220693529, -0.025748280808329582, -0.0157163143157959, 0.005220386199653149, -0.01810426078736782, -0.014314694330096245, -0.008078782819211483, 0.012101951986551285, 0.02534596435725689, -0.04428081214427948, 0.010148768313229084, -0.024632176384329796, 0.004616910591721535, -0.04300897195935249, -0.006917254999279976, 0.019882241263985634, -0.04285323619842529, -0.002130008302628994, 0.022412944585084915, -0.015923961997032166, -0.014561275951564312, -0.01126487273722887, -0.1625879406929016, 0.028499608859419823, 0.03023865632712841, -0.021283861249685287, 0.005041939206421375, 0.024372616782784462, 0.03322358801960945, 0.0001932500017574057, -0.011712612584233284, -0.017675986513495445, -0.009363600984215736, -0.03086159937083721, -0.03701315447688103, -0.002250054618343711, -0.027850711718201637, 0.008390253409743309, 0.01984330639243126, 0.004487131256610155, 0.04145161807537079, 0.012231730856001377, 0.048226114362478256, -0.041347794234752655, 0.03358697146177292, -0.02733159251511097, 0.005804394371807575, 0.012238220311701298, 0.018298929557204247, 0.0035040504299104214, -0.004097792319953442, -0.027694975957274437, -0.012595114298164845, -0.0006963488995097578, 0.016222454607486725, 0.0012531846296042204, -0.0008971017668955028, 0.005710304249078035, -0.007170325145125389, -0.03278233855962753, -0.0029833095613867044, -0.005797905381768942, 0.006375425029546022, 0.021712133660912514, -0.009136486798524857, 0.023542027920484543, 0.00772837782278657, 0.025073427706956863, -0.0035754290875047445, 0.009460936300456524, -0.007592109031975269, 0.005843328312039375, 0.017390472814440727, -0.024087101221084595, -0.009422002360224724, 0.016598816961050034, 0.015586535446345806, -0.0010358038125559688, 0.00782571267336607, 0.013036364689469337, -0.020596029236912727, -0.01877911388874054, -0.012815739959478378, -0.025164272636175156, -0.017766833305358887, 0.011258384212851524, -0.0065473830327391624, 0.011673678644001484, -0.021244928240776062, -0.009558270685374737, -0.040205731987953186, 0.006135332398116589, -0.0011874837800860405, 0.01480785757303238, 0.014197892509400845, 0.0021997648291289806, 0.0009928143117576838, 0.009480402804911137, -0.02069985307753086, -0.019129518419504166, 0.0193890780210495, 0.006469515152275562, -0.0016263010911643505, 0.012913074344396591, -0.023399269208312035, 0.032341085374355316, 0.0022224762942641973, -0.004753179382532835, 0.025008536875247955, -0.03099137917160988, -0.00901319645345211, -0.02146555297076702, 0.014613187871873379, -0.020024998113512993, -0.028447696939110756, -0.012231730856001377, -0.013925355859100819, -0.002942753490060568, 0.014158958569169044, 0.027928579598665237, 0.01770194247364998, -0.001146927592344582, 0.011959194205701351, -0.012063018046319485, -0.026462068781256676, -0.003945301286876202, 0.04186691343784332, 0.014509364031255245, 0.01604076288640499, -0.005979597102850676, 0.034391604363918304, 0.0031747345346957445, -0.011284340173006058, 0.011524432338774204, -0.011024780571460724, 0.03428778052330017, 0.01011632289737463, 0.01134274061769247, -0.006424092222005129, 0.0006963488995097578, 0.026319311931729317, -0.0028097291942685843, 0.057310689240694046, -0.008338342420756817, -0.014587231911718845, -0.015690358355641365, 0.016131609678268433, 0.003783076535910368, -0.0788021981716156, -0.017805766314268112, -0.005862795282155275, 0.03724675625562668, -0.043631915003061295, -0.007319571916013956, -0.01992117427289486, 0.03880411386489868, -0.02717585675418377, 0.02811027131974697, -0.021971693262457848, -0.02818813920021057, 0.02581317164003849, 0.0233733132481575, -0.0204013604670763, 0.020868565887212753, 0.006430581212043762, -0.00030214322032406926, 0.005324210040271282, 0.023321401327848434, -0.002765928627923131, -0.004396285396069288, -0.014574253931641579, -0.018584445118904114, 0.011537410318851471, -0.013328369706869125, -0.03369079530239105, -0.0033223589416593313, 0.016910286620259285, 0.010979358106851578, -0.0317441001534462, -0.01770194247364998, 0.02657887153327465, -0.0025761257857084274, 0.0009198132320307195, 0.007773800753057003, -0.011777502484619617, 0.01572929322719574, 0.02855152077972889, -0.0013643085258081555, 0.002947620116174221, 0.01818212866783142, 0.014639143832027912, 0.007261171005666256, 0.016507970169186592, -0.022581657394766808, -0.0157163143157959, 0.02099834568798542, 0.0025047471281141043, -0.018908893689513206, -0.027669019997119904, 0.0014413651078939438, -0.0053339432924985886, -0.03548175469040871, 0.03841477259993553, -0.005084117408841848, 0.000912513118237257, 0.0156384464353323, 0.013977267779409885, 0.034625209867954254, 0.0019904952496290207, -0.016222454607486725, 0.013587928377091885, 0.022010628134012222, 0.013107744045555592, 0.005869284272193909, -0.03389844298362732, -0.02694225311279297, -0.013302413746714592, -0.02367180585861206, -0.017753854393959045, 0.024100080132484436, -0.025826148688793182, 0.029745493084192276, -0.030290568247437477, 0.013406236656010151, -0.008182606659829617, -0.026630783453583717, 0.011044248007237911, -0.0048375362530350685, 0.012672982178628445, 0.0005239853053353727, -0.0052755423821508884, -0.015742270275950432, 0.036831460893154144, 0.0064143589697778225, 0.0005450745229609311, 0.010895000770688057, -0.008442165330052376, -0.046149641275405884, 0.017040066421031952, -0.010181212797760963, 0.004425485618412495, -0.03475498780608177, 0.006534405052661896, 0.016144586727023125, -0.020505184307694435, -0.03711697831749916, -0.01069384254515171, -0.02642313577234745, -0.009902186691761017, -0.03641616925597191, -0.036312345415353775, 0.008085271343588829, 0.00927924457937479, 0.0005219575250521302, -0.007916558533906937, 0.006505204364657402, 0.010940424166619778, -0.03742844983935356, 0.015833117067813873, 0.017909590154886246, -0.02092047780752182, -0.008176117204129696, -0.012517246417701244, -0.011550388298928738, -0.014937636442482471, 0.0002415118069620803, 0.012432890012860298, -0.003542984137311578, 0.0031747345346957445, -0.0004801846807822585, 0.021971693262457848, -0.003581918077543378, -0.012906585820019245, 0.011238916777074337, -0.009454446844756603, -0.005155496299266815, -0.00772837782278657, 0.0024739245418459177, -0.020349448546767235, -0.03145858645439148, 0.0007896280148997903, -0.02756519615650177, 0.019142497330904007, 0.02167320065200329, 0.02795453555881977, -0.017831722274422646, 0.021193016320466995, 0.048459719866514206, 0.012121418491005898, -0.0011071825865656137, -0.004642866551876068, -0.027201812714338303, 0.018376797437667847, 0.002373345196247101, -0.027435416355729103, -0.02542383223772049, -0.016248410567641258, 0.014094069600105286, 0.008656302466988564, 0.004399529658257961, 0.025320008397102356, 0.02550170011818409, -0.011732080020010471, -0.02243890054523945, -0.014210870489478111, -0.03763609752058983, 0.0044936202466487885, 0.02740946039557457, -0.0001447854156140238, -0.0032023126259446144, 0.045760300010442734, -0.0004027224495075643, 0.006677162367850542, -0.012504268437623978, 0.006897788029164076, -0.0030563105829060078, -0.016001829877495766, -0.004662333521991968, 0.029304243624210358, 0.00012268232239875942, -0.01149198692291975, -0.006813431158661842, 0.0033515591640025377, 0.02434666082262993, 0.0007701610447838902, 0.0029249086510390043, -1.9935876480303705e-05, -0.01770194247364998, -0.004084814339876175, 0.011083181016147137, -0.003572184592485428, -0.00958422664552927, -0.008104738779366016, 0.00874065887182951, -0.0014008090365678072, 0.021777024492621422, -0.010856066830456257, 0.013834509998559952, 0.008876927196979523, 0.0009709139703772962, -0.006213200278580189, 0.0005069517064839602, -0.01777981035411358, 0.03748036175966263, 0.015184218063950539, -0.017221758142113686, -0.013237523846328259, -0.010875534266233444, 0.011355718597769737, 0.011375186033546925, 0.009000218473374844, 0.0035137839149683714, -0.013769620098173618, -0.018895916640758514, -0.019337166100740433, -0.007170325145125389, -0.06177511066198349, -0.03130285069346428, -0.014924658462405205, 0.011621766723692417, -0.002770795254036784, -0.022010628134012222, -0.005973108112812042, 0.006476004142314196, 0.012017594650387764, -0.007326060906052589, -0.01034992653876543, -0.03078373149037361, -0.015223152004182339, 0.00927275512367487, -0.004321662243455648, 0.005372877232730389, 0.025592545047402382, -0.016066718846559525, 0.02467110939323902, 0.01748131774365902, -0.007079479284584522, -0.012011106126010418, 0.0057914163917303085, -0.006041242275387049, 0.016533926129341125, -0.01940205693244934, -0.021634265780448914, -0.004905670415610075, -0.016897309571504593, -0.02886299230158329, 0.005337188020348549, -0.02259463630616665, 0.012932541780173779, 0.06509746611118317, 0.022023605182766914, 0.0014543430879712105, 0.0156384464353323, -0.00820856261998415, 0.02831791713833809, -0.0012215508613735437, -0.007695932872593403, -0.001466510002501309, -0.019648637622594833, 0.032860204577445984, -0.01754620671272278, 0.007202770095318556, -0.011816436424851418, -0.015846094116568565, 0.010596508160233498, -0.006440314929932356, 0.0073844618164002895, 0.010064410977065563, -0.024774933233857155, 0.004208104684948921, 0.025242140516638756, 0.007546686101704836, 0.0012596736196428537, 0.015184218063950539, -0.0030741551890969276, 0.02076474204659462, 0.012134396471083164, -0.020440293475985527, -0.02542383223772049, -0.003721431130543351, -0.020492205396294594, -0.03854455426335335, -0.024528352543711662, 0.026384200900793076, -0.002014828845858574, 0.0025955927558243275, -0.0015273441094905138, 0.013548994436860085, 0.008260474540293217, -0.008137183263897896, -0.004999760538339615, 0.0021867870818823576, -0.02443750575184822, -0.0191554743796587, -0.007053523790091276, 0.01114807091653347, -0.003195823635905981, -0.055234216153621674]","[-0.014211846515536308, -0.0047559067606925964, 0.00466059148311615, 0.000922751147300005, 0.01974670961499214, 0.01761690527200699, -0.01722249574959278, -0.011142035014927387, -0.004844648763537407, -0.03560192510485649, -0.0030550211668014526, 0.01681494154036045, 0.02512381039559841, -0.02102196402847767, 0.009643283672630787, -0.00711249653249979, 0.018208516761660576, 0.020312028005719185, 0.011865116655826569, -0.019825590774416924, -0.003796180011704564, 0.015473952516913414, 0.008072223514318466, 0.0005365596734918654, 0.013751703314483166, 0.02422981709241867, 0.02375652827322483, -0.005797802470624447, 0.019825590774416924, 0.017774667590856552, 0.03270959481596947, 0.01027433667331934, -0.028134459629654884, -0.0285025741904974, -0.042438335716724396, 0.005179896019399166, 0.004949824418872595, -0.009636709466576576, 0.022349804639816284, -0.006902145687490702, 0.008276001550257206, -0.00830229464918375, 0.005472415592521429, -0.008315442129969597, -0.00358911557123065, 0.005929271690547466, -0.012535611167550087, 0.010175734758377075, -0.007592360023409128, 0.03328806161880493, 0.006044307257980108, 0.004690172150731087, -0.018353134393692017, -0.026569973677396774, 0.01214777585119009, -0.014593107625842094, -0.03783690556883812, 0.002330295741558075, -0.0036022625863552094, 0.00374359218403697, 0.024597931653261185, 0.018497750163078308, 0.014106670394539833, 0.00020305866200942546, -0.02823963575065136, -0.004890663083642721, -0.007776417303830385, -0.010662171058356762, 0.00993908941745758, -0.02056181989610195, 0.03757396712899208, 0.009597268886864185, -0.0242166705429554, -0.009689297527074814, 0.014856046997010708, -0.0023943872656673193, -0.013291560113430023, -0.005074720364063978, 0.0015045034233480692, -0.010116573423147202, 0.01891845278441906, 0.0048315017484128475, -0.003552961628884077, -0.0023467293940484524, -0.015828920528292656, -0.003661423921585083, -0.0013368799118325114, 0.006796970032155514, 0.007730402983725071, -0.001153644290752709, 0.023427853360772133, 0.013350721448659897, 0.03980894759297371, -0.008407470770180225, -0.009064817801117897, 0.003638416761532426, 0.02729305624961853, 0.01932600699365139, 0.009616989642381668, 0.02238924615085125, -0.014264434576034546, -0.004496254958212376, -0.0005727137322537601, -0.006974453572183847, -0.014527373015880585, 0.004677025135606527, -0.00244040135294199, 0.0011552877258509398, 0.018971040844917297, -0.021153433248400688, 0.004384505562484264, 0.03347212076187134, 0.004141287412494421, -0.034813106060028076, -0.020864199846982956, -0.030132794752717018, 0.02294141799211502, 0.018142782151699066, -0.009531534276902676, -0.027266761288046837, 0.027713757008314133, 0.006484730169177055, 0.030842730775475502, -0.01266050711274147, 0.029554329812526703, 0.013265266083180904, -0.00987335480749607, -0.028423693031072617, -0.016289062798023224, -0.017919285222887993, 0.051351964473724365, 0.03423464298248291, -0.020127970725297928, -0.011431267485022545, -0.013311280868947506, -0.0029810694977641106, -0.02144266478717327, 0.024597931653261185, -0.017235644161701202, -0.00522591033950448, 0.008446911349892616, 0.016354797407984734, -0.0007982659735716879, -0.023730233311653137, 0.0018109915545210242, 0.041412875056266785, 0.021679310128092766, -0.019970208406448364, 0.004381218925118446, -0.02069328911602497, -0.013593940064311028, -0.007027041632682085, 0.008552087470889091, 0.004841362126171589, 0.010057412087917328, 0.017735227942466736, -0.005377099849283695, 0.022362951189279556, -0.020877346396446228, 0.010234896093606949, 0.005748501047492027, 0.014146111905574799, 0.004466674290597439, 0.007033614907413721, 0.021390078589320183, 0.02517639845609665, 0.013081208802759647, -0.017985019832849503, 0.012344980612397194, -0.0040459721349179745, -0.004246463067829609, 0.02328323759138584, -0.015539688058197498, 0.0008578380802646279, 0.010491261258721352, 0.03641703352332115, -0.016972703859210014, 2.2612357497564517e-06, 0.008571807295084, -0.017301378771662712, 0.009801046922802925, 0.008013062179088593, 0.020929934456944466, -0.001362352049909532, -0.010872522369027138, -0.019299713894724846, 0.013219252228736877, -0.04422631859779358, -0.014632548205554485, -0.009031950496137142, 0.023191209882497787, 0.009814193472266197, -0.030185382813215256, -0.02579430304467678, -0.6310533285140991, -0.025807451456785202, 0.024006320163607597, -0.013442750088870525, 0.026859207078814507, 0.02960691787302494, 0.004621150903403759, -0.003556248266249895, -0.027398230507969856, 0.006149482913315296, 0.004423946607857943, -0.011306371539831161, 0.025084368884563446, 0.0077106826938688755, 0.0163942389190197, -0.013712262734770775, 0.0026918367948383093, -0.006543891504406929, 0.004157721064984798, 0.009419784881174564, -0.001958894543349743, 0.0001761485036695376, 0.01164161879569292, -0.010971124283969402, -0.007881592959165573, 0.0014782095095142722, 0.0002401371457381174, -0.01795872487127781, -0.01599983125925064, 0.03767913952469826, -0.045435838401317596, 0.009005656465888023, -0.004062405787408352, -0.021311195567250252, 0.03097419999539852, -0.012305539101362228, -0.00788816623389721, 0.024624226614832878, -0.024058908224105835, 0.022060571238398552, -0.02734564244747162, -0.006629346404224634, 0.015171573497354984, -0.00390464230440557, -0.009682724252343178, 0.009202860295772552, 0.004588283598423004, 0.00012181464990135282, 0.0042333160527050495, -0.0017173195956274867, 0.0024469748605042696, -0.0005912016495130956, 0.020259439945220947, -0.001294152345508337, 0.006981027312576771, -0.005104301031678915, 0.014948075637221336, 0.020167412236332893, -0.0023105754517018795, -0.004443666897714138, -0.032025955617427826, 0.010846228338778019, -0.015881508588790894, -0.021048257127404213, -0.010149440728127956, 0.02986985631287098, -0.031131962314248085, -0.026149271056056023, 0.01493492815643549, -0.022060571238398552, -0.00673780869692564, 0.0025784443132579327, -0.017314525321125984, -0.013449323363602161, -0.009676150977611542, 0.010248042643070221, 0.014750870876014233, 0.00673780869692564, 0.014658842235803604, -0.023848555982112885, 0.006928439252078533, -0.008630968630313873, -0.007296553812921047, 0.028686631470918655, 0.015671156346797943, 0.01020860206335783, -0.041071053594350815, -0.006422282196581364, 0.0036022625863552094, -0.02750340662896633, 0.00010250508057652041, 0.024874018505215645, -0.012358127161860466, -0.01782725565135479, -0.019273418933153152, -0.0007760805310681462, -0.007796137593686581, 0.017735227942466736, 0.00041556666838005185, -0.01818222366273403, -0.028187047690153122, -0.007105923257768154, 0.011404973454773426, -0.006392701528966427, 0.02123231440782547, -0.015947243198752403, -0.031684134155511856, 0.017445994541049004, 0.04333232715725899, -0.01933915540575981, 0.004792061168700457, -0.01613130047917366, 0.013883172534406185, -0.004903810098767281, 0.031210845336318016, -0.03150007873773575, 0.014422197826206684, 0.00949866697192192, 0.025005487725138664, -0.020535526797175407, 0.029002157971262932, -0.004151147324591875, 0.02593892067670822, -0.01761690527200699, -0.01129322499036789, 0.01906306855380535, -0.029554329812526703, -0.005429687909781933, -0.02470310777425766, -0.017064733430743217, -0.00476248050108552, 0.045830246061086655, -0.0029366984963417053, 0.0008409935398958623, 0.010044265538454056, 0.011385253630578518, -0.005761648062616587, 0.009446078911423683, -0.009281742386519909, -0.024413874372839928, 0.004299050662666559, 0.010984271764755249, 0.010556995868682861, 0.01082650851458311, -0.011339238844811916, -0.029422860592603683, -0.033866528421640396, -0.00017748374375514686, -0.018195370212197304, 0.03457646071910858, -0.008538939990103245, -0.02408520132303238, -0.007020467892289162, 0.00047739839646965265, 0.019891325384378433, 0.003934222739189863, -0.004335204605013132, -0.019076215103268623, -0.0034379258286207914, -0.017524875700473785, 0.05548010393977165, 0.019286567345261574, -0.04054517671465874, -0.03144748881459236, -0.0032440084032714367, -0.007625227328389883, 0.005478988867253065, 0.012193790636956692, 0.02000964805483818, -0.0003214838507119566, 0.0020147692412137985, -0.035707101225852966, -0.01688067615032196, 0.002481485716998577, -0.010399232618510723, 0.016630884259939194, -0.027818933129310608, -0.02246812731027603, 0.004598143510520458, 0.008177398703992367, 0.008519219234585762, 0.034944575279951096, -0.002274421276524663, 0.021061403676867485, 0.021600428968667984, 0.008519219234585762, -0.01577633246779442, 0.015158426016569138, -0.024663666263222694, 0.04375302791595459, -0.0033196033909916878, 0.01728823035955429, -0.016552003100514412, 0.0014420554507523775, 0.0018997334409505129, 0.03625927120447159, -0.023861702531576157, 0.009840487502515316, -0.006882424931973219, 0.01031377725303173, 0.006179063580930233, -0.0070467619225382805, 0.020022796466946602, -0.027477113530039787, 0.02708270400762558, -0.026924941688776016, -0.010721332393586636, -0.012502743862569332, 0.0012489596847444773, 0.024124642834067345, 0.0072308192029595375, -0.01497436873614788, -0.004723039455711842, -0.022297216579318047, 0.018944745883345604, -0.00375016569159925, 0.004216882400214672, 0.015040104277431965, 0.011122314259409904, 0.0008948138565756381, 0.01160217821598053, -0.01031377725303173, 0.008861039765179157, -0.01147070899605751, -0.009209434501826763, 0.007217672187834978, 0.018668660894036293, -0.0040459721349179745, 0.017314525321125984, -0.03173672407865524, -0.028818100690841675, 0.0017846976406872272, 0.0013270196504890919, 0.0020525665022432804, 0.02708270400762558, 0.016091858968138695, 0.0022662044502794743, 0.02102196402847767, 0.0063795545138418674, 0.010464967228472233, 0.0017206062329933047, -0.0007937467307783663, -0.0059752860106527805, 0.011010565795004368, 0.016578296199440956, 0.02246812731027603, 0.02659626677632332, 0.0025258564855903387, -0.0383627824485302, 0.028187047690153122, -0.004437093622982502, -0.019759856164455414, -0.021061403676867485, 0.017327671870589256, 0.011819102801382542, 0.015250454656779766, 0.013725409284234047, 0.011963718570768833, 0.018195370212197304, 0.017327671870589256, 0.015329336747527122, 0.019102510064840317, 0.007217672187834978, 0.027108998969197273, 0.024795135483145714, -0.027319349348545074, -0.017038438469171524, -0.032157424837350845, 0.0193917416036129, 0.030474616214632988, -0.033104006201028824, -0.010248042643070221, 0.0018882298609241843, -0.02074587717652321, -0.006708228029310703, -0.0022267636377364397, -0.005163462366908789, -0.010228322818875313, 0.02497919276356697, 0.019575798884034157, -0.028002990409731865, -0.008696703240275383, 0.03749508410692215, -0.0009638353367336094, 0.009787899442017078, -0.020864199846982956, -0.012818270362913609, 0.02605724334716797, 0.008111664094030857, 0.010629303753376007, 0.003161839907988906, 0.007184804882854223, 0.030237970873713493, 0.0070467619225382805, -0.015684304758906364, 0.0033179600723087788, 0.01756431721150875, -0.0032472950406372547, -0.0016277560498565435, 0.018892157822847366, 0.028686631470918655, 0.02294141799211502, 0.014487932436168194, 0.009912795387208462, 0.006869278382509947, 0.0019703982397913933, -0.004913670476526022, -0.020325174555182457, -0.009971956722438335, -0.02041720412671566, 0.0018800130346789956, -0.01160217821598053, -0.015763185918331146, 0.013712262734770775, 0.004042685031890869, -0.009058244526386261, -0.030947905033826828, -0.003694291226565838, 0.01398834865540266, 0.025202691555023193, -0.03089531883597374, -0.02653053216636181, -0.015092691406607628, 0.017945578321814537, 0.035628218203783035, 0.025754863396286964, -0.01469828374683857, -0.017130468040704727, -0.02457163855433464, -0.0065603251568973064, 0.022402392700314522, -0.03339323773980141, -0.0014617758570238948, 0.0028808240313082933, 0.009091111831367016, 0.01007713284343481, 0.0011109167244285345, -0.024663666263222694, 0.008565234020352364, 0.007960474118590355, -0.0015891368966549635, -0.040255941450595856, -0.008111664094030857, -0.01166791282594204, -0.0013976844493299723, 0.01809019409120083, -0.00605416763573885, 0.01082650851458311, 0.00513716833665967, 0.0201411172747612, 0.01133266557008028, 0.009347476996481419, 0.008479778654873371, -0.002484772354364395, -0.01068846508860588, 0.016381092369556427, -0.006921865977346897, 0.013633380644023418, -0.004358211997896433, 0.024808283895254135, 0.012877431698143482, 0.007283406797796488, 0.014711430296301842, 0.014501078985631466, 0.022783653810620308, -0.0025751576758921146, -0.010885669849812984, 0.0021248748525977135, 0.015250454656779766, -0.009235728532075882, -0.03257812559604645, 0.024348139762878418, -0.019904473796486855, -0.0037764597218483686, 0.016249623149633408, -0.011523296125233173, 0.00680354330688715, -0.0026901934761554003, 0.0024239677004516125, 0.02299400418996811, -0.0383627824485302, 0.0009679437498562038, 0.031342312693595886, -0.007881592959165573, -0.0243087001144886, 0.00260145147331059, 0.01493492815643549, -0.012640786357223988, 0.0069350129924714565, -0.03199966251850128, -0.024545343592762947, -0.018339985981583595, -0.03983524069190025, 0.032972536981105804, -0.022362951189279556, -0.010267763398587704, -0.02395373210310936, 0.006658927071839571, -0.0001766620553098619, 0.008999083191156387, 0.035417865961790085, -0.006392701528966427, 0.024584785103797913, -0.020443497225642204, 0.014658842235803604, -0.03347212076187134, -0.0032818058971315622, -0.0030418741516768932, -0.012095188722014427, 0.017722079530358315, 7.52867927076295e-05, 0.0018077048007398844, -0.03423464298248291, 0.01078049372881651, 0.032551832497119904, 0.008893908001482487, 0.008492926135659218, -0.03694291412830353, -0.009176567196846008, -0.02137693017721176, 0.0008709850371815264, 0.019957059994339943, -0.01592094823718071, -0.004384505562484264, 0.016170740127563477, -0.009623562917113304, -0.0032144277356565, -0.04567248374223709, -0.003875061636790633, -0.0009326113504357636, -0.018471457064151764, -0.006816690322011709, -0.011207769624888897, 0.0023401561193168163, -0.01797187142074108, -0.015408217906951904, 0.001004919526167214, -0.0023582330904901028, 0.0001472868607379496, 0.025754863396286964, -0.02061440795660019, 0.003038587514311075, 0.02960691787302494, 0.01555283460766077, 0.004361498635262251, -0.02525527961552143, 0.010524128563702106, -0.012252951972186565, -0.0075003313831985, 0.00844033807516098, 0.02674088440835476, -0.032025955617427826, -0.026451651006937027, -0.008453484624624252, -0.007875019684433937, 0.03444499149918556, -0.009406638331711292, 0.014146111905574799, -0.050589438527822495, -0.009472372941672802, 0.004108420107513666, 0.012469876557588577, 0.005416540894657373, -0.01728823035955429, -0.009794473648071289, 0.011096020229160786, 0.020167412236332893, -0.03029055893421173, -0.01891845278441906, -0.02776634506881237, -0.0037238718941807747, 0.013087783008813858, 0.005209476687014103, 0.01987817883491516, -0.007289980538189411, -0.0093211829662323, 0.0018224951345473528, -0.031053081154823303, 0.0033623308409005404, -0.04866998642683029, -0.03289365395903587, 0.0028035857249051332, 0.010254615917801857, 0.024242963641881943, 0.0293439794331789, 0.0039638034068048, 0.0184320155531168, -0.011109167709946632, 0.017800962552428246, 0.006626059766858816, 0.008565234020352364, 0.013948907144367695, -0.05164119601249695, 0.0002705394581425935, -0.0033590442035347223, -0.004759193863719702, -0.010537275113165379, 0.007073055952787399, 0.02231036312878132, -0.0021791059989482164, -0.0032226445619016886, -0.023506736382842064, -0.016906969249248505, -0.040860701352357864, -0.030027620494365692, 0.01735396683216095, -0.024242963641881943, -0.0020164125598967075, -0.03531268984079361, -0.017380259931087494, 0.030264263972640038, 0.018405720591545105, 0.009978529997169971, 0.0022908549290150404, 0.018694953992962837, 0.0034675064962357283, 0.010103425942361355, -0.01469828374683857, 0.02354617603123188, 0.002307288581505418, -0.009485520422458649, -0.0010090279392898083, 0.026727737858891487, -0.006146196275949478, 0.021482106298208237, 0.009183140471577644, 0.007099349517375231, 0.027924109250307083, -0.0035266675986349583, 0.03912530466914177, -0.010675318539142609, -0.006652353797107935, 0.004798634443432093, -0.01715676113963127, -0.0178929902613163, -0.027950402349233627, -0.014724576845765114, -0.012476449832320213, -0.01727508381009102, 0.022915123030543327, -0.02503178082406521, 0.011148608289659023, 0.014540519565343857, -0.0244270209223032, -0.03625927120447159, 0.007776417303830385, 0.03618038818240166, 0.004108420107513666, 0.0030073635280132294, 0.034944575279951096, -0.0020722870249301195, -0.026635708287358284, 0.005810949020087719, 0.0029876430053263903, -0.013646528124809265, 0.002241553971543908, 0.022704772651195526, -0.00802620965987444, -0.013725409284234047, 0.0070401886478066444, 0.008499499410390854, -0.026030948385596275, -0.016644030809402466, 0.014106670394539833, -0.0051240213215351105, -0.005413254257291555, 0.013160090893507004, -0.0006713158218190074, -0.046724237501621246, -0.010294057428836823, -0.008045929484069347, -0.018221665173768997, 0.019549505785107613, -0.0022053997963666916, -0.023559322580695152, 0.02231036312878132, -0.007421449758112431, 0.022691626101732254, 0.0031881339382380247, 0.0009334330097772181, -0.003395198378711939, 0.005712347105145454, -0.013975201174616814, 0.037942081689834595, -0.01701214537024498, -0.005242343991994858, 0.00736886216327548, 0.012134629301726818, -0.01014286745339632, -0.0035661086440086365, -0.00010260778799420223, -0.016920117661356926, 0.010984271764755249, 0.03381393849849701, -0.006616199389100075, 0.004581709858030081, -0.015224160626530647, 0.03594374284148216, -0.013173237442970276, -0.01293001975864172, -0.027398230507969856, -0.0004186480073258281, -0.008584954775869846, 0.00673780869692564, 0.048275578767061234, -0.017643198370933533, -0.011727074161171913, 0.005521716549992561, 0.001616252469830215, 0.00888076052069664, -0.024519050493836403, 0.020601261407136917, 0.015960389748215675, -0.03749508410692215, 0.008414044044911861, -0.00806565023958683, -0.021731898188591003, 0.004841362126171589, 0.01816907711327076, 0.003585828933864832, 0.01429072767496109, -0.011444414965808392, -0.022770507261157036, -0.013350721448659897, 0.034129466861486435, -0.009603842161595821, -0.035680804401636124, 0.019510064274072647, -0.018760688602924347, -0.042490921914577484, 0.020259439945220947, -0.009058244526386261, -0.031210845336318016, -0.02028573490679264, -0.0312897264957428, 0.03313029929995537, 0.0027674317825585604, 0.0012604632647708058, 0.016841234639286995, 0.0012160922633484006, 0.020522380247712135, -0.02190280891954899, -0.013515057973563671, -0.017748374491930008, -0.042359452694654465, 0.02056181989610195, 0.01906306855380535, 0.00826285406947136, -0.016144447028636932, -0.02866033837199211, -0.006915292702615261, 0.009866781532764435, -0.03260442242026329, -0.01836628094315529, 0.007848725654184818, -0.007901313714683056, -0.026438504457473755, -0.009663003496825695, -0.002571870805695653, 0.014501078985631466, -0.021547840908169746, -0.029764680191874504, -0.00036729275598190725, -0.016236476600170135, 0.020535526797175407, 0.054743874818086624, 0.0027674317825585604, 0.01082650851458311, -0.013284986838698387, -0.015592275187373161, -0.007027041632682085, -0.005235770251601934, 0.003156909951940179, 0.009373771026730537, 0.011661339551210403, 0.020364616066217422, 0.007618654053658247, -0.017051586881279945, -0.03389282152056694, -0.012384421192109585, -0.008078796789050102, -0.01405408326536417, -0.018077047541737556, -0.02190280891954899, 0.018129635602235794, -0.015421365387737751, 0.011385253630578518, 0.03625927120447159, -0.0030895317904651165, -0.0011059866519644856, 0.016775500029325485, -0.03055349737405777, -0.008479778654873371, -0.004621150903403759, -0.0016573366010561585, -0.002195539651438594, -0.02592577412724495, -0.03802096098661423, 0.030132794752717018, 0.022744212299585342, 0.03641703352332115, 0.03859942778944969, -0.0051207346841692924, 0.009610416367650032, -0.025689128786325455, 0.016183888539671898, 0.03313029929995537, 0.017104174941778183, 0.024058908224105835, -0.033577293157577515, -0.014658842235803604, 0.005692626815289259, -0.00222019013017416, -0.020851053297519684, -0.009722164832055569, 0.020574966445565224, 0.0016959557542577386, -0.007736976258456707, -0.03965118154883385, -0.007362288422882557, 0.012851137667894363, 0.0018553624395281076, 0.026096682995557785, 0.016315357759594917, 0.002248127479106188, 0.010570143349468708, 0.01411981787532568, 0.01966782845556736, -0.003638416761532426, 0.01632850430905819, -0.02103511057794094, -0.02048293873667717, 0.00705990893766284, -0.012331833131611347, -0.0017288231756538153, -0.017051586881279945, -0.0011396757327020168, -0.028187047690153122, -0.005709060467779636, -0.004512688610702753, -0.015671156346797943, 0.00044329851516522467, 0.03720585256814957, 0.02103511057794094, 0.009886501356959343, 0.012062321417033672, -0.00956440158188343, 0.00699417432770133, 0.006468296516686678, -0.0050122723914682865, -0.019628386944532394, -0.0244270209223032, 0.008742718026041985, 0.01572374440729618, -0.03068496659398079, -0.03749508410692215, 0.02177133969962597, 0.01720934920012951, 0.01741970144212246, 0.008019635453820229, 0.20688031613826752, 0.013160090893507004, 0.034734226763248444, 0.03323547542095184, -0.005170035641640425, 0.005998292937874794, 0.015303042717278004, 0.02680661901831627, -0.002701696939766407, 0.03008020855486393, -0.01310092955827713, 0.0013845375506207347, -0.0327884778380394, 0.013133796863257885, 0.01735396683216095, -0.021994836628437042, -0.04472590237855911, -0.03817872330546379, -0.03715326264500618, 0.0006976097356528044, 0.008769011124968529, -0.016788646578788757, -0.013429603539407253, -0.006228364538401365, 0.021284902468323708, 0.0008520862902514637, -0.004841362126171589, 0.005156888626515865, 0.025610247626900673, -0.020469792187213898, -0.017025291919708252, -0.010300630703568459, 0.028160754591226578, -0.0007719721179455519, 0.004003244452178478, -0.023191209882497787, 0.005288358312100172, 0.010806787759065628, -0.004956397693604231, 0.00369100458920002, 0.024992341175675392, 0.0029827128164470196, 0.0024173944257199764, -0.030921611934900284, 0.015368777327239513, 0.013311280868947506, -0.03334065154194832, -0.008427190594375134, 0.026096682995557785, -0.010458393953740597, -0.005728780757635832, -0.01743284799158573, 0.02061440795660019, 0.013883172534406185, 0.01748543605208397, -0.02633332833647728, -0.004082126077264547, -0.016657177358865738, 0.015500246547162533, 0.03152637183666229, 0.00861124787479639, 0.018944745883345604, -0.02028573490679264, 0.02831851691007614, -0.0015496959676966071, 0.03144748881459236, -0.02157413586974144, 0.02382226288318634, 0.0004745225014630705, -0.013725409284234047, -0.016236476600170135, -0.02333582565188408, 0.003930936101824045, 0.006018013693392277, -0.013830585405230522, -0.0021478820126503706, 0.04022964835166931, 0.036101508885622025, 0.049301039427518845, 0.009413211606442928, -0.005501995794475079, -0.015565981157124043, -0.007138790562748909, 0.00299421651288867, -0.04601430520415306, -0.04661906138062477, 0.008059076964855194, 0.010491261258721352, 0.02178448624908924, -0.011253784410655499, -0.016223328188061714, 0.01548709999769926, -0.0023894570767879486, 0.0021232315339148045, -0.010129719972610474, -0.003104322124272585, 0.0036778575740754604, 0.005245630629360676, -0.01940489001572132, 0.009985104203224182, -0.010773920454084873, 0.04756564274430275, -0.012331833131611347, 0.009932516142725945, -0.013383588753640652, 0.030316852033138275, -0.0014519155956804752, -0.00520290294662118, 0.011181475594639778, -0.009308036416769028, -0.013528205454349518, -0.04151804745197296, -0.004624437540769577, -0.0019276706734672189, -0.0021840359549969435, 0.029896151274442673, 0.003852054476737976, -0.02265218459069729, -0.017932431772351265, 0.011759941466152668, -0.011740220710635185, -0.01823481172323227, -0.01490863412618637, -0.00023438535572495311, -0.018326839432120323, -0.008828172460198402, -0.003664710558950901, 0.019628386944532394, 0.0008303116774186492, -0.047066058963537216, -0.020653849467635155, 0.012160923331975937, 0.01661773771047592, 0.010037691332399845, 0.0005850390298292041, -0.0002898490347433835, -0.0006935012643225491, 0.012272671796381474, -0.0012300609378144145, 0.018458308652043343, -0.01020860206335783, 0.028213340789079666, -0.0021166580263525248, -0.01824795827269554, -0.001311407657340169, -0.0293439794331789, 0.013068062253296375, 0.013962054625153542, -0.0013261979911476374, 0.009643283672630787, -0.014027789235115051, -0.0019194538472220302, 0.004972831346094608, 0.0040459721349179745, 0.0016063922084867954, 0.020640701055526733, 0.002889040857553482, -0.00833516288548708, -0.0006717266514897346, 0.009715591557323933, -0.004867656156420708, 0.004463387653231621, 0.013633380644023418, -0.019786151126027107, -0.03139490261673927, -0.017472287639975548, -0.1649152636528015, 0.0013385232305154204, 0.01898418739438057, -0.0029514888301491737, 0.02096937596797943, -0.01201630663126707, 0.017380259931087494, -0.005653185769915581, -0.040255941450595856, -0.006816690322011709, 0.005856963340193033, 0.005048426333814859, -0.016039270907640457, -0.01548709999769926, -0.0013319497229531407, -0.032078541815280914, -0.028476281091570854, 0.007375435438007116, 0.013153517618775368, 0.012226657941937447, 0.0437004417181015, -0.010090279392898083, 0.018116489052772522, -0.0022629178129136562, -0.013791143894195557, 0.011418120935559273, -0.025215838104486465, 0.017038438469171524, 0.012759109027683735, -0.03042202815413475, 0.01147070899605751, -0.025978360325098038, 0.024269258603453636, -0.007697535678744316, -0.008256280794739723, -0.02211315929889679, 0.003829047316685319, 0.0013664604630321264, 0.021521547809243202, 0.04067664593458176, 0.0017846976406872272, 0.02388799749314785, 0.009853634051978588, -0.007907886989414692, -0.024821430444717407, 0.014553667046129704, 0.029922444373369217, -0.0008360634674318135, 0.002371380105614662, -0.0029580623377114534, 0.003792893374338746, -0.04966915398836136, -0.01823481172323227, -0.0011265287175774574, 0.009932516142725945, -0.008920201100409031, -0.008105090819299221, 0.012936593033373356, -0.006284239236265421, -0.03015908971428871, 0.009373771026730537, -0.01467198971658945, -0.017051586881279945, 0.00518975593149662, -0.009485520422458649, -0.014724576845765114, -0.013633380644023418, -0.014067229814827442, 0.002961349207907915, 0.017985019832849503, -0.0029268383514136076, -0.03946712613105774, 0.005426401272416115, -0.009715591557323933, 0.02742452546954155, -0.007855298928916454, -0.02211315929889679, 0.0012752535985782743, -0.0025242131669074297, 0.017748374491930008, 0.002484772354364395, 0.0672597661614418, -0.009991677477955818, 0.03397170454263687, 0.004778914153575897, 0.0030533776152879, 0.011312944814562798, 0.02641220949590206, -0.02369079366326332, -0.005508569534868002, 0.02612297795712948, -0.02504492737352848, 0.01857663132250309, -0.009478946216404438, 0.014474784955382347, 0.012134629301726818, 0.0017764808144420385, -0.008243134245276451, 0.015828920528292656, -0.015473952516913414, 0.02905474603176117, 0.003503660438582301, -0.021679310128092766, 0.025899479165673256, 0.027477113530039787, 0.005590737797319889, 0.009209434501826763, 0.018760688602924347, 0.038073550909757614, -0.0032538685481995344, -0.01467198971658945, -0.0037107248790562153, 0.004019678104668856, 0.01797187142074108, 0.0032177146058529615, 0.022231481969356537, 0.016026124358177185, 0.002376310061663389, -0.0007682745344936848, -0.019273418933153152, 0.022888829931616783, -0.004778914153575897, -0.03368246927857399, 0.007776417303830385, 0.001926027238368988, -0.00636312086135149, -0.0968140959739685, -0.030106501653790474, -0.007020467892289162, 0.025531364604830742, -0.015473952516913414, 0.03591744974255562, 0.006888998672366142, 0.001546409330330789, -0.004469960927963257, 0.012489596381783485, 0.0021528119686990976, -0.02116657979786396, 0.013567646034061909, -0.0068627046421170235, 0.011832249350845814, -0.008926775306463242, -0.008387750014662743, -0.002085434040054679, -0.00952496100217104, 0.030711261555552483, -0.001656514941714704, -0.034471288323402405, 0.00614290963858366, -0.045961715281009674, -0.0002986821345984936, -0.01661773771047592, -0.02231036312878132, 0.022573303431272507, 0.02022000029683113, 0.01652570813894272, 0.002642535837367177, -0.02659626677632332, -0.021692456677556038, -0.007802711334079504, -0.025136956945061684, 0.004108420107513666, -0.024755695834755898, -0.00454226927831769, -0.0028939710464328527, -0.005564444232732058, 0.003451072843745351, -0.005462555214762688, 0.029028452932834625, -0.020312028005719185, 0.003345897188410163, 0.01735396683216095, -0.008703276515007019, 0.01945747621357441, 0.005091154016554356, -0.01064902450889349, -0.0046080038882792, 0.022744212299585342, 0.015342483296990395, -0.005548010114580393, 0.027371937409043312, 0.0036745709367096424, -0.004581709858030081, 0.006031160708516836, 0.004026251379400492, 0.010392659343779087, 0.0039407964795827866, 0.022849388420581818, -0.010215175338089466, -0.002409177366644144, 0.004068979062139988, -0.021521547809243202, -0.03604891896247864, -0.036574799567461014, -0.010964551009237766, 0.006031160708516836, 0.00976817961782217, 0.020929934456944466, -0.022573303431272507, 0.006287525873631239, -0.017524875700473785, 0.01075419969856739, -0.013363868929445744, -0.02470310777425766, -0.0011511793127283454, -0.010050838813185692, 0.008223413489758968, -0.009538107551634312, 0.009176567196846008, -0.004946537781506777, 0.010103425942361355, -0.013883172534406185, -0.011207769624888897, 0.0037041513714939356, 0.002545577008277178, -0.033866528421640396, -0.02110084518790245, 0.017735227942466736, 0.02027258835732937, -0.026044096797704697, -0.017590610310435295, -0.020640701055526733, 0.006770676001906395, 0.016315357759594917, 0.025360453873872757, 0.010471540503203869, -0.007105923257768154, -0.008736143819987774, -0.04157063737511635, 0.02137693017721176, 0.016722911968827248, -0.033997997641563416, 0.019273418933153152, -0.0032538685481995344, 0.022783653810620308, -0.028949569910764694, -0.011490428820252419, -0.03504975140094757, -0.006468296516686678, 0.013396736234426498, -0.04911698400974274, -0.0022251203190535307, -0.010925110429525375, -0.009130552411079407, -0.00106818915810436, 0.010537275113165379, 0.009432932361960411, -0.017393406480550766, -0.016552003100514412, 0.005429687909781933, -0.0057945153675973415, 0.014238140545785427, -0.003694291226565838, 0.012529037892818451, -0.03594374284148216, 0.025163250043988228, -0.011168329045176506, -0.026635708287358284, 0.013212678954005241, -0.016828088089823723, -0.005824096035212278, 0.00534423254430294, 0.004190588369965553, -0.0007000747718848288, -0.017261937260627747, 0.04462072625756264, 0.00401310482993722, 0.003934222739189863, -0.022205188870429993, -0.013685968704521656, -0.0017682639881968498, -0.017327671870589256, 0.006234938278794289, -0.00850607268512249, -0.025965213775634766, -0.009538107551634312, 0.03518122062087059, -0.015434511937201023, 0.019773002713918686, 0.019983354955911636, -0.016039270907640457, -0.0243087001144886, -0.008256280794739723, -0.021324342116713524, -0.013764849863946438, -0.033656176179647446, -0.0030057199764996767, -0.007092776242643595, 0.0347079336643219, 0.02320435643196106, 0.01224637869745493, -0.010202028788626194, 0.01952321082353592, -0.014409050345420837, -0.003391911508515477, 0.02403261326253414, 0.036101508885622025, -0.016841234639286995, 0.00406569242477417, -0.012298965826630592, 0.0036811442114412785, -0.007428023498505354, 0.022060571238398552, -0.007539772428572178, -0.013646528124809265, -0.011983439326286316, -9.01798193808645e-05, 0.018011312931776047, -0.0199307668954134, -0.026359623298048973, -0.03341953083872795, 0.0009161776397377253, 0.025413041934370995, 0.00031840254087001085, 0.005590737797319889, 0.030790142714977264, -0.018287399783730507, 0.009432932361960411, -0.025715421885252, -0.0015570911346003413, -0.008538939990103245, -0.000569016148801893, 0.0018027747282758355, 0.018589777871966362, 0.006514310836791992, 0.0034182053059339523, 0.00987335480749607, -0.011306371539831161, -0.014435344375669956, -0.00045398040674626827, -0.005156888626515865, -0.009091111831367016, -0.03418205305933952, 0.04727641120553017, -0.03197336941957474, -0.023572470992803574, 0.017196202650666237, 0.022362951189279556, -0.0059719993732869625, -0.0031223990954458714, -0.020377762615680695, 0.013133796863257885, -0.010254615917801857, 0.02299400418996811, 0.008519219234585762, -0.012469876557588577, -0.020325174555182457, 0.01727508381009102, 0.021350637078285217, 0.008223413489758968, 0.009472372941672802, -0.005692626815289259, 0.009452653117477894, 0.008584954775869846, 0.011319519020617008, -0.002614598488435149, 0.035680804401636124, -0.0033179600723087788, 0.010287483222782612, 0.006218504626303911, -0.01204260066151619, -0.01831369288265705, -0.0036811442114412785, -0.03294624015688896, 0.013764849863946438, 0.020496085286140442, -0.0024502617307007313, 0.06016041710972786, 0.00485122250393033, 0.0009580835467204452, -0.015118985436856747, 0.017945578321814537, 0.021179726347327232, 0.017524875700473785, 0.024755695834755898, 0.00014872480824124068, -0.013357294723391533, 0.028423693031072617, -0.020929934456944466, 0.009380344301462173, -0.0206801425665617, 0.017643198370933533, -0.010681891813874245, -0.026215005666017532, 0.015000662766397, 0.003401771653443575, 0.005574304144829512, 0.016446826979517937, -0.0018044180469587445, 0.00605416763573885, 0.036995500326156616, -0.023940585553646088, 0.01715676113963127, 0.018524043262004852, -0.017656344920396805, -0.011589030735194683, -0.0061987838707864285, 0.01870810054242611, 0.00908453855663538, -0.03983524069190025, -0.022717919200658798, -0.0005907908198423684, 0.011326092295348644, -0.0028512433636933565, 0.00474933348596096, 0.004502828232944012, 0.007316274102777243, 0.016591442748904228, 0.006543891504406929, -0.016906969249248505, -0.00925544835627079, 0.011812529526650906, -0.02266533114016056, -0.0003902998869307339, 0.011819102801382542, -0.009603842161595821]"
7222,"Adding a new subfield to a field of all documents in MongoDB<pre><code>{
    ""_id"":{""$oid"":""5d6eb64a2a33670cfe44813f""},
    ""customer"":""ddd"",
    ""owners"": { ""a"":""nnn"", ""b"":""mmm""},
}
</code></pre>

<p>I have multiple documents in my MongoDB collection that look like above.
I want to be able to add a new field inside the <code>owners</code> to all documents.
For example, if I want to add <code>""c""</code> to the <code>owners</code> of all documents, how can I do that?</p>

<p>I found a query that does something like this:</p>

<pre><code>db.myCollection.update({}, {$set: {""isOpen"": false}}, false, true)
</code></pre>

<p>But I can I add a new sub-field (<code>""c""</code>) to one of the fields (<code>""owners""</code>) of my document?</p>

<p>Also tried,</p>

<pre><code>db.profiles.update_many({}, { '$set': {'owners': {'c': ''}}})
</code></pre>

<p>but this removes the existing subfields and adds itself.</p>
","@FiN, as I told before, I dont want to use case because there are more than 200 values","Embed Field: Adding a new subfield to a field of all documents in MongoDB<pre><code>{
    ""_id"":{""$oid"":""5d6eb64a2a33670cfe44813f""},
    ""customer"":""ddd"",
    ""owners"": { ""a"":""nnn"", ""b"":""mmm""},
}
</code></pre>

<p>I have multiple documents in my MongoDB collection that look like above.
I want to be able to add a new field inside the <code>owners</code> to all documents.
For example, if I want to add <code>""c""</code> to the <code>owners</code> of all documents, how can I do that?</p>

<p>I found a query that does something like this:</p>

<pre><code>db.myCollection.update({}, {$set: {""isOpen"": false}}, false, true)
</code></pre>

<p>But I can I add a new sub-field (<code>""c""</code>) to one of the fields (<code>""owners""</code>) of my document?</p>

<p>Also tried,</p>

<pre><code>db.profiles.update_many({}, { '$set': {'owners': {'c': ''}}})
</code></pre>

<p>but this removes the existing subfields and adds itself.</p>; Answer: @FiN, as I told before, I dont want to use case because there are more than 200 values","[-0.01664591394364834, 0.018950315192341805, -0.003163469024002552, -0.014734615571796894, -0.022827131673693657, 0.040530361235141754, -0.007550304289907217, -0.02064472809433937, -0.012775874696671963, -0.0002935570664703846, 0.004846021067351103, 0.01211166474968195, 0.02532130852341652, -0.00818062573671341, 0.0027195329312235117, 0.014992166310548782, 0.006770874373614788, 0.001585123362019658, 0.004490194376558065, -0.0193434190005064, -0.013446861878037453, 0.021186940371990204, 0.01003770250827074, -0.005906723905354738, -0.026920834556221962, 0.020387178286910057, 0.021308938041329384, -0.008241624571383, 0.01066802442073822, 0.01223366241902113, 0.008573729544878006, 0.03903927654027939, -0.02312534861266613, -0.02153937891125679, -0.0358402244746685, -0.016429029405117035, 0.003886983497068286, -0.012748763896524906, 0.031773634254932404, 0.011284790933132172, 0.024521544575691223, 0.00521201454102993, -0.0067912074737250805, -0.02206803485751152, -0.007306308951228857, -0.0020926001016050577, 0.008363623172044754, -0.03451180458068848, -0.030797651037573814, 0.011122127063572407, -0.012850428000092506, 0.03863261640071869, -0.03901216387748718, 0.026066850870847702, 0.0011615201365202665, -0.028737245127558708, 0.03190918639302254, 0.028384806588292122, 0.017974333837628365, -0.012070998549461365, 0.009075276553630829, 0.01439573336392641, -0.004117423668503761, -0.019207866862416267, -0.002004490699619055, -0.002445037942379713, 0.005483120679855347, 0.006611599586904049, -0.006435380782932043, -0.006892872042953968, 0.028981240466237068, 0.03410514444112778, -0.019573859870433807, 0.0007497777696698904, 0.011793114244937897, 0.010091924108564854, -0.017689671367406845, -0.011081460863351822, 0.012918205000460148, -0.0015148052480071783, 0.0017977722454816103, -0.010796800255775452, -0.022976240143179893, 0.028601691126823425, 0.005703394301235676, 0.013433306477963924, -0.0014021267415955663, 0.041506342589855194, -0.001943491748534143, 0.0181234423071146, 0.017527008429169655, 0.02450799010694027, 0.024494435638189316, -0.001289448351599276, 0.0012131996918469667, 0.035650450736284256, -0.0016401917673647404, 0.03204473853111267, 0.0012530183885246515, -0.003324438352137804, -0.0321531817317009, -0.006960648577660322, -0.00838395580649376, -0.01619858853518963, 0.0008675394929014146, -0.008580507710576057, 0.01611725613474846, -0.022339140996336937, 0.009359937161207199, -0.024413103237748146, -0.00032977512455545366, -0.00620832946151495, 0.010112256743013859, -0.02300335094332695, 0.007428306620568037, 0.0009039693395607173, 0.0076316362246870995, -0.03291228041052818, -0.031610969454050064, 0.007319864351302385, 0.011698227375745773, 0.0017452454194426537, 0.013907741755247116, -0.023667560890316963, 0.004358030389994383, 0.002373872557654977, -0.004368196707218885, -0.006611599586904049, 0.004364808090031147, -0.012131997384130955, 0.03730419650673866, 0.03600288927555084, 0.013629858382046223, 0.026731060817837715, -0.012572544626891613, -0.006899649742990732, -0.004944297019392252, 0.011745670810341835, -0.02235269732773304, -0.04042191803455353, 0.02805948071181774, 0.01520905178040266, -0.0014800698263570666, 0.0017503286944702268, -0.01767611689865589, 0.0130266472697258, 0.0032769949175417423, -0.007231754716485739, 0.029225235804915428, -0.017215237021446228, 0.019682301208376884, 0.027164829894900322, -0.006665820721536875, 0.00045198466978035867, -0.005754226818680763, -0.009285383857786655, 0.02678528055548668, -0.0019672135822474957, 0.006096498109400272, 0.010735801421105862, 0.022379808127880096, 0.024846872314810753, -0.0014427927089855075, -0.003737875260412693, -0.005523786414414644, 0.02968611568212509, 0.027178384363651276, -0.020061850547790527, -0.02166137658059597, -0.006509935017675161, 0.014124627225100994, 0.020251624286174774, -0.03155674785375595, 0.0023637062404304743, -0.009631043300032616, -0.0174998976290226, 0.00037382988375611603, 0.027341049164533615, -0.005761004518717527, -0.0254433061927557, -0.020590506494045258, 0.014897279441356659, -0.005161182023584843, 0.05487187206745148, -0.010945907793939114, -0.04484094679355621, 0.0022400140296667814, -0.016090145334601402, 0.015412380918860435, 0.018055664375424385, 0.01329097617417574, 0.025877075269818306, 0.015222606249153614, 0.016510359942913055, -0.5990359783172607, -0.0130266472697258, -0.005998222157359123, -0.03396959230303764, 0.010701912455260754, 0.007306308951228857, -0.008478842675685883, 0.015520823188126087, -0.042888984084129333, 0.019519638270139694, -0.03570467233657837, 0.006740374956279993, -0.009786929935216904, 0.001975685590878129, 0.0002734359004534781, -0.007075869012624025, 0.019112978130578995, -0.018380992114543915, -0.014585507102310658, -0.006655654404312372, 0.00016456986486446112, 0.02450799010694027, 0.0041242013685405254, 0.02743593603372574, 0.02121405117213726, -0.0183267705142498, -0.023667560890316963, -0.01820477284491062, -0.012464102357625961, 0.026812391355633736, -0.027422379702329636, 0.015724152326583862, 0.004862965550273657, -0.00024293646856676787, 0.04795866832137108, -0.004361419007182121, -0.04015081003308296, -0.008804170414805412, -0.01233532652258873, 0.04465117305517197, -0.008844835683703423, -0.04074724391102791, 0.010823910124599934, -0.026975056156516075, 0.0015571655239909887, -0.0011505064321681857, 0.022908464074134827, -0.006886094342917204, 0.023274457082152367, -0.033942483365535736, 0.009895372204482555, 0.02532130852341652, 0.004974796436727047, 0.0037209310103207827, -0.0035616562236100435, -0.026690393686294556, 0.008424622006714344, -0.011074683628976345, 0.04055747017264366, 0.001205574837513268, 0.008458510041236877, 0.013480749912559986, -0.00991570483893156, 0.0036192662082612514, -0.026934389024972916, 0.0011657561408355832, -0.005439065862447023, 0.0065167127177119255, 0.007882409729063511, 0.0034684634301811457, 0.003700598143041134, 0.003448130562901497, -0.00912271998822689, 0.016876352950930595, 0.009387047961354256, 0.014951501041650772, 0.004354641307145357, -0.008045072667300701, -0.03123142011463642, -0.0012835179222747684, 0.02993011102080345, -0.010315586812794209, -0.009705597534775734, -0.01247765775769949, -0.018950315192341805, 0.020387178286910057, -0.015236161649227142, -0.003168552415445447, 0.006611599586904049, -0.016754355281591415, 0.013507860712707043, 0.04557293280959129, -0.012945315800607204, -0.01036303024739027, -0.014504175633192062, -0.0007438473403453827, 0.01259965542703867, 0.009522601030766964, 0.042482323944568634, -0.025551749393343925, -0.02927945740520954, -0.025578858330845833, 0.009237939491868019, -0.0010090229334309697, 0.025050202384591103, 0.014043294824659824, -0.005930445622652769, 0.010966241359710693, 0.03318338468670845, -0.026717504486441612, -0.0034904908388853073, 0.011101794429123402, -0.02833058498799801, 0.012084553949534893, -0.016591692343354225, -0.03505401685833931, 0.01824543997645378, -0.004873131867498159, 0.011088239029049873, 0.011610117740929127, -0.002006185008212924, 0.03464735671877861, 0.0008404288673773408, 0.0002528911572881043, 0.020698949694633484, 0.01537171471863985, -0.014856613241136074, -0.011061128228902817, 0.012850428000092506, -0.0036328216083347797, 0.015900371596217155, -0.01824543997645378, 0.041994333267211914, -0.0030567210633307695, -0.014300845563411713, -0.009176940657198429, 0.03261406347155571, -0.006581100169569254, 0.01009870134294033, -0.007109757047146559, 0.0023450676817446947, 0.006960648577660322, 0.051401712000370026, -0.028384806588292122, 0.0219867043197155, -0.04294320568442345, -0.057962480932474136, 0.0033125774934887886, -0.03261406347155571, -0.023870890960097313, -0.006784429773688316, -0.015927482396364212, 0.0013462111819535494, 0.026758169755339622, -0.0053950110450387, -0.0029635285027325153, -0.004856187850236893, -0.02027873508632183, -0.025714412331581116, -0.02202736958861351, -0.013738300651311874, 0.03033677116036415, -0.03304783254861832, -0.0005638159345835447, -0.0010327447671443224, -0.03811751678586006, -0.015927482396364212, -0.004117423668503761, 0.01121701393276453, -0.028005259111523628, -0.00795696396380663, -0.008404288440942764, -0.016171477735042572, -0.032261624932289124, -0.015547933988273144, 0.008106071501970291, -0.03575889393687248, 0.03125853091478348, -0.014504175633192062, -0.017947223037481308, 0.001192866824567318, -0.0096717095002532, 0.012545433826744556, -0.004761300515383482, 0.006242217496037483, 0.0016105396207422018, 0.01889609359204769, 0.023098237812519073, -0.010871353559195995, 0.04779600352048874, 0.014260180294513702, 0.009685264900326729, -0.010105479508638382, 0.008187403902411461, -0.013006314635276794, -0.007150422781705856, 0.02361333929002285, -0.0035955444909632206, -0.003829373512417078, 0.007102979347109795, 0.012918205000460148, 0.007584192790091038, 0.03123142011463642, -0.02031940035521984, 0.020780282095074654, -0.02519931085407734, -0.026121070608496666, -0.009861484169960022, 0.043783631175756454, -0.0014377094339579344, 0.0119083346799016, -0.0020214347168803215, 0.006940315943211317, -0.0037107644602656364, 0.0036429879255592823, 0.059426452964544296, -0.012558989226818085, -0.011738893575966358, -0.003605711041018367, 0.0059643336571753025, -0.008790615014731884, -0.004185200203210115, 0.020143182948231697, 0.013419751077890396, 0.005825391970574856, 0.015425936318933964, -0.014924390241503716, 0.006682765204459429, 0.002865252550691366, -0.026812391355633736, -0.0013496000319719315, 0.008912612684071064, 0.013257087208330631, 0.02019740268588066, 0.011013684794306755, -0.006431991700083017, 0.020956499502062798, -0.009753040969371796, 0.04410896077752113, -0.020739614963531494, 0.014246624894440174, 0.03321049362421036, -0.01042402908205986, -0.020875168964266777, 0.01135934516787529, 0.016673024743795395, 0.0016808577347546816, 0.010288476012647152, 0.002763587748631835, 0.040611691772937775, -0.01893676072359085, -0.00868894997984171, -0.0010276614921167493, -0.021593600511550903, 0.009692042134702206, -0.0017909945454448462, 0.014097516424953938, 0.025307752192020416, -0.0046969130635261536, 0.008478842675685883, 0.01979074440896511, -0.032017629593610764, 0.00795696396380663, -0.0051544043235480785, 0.00471385708078742, 0.024738430976867676, -0.023382900282740593, -0.004158089403063059, -0.0028093368746340275, -0.014978610910475254, 0.006038887891918421, -0.04212988540530205, -0.004801966715604067, -0.039391715079545975, 0.004219088237732649, -0.003914094064384699, -0.01926208660006523, 0.01508705411106348, 0.00856695231050253, 0.02109205350279808, -0.020387178286910057, 0.0068522063083946705, -0.004012370016425848, -0.0047884113155305386, 0.011711782775819302, 0.015141274780035019, -0.01345363911241293, 0.03361715376377106, 0.00807896163314581, 0.015358159318566322, 0.01545304711908102, 0.014463509432971478, 0.006065998692065477, -0.021186940371990204, 0.00688948342576623, 0.033074941486120224, 0.0333731584250927, -0.0014487231383100152, -0.0018638543551787734, 0.007970519363880157, -0.006160885561257601, 0.022176478058099747, -0.035406455397605896, -0.014165292493999004, 0.04421740397810936, 0.005252680275589228, -0.009353159926831722, -0.030878983438014984, -0.022298475727438927, 0.012199773453176022, -0.008905834518373013, -0.02682594768702984, -0.018923204392194748, -0.0010361336171627045, -0.002124793827533722, -0.016795022413134575, -0.01048502791672945, 0.01327064260840416, 0.0036633210256695747, -0.0005744060035794973, -0.013216421939432621, -0.006858984008431435, -0.035650450736284256, 0.03125853091478348, 0.0346202477812767, 0.028737245127558708, -0.017405010759830475, 0.013006314635276794, -0.0020756558515131474, 0.021715598180890083, -0.031936295330524445, -0.02938789874315262, 0.00830262340605259, -0.027178384363651276, -0.04009658843278885, -0.006923371460288763, 0.019072312861680984, 0.0018028555205091834, 0.010512138716876507, 0.006879317108541727, -0.028439028188586235, -0.024006443098187447, -0.03673487529158592, -0.011101794429123402, -0.013975518755614758, 0.00013057570322416723, 0.016971241682767868, 0.05289279669523239, 0.015439491719007492, -0.001517346827313304, 0.00038717337884008884, -0.012301438488066196, 0.0019062146311625838, -0.031610969454050064, 0.003666709875687957, 0.012924982234835625, 0.018435213714838028, 0.005906723905354738, -0.031122978776693344, 0.043973408639431, 0.006953870877623558, -0.007780744694173336, 0.01694413088262081, 0.00013449403923004866, -0.004249587655067444, 0.025063756853342056, -0.007414751220494509, 0.007333419751375914, 0.014504175633192062, -0.009963148273527622, -0.04429873451590538, 0.0024230105336755514, -0.004707079380750656, 0.003995425999164581, -0.02401999942958355, -0.014490620233118534, -0.013372307643294334, -0.02674461528658867, 0.032180290669202805, -0.005503453314304352, 0.0038158181123435497, -0.023518452420830727, -0.024155551567673683, -0.032017629593610764, -0.024562211707234383, -0.012165885418653488, 0.0346202477812767, -0.004954463802278042, -0.015276827849447727, -0.01085102092474699, -0.04779600352048874, 0.013697635382413864, 0.004798577632755041, 0.0030194439459592104, 0.006459102500230074, -0.020102515816688538, -0.011915112845599651, 0.02871013432741165, 0.03632821515202522, 0.020658284425735474, 0.015236161649227142, -0.007821410894393921, 0.007984073832631111, -0.01154234167188406, 0.002026517875492573, -0.018435213714838028, 0.022379808127880096, 0.007401196286082268, -0.011122127063572407, 0.011766004376113415, -0.01680857688188553, -0.010749355889856815, -0.030634988099336624, 0.031610969454050064, -0.005208625458180904, 0.010030925273895264, 0.011128905229270458, 0.015534378588199615, 0.022989796474575996, 0.009685264900326729, -0.007170755881816149, 0.022569581866264343, 0.014409288763999939, -0.0017384677194058895, -0.008546619676053524, 0.028574582189321518, -0.022488249465823174, -0.004202144220471382, -0.002012962708249688, 0.019614525139331818, -0.0034379640128463507, 0.020509175956249237, -0.001912992331199348, -0.0008128946647047997, -0.025985518470406532, -0.015168385580182076, 0.021064942702651024, 0.009075276553630829, 0.0242233294993639, -0.0020011018496006727, 0.002887279726564884, 0.0248333178460598, -0.016551027074456215, 0.011027240194380283, 0.01881476305425167, -0.009007499553263187, 0.0334002710878849, 0.00663532130420208, -0.0219867043197155, 0.003415936604142189, 0.029875891283154488, -0.019682301208376884, -0.024169107899069786, -0.0008277207380160689, -0.0119083346799016, 0.025212865322828293, 0.006533656734973192, -0.00793663039803505, -0.042319659143686295, 0.0005112891085445881, -0.007767189294099808, -0.010613802820444107, -0.03445758298039436, 0.008207736536860466, -0.007590970490127802, -0.03334604948759079, 0.005300124175846577, -0.030309660360217094, 0.010342697612941265, -0.03302071988582611, -0.012369215488433838, 0.021552933380007744, 0.0199534073472023, 0.022366251796483994, -0.01154234167188406, 0.006855594925582409, 0.002970305969938636, -0.014585507102310658, -0.023464230820536613, -0.02895412966609001, -0.012924982234835625, -8.551490464014933e-05, 0.04147922992706299, 0.006520101334899664, 0.031936295330524445, -0.012206551618874073, 0.021485157310962677, -0.01469394937157631, 0.021159829571843147, 0.01676791161298752, -0.0130266472697258, -0.01508705411106348, -0.007082646246999502, -0.0036599321756511927, 0.013907741755247116, 0.01901809126138687, 0.03535223379731178, -0.02194603718817234, 0.017147459089756012, 0.045057833194732666, -0.046386249363422394, 0.02052273042500019, 0.008160293102264404, -0.04337697476148605, 0.0065167127177119255, 0.020590506494045258, -0.03364426642656326, -0.017689671367406845, -0.04050324857234955, 0.007984073832631111, 0.008417843841016293, 0.018516546115279198, 0.012497990392148495, 0.0017342317150905728, 0.008634728379547596, 0.01970941200852394, 0.004290253855288029, -0.010356252081692219, -0.0020316012669354677, -0.001146270427852869, -0.0028635580092668533, -0.016212143003940582, -0.006628543604165316, 0.03310205414891243, 0.009529379196465015, 0.01432795636355877, 0.000306265166727826, 0.0034396585542708635, -0.03025543875992298, 0.033562932163476944, -0.010478249751031399, -0.0015029443893581629, 0.0006701403763145208, -0.025416195392608643, 0.017079683020710945, -0.026392176747322083, -0.012165885418653488, -0.031692299991846085, 0.012023555114865303, 0.04459695145487785, -0.0014487231383100152, 0.020956499502062798, -0.011711782775819302, -0.008309401571750641, 0.025036646053195, -0.03277672454714775, 0.0333731584250927, -0.00048672014963813126, 0.006435380782932043, 0.0337798185646534, -0.0013894187286496162, -0.023477787151932716, 0.0036633210256695747, 0.01905875839293003, -0.001019189483486116, 0.03025543875992298, 0.025619525462388992, -0.0007959505310282111, -0.017283013090491295, 0.005740671418607235, -0.013223199173808098, -0.002170543186366558, -0.015588600188493729, 0.007489305455237627, 0.01408396102488041, -0.004286864772439003, -0.0028008646331727505, 0.029740337282419205, -0.035975776612758636, -0.0007900201017037034, 0.015886817127466202, 0.008160293102264404, -0.027666376903653145, -0.012694542296230793, -0.03375270590186119, 0.013304531574249268, -0.011230569332838058, 0.02784259431064129, 0.022081591188907623, -0.005971111357212067, -0.039147719740867615, -0.011501675471663475, -0.007116534747183323, 0.009963148273527622, -0.007929853163659573, 0.014368622563779354, -0.02475198544561863, -0.0046664136461913586, 0.0030058887787163258, 0.008173848502337933, -0.014937945641577244, -0.013806077651679516, 0.006032110191881657, 0.03009277582168579, -0.029333679005503654, 0.024697763845324516, 0.018096331506967545, 0.0025670358445495367, -0.010654469020664692, -0.0006625155219808221, -0.016347697004675865, -0.023057572543621063, -0.00904138758778572, -0.009570044465363026, 0.02688016928732395, 0.0071436455473303795, 0.0010022453498095274, 0.012375992722809315, -0.013711189851164818, 0.02076672576367855, -0.016537470743060112, -0.009231162257492542, 0.004293642472475767, -0.003951371181756258, -0.02471132017672062, 0.005191681440919638, -0.004422417841851711, 0.008438176475465298, -0.002131571527570486, -0.010491805151104927, 0.01735078915953636, 0.018191218376159668, -0.013758634217083454, -0.0038463175296783447, 0.0034566025715321302, -0.0037514304276555777, -0.007231754716485739, -0.004181811586022377, -0.014477064833045006, -0.02190537191927433, 0.003788707545027137, -0.018028555437922478, -0.0005235736025497317, -0.018950315192341805, 0.006110053509473801, 0.007950185798108578, -0.02568730153143406, -0.01408396102488041, 0.01645614020526409, 0.0008374636527150869, 0.013880631886422634, -0.029252346605062485, -0.04549160227179527, 0.029008351266384125, -0.0193434190005064, 0.022244254127144814, 0.003961537498980761, -0.005561063531786203, -0.011860891245305538, -0.013975518755614758, -5.919855539104901e-05, -0.0063472711481153965, -0.0307434294372797, 0.0029550562612712383, 0.009685264900326729, 0.011827003210783005, -0.0005299276672303677, -0.018313216045498848, -0.021674931049346924, -0.021512268111109734, -0.01705257222056389, 0.008702505379915237, -0.023382900282740593, -0.016252810135483742, 0.011223792098462582, 0.025172200053930283, -0.008804170414805412, -0.017215237021446228, -0.009387047961354256, -0.025985518470406532, -0.024738430976867676, -0.052459027618169785, -0.015927482396364212, -0.005574618931859732, -0.038009073585271835, 0.04768756031990051, 0.024033553898334503, -0.018950315192341805, -0.030553655698895454, -0.005279791075736284, -0.04481383413076401, 0.0023060960229486227, 0.016537470743060112, -0.009637821465730667, 0.044922277331352234, 0.029903002083301544, -0.025456860661506653, 0.03470157831907272, 0.006994537077844143, 0.04877198487520218, -0.03158386051654816, 0.03361715376377106, -0.010051257908344269, 0.006059220992028713, 0.008112849667668343, -0.01857076771557331, -0.04768756031990051, 0.006980981677770615, -0.0018587710801512003, -0.003907316364347935, 0.024128440767526627, 0.015520823188126087, -0.0034328808542340994, -0.02341001108288765, 0.01787944696843624, -0.00039966966141946614, -0.010803577490150928, 0.003968315199017525, 0.008038295432925224, -0.010518915951251984, 0.014165292493999004, 0.005283179692924023, -0.004625747445970774, 0.010735801421105862, -0.005239124875515699, 0.011013684794306755, -0.02271869033575058, 0.030282549560070038, 0.0012758930679410696, -0.002289152005687356, -0.009868261404335499, -0.0435667484998703, 0.030553655698895454, 0.024196218699216843, 0.020129626616835594, 0.03681620582938194, 0.0016825521597638726, 0.026595506817102432, -0.03388826176524162, 0.012626766227185726, 0.004798577632755041, -0.01897742599248886, 0.0015969843370839953, -0.02210870198905468, 0.005462787579745054, -0.003048249054700136, 0.024155551567673683, -0.012836873531341553, 0.010091924108564854, 0.025090867653489113, 0.0007141950773075223, -0.02304401807487011, 0.003700598143041134, -0.013670524582266808, -0.05671539157629013, -0.03407803550362587, -0.004310586955398321, 0.012104886583983898, -0.015534378588199615, -0.032586950808763504, -0.01800144463777542, -0.008533064275979996, 0.00620832946151495, 0.022501805797219276, 0.009082053788006306, -0.015412380918860435, 0.012125219218432903, 0.0337798185646534, -0.007197866681963205, 0.01357563678175211, 0.19595548510551453, 0.0031261921394616365, 0.0019079090561717749, 0.028357695788145065, -0.006069387309253216, -0.008804170414805412, 0.024982426315546036, -0.024006443098187447, -0.023464230820536613, -0.013731523416936398, 0.009278605692088604, -0.009678487665951252, -0.016903463751077652, -0.002382344799116254, 0.007862076163291931, -0.014544841833412647, -0.04448850825428963, -0.018801206722855568, -0.012836873531341553, 0.00014921424735803157, 0.022908464074134827, 0.002224764320999384, -0.018096331506967545, 0.00030118192080408335, 0.008946500718593597, -0.022949129343032837, 0.011976111680269241, 0.005916890222579241, 0.014002629555761814, 0.012918205000460148, -0.013880631886422634, 0.005791503936052322, 0.010146144777536392, -0.006743764039129019, -0.026609063148498535, -0.01926208660006523, 0.023423565551638603, 0.013135089538991451, 0.009563267230987549, 0.02731393836438656, 0.002228153171017766, -0.008668617345392704, 0.010898464359343052, 0.0030550267547369003, -0.0183267705142498, 0.0018994370475411415, 0.007773966994136572, -0.002943195402622223, -0.008804170414805412, 0.03269539400935173, -0.011522009037435055, -0.027341049164533615, 0.042319659143686295, 0.011244124732911587, 0.00799762923270464, -0.0019841575995087624, 0.0041208122856915, 0.0075706373900175095, -0.007075869012624025, 0.03567755967378616, -0.0026551452465355396, 0.019234977662563324, 0.00924471765756607, 0.02133604884147644, -0.013318086043000221, 0.021932482719421387, -0.0006222731899470091, -0.016618803143501282, 0.0015800402034074068, -0.01290464960038662, 0.012464102357625961, -0.020427843555808067, 0.00036811124300584197, -0.01909942366182804, 0.008085738867521286, -0.019804298877716064, 0.012619988061487675, 0.01420595869421959, -0.00022535694006364793, 0.0174998976290226, -0.04088279604911804, -0.04549160227179527, -0.010024147108197212, 0.01914008893072605, -0.03619266301393509, -0.009529379196465015, -0.024033553898334503, -0.002104460960254073, -0.015114163979887962, -0.025619525462388992, -0.005310290493071079, 0.035162460058927536, -0.011528786271810532, -0.005049350671470165, -0.0032126070000231266, -0.024440214037895203, 0.012694542296230793, 0.0044664726592600346, -0.012206551618874073, -0.0007256323588080704, -0.03884950280189514, 0.05411277338862419, 0.009170163422822952, 0.009739486500620842, -0.01508705411106348, 0.019777188077569008, -0.01259965542703867, 0.01215233001857996, 0.017106793820858, -0.03933749347925186, 0.014422844164073467, -0.02401999942958355, -0.002948278561234474, -0.016103701665997505, 0.014992166310548782, 0.00682848459109664, 0.012314993888139725, 0.005303512793034315, 0.018679209053516388, 0.002229847479611635, -0.011203458532691002, -0.03486424311995506, 0.011352567002177238, -0.0037175421603024006, -0.012470879592001438, -0.021552933380007744, -0.0370602011680603, 0.0003854789538308978, 0.03494557365775108, -0.017852336168289185, 0.03456602618098259, -0.018950315192341805, -0.017621895298361778, -0.035406455397605896, 0.0006032110541127622, 0.02048206515610218, -0.005940611939877272, -0.024291105568408966, 0.006848817691206932, 0.018990980461239815, 0.015290383249521255, -0.012619988061487675, 0.018218329176306725, 0.0012115052668377757, 0.016496805474162102, -0.0270699430257082, 0.007360530085861683, -0.008160293102264404, -0.004246199037879705, -0.02385733462870121, -0.015263272449374199, -0.0072181993164122105, 0.00837040040642023, -0.021281827241182327, 0.0014885418349877, -0.027951037511229515, 0.03017410822212696, -0.023911556228995323, 0.011203458532691002, -0.00820095930248499, -0.027178384363651276, 0.01561571005731821, 0.010342697612941265, -0.03277672454714775, -0.03090609423816204, -0.011413565836846828, -0.17025461792945862, 0.04261787608265877, 0.029577674344182014, -0.0022705134470015764, 0.003761596977710724, 0.008092517033219337, 0.016591692343354225, -0.024453768506646156, -0.022908464074134827, -0.015276827849447727, 0.013128312304615974, -0.002687338972464204, -0.05915534868836403, -0.02698861062526703, -0.014490620233118534, 0.021796928718686104, 0.01432795636355877, 0.0026534507051110268, 0.021674931049346924, 0.04242810234427452, 0.012999536469578743, -0.01926208660006523, 0.007489305455237627, -0.020956499502062798, -0.0037243198603391647, 0.01097301859408617, 0.013019870035350323, 0.008763504214584827, -0.013975518755614758, 0.00985470600426197, 0.00795696396380663, -0.01024103257805109, 0.040937017649412155, -0.020346511155366898, 0.0037073756102472544, -0.004452917259186506, -0.0038090404123067856, -0.007109757047146559, 0.0025602581445127726, -0.017771003767848015, 0.0024247050751000643, 0.013257087208330631, -0.00766552472487092, 0.021593600511550903, 0.0264599546790123, -0.007008092477917671, 0.021363159641623497, -0.004110645968466997, 0.006980981677770615, -0.02044139802455902, 0.008851613849401474, -0.02797814831137657, -0.0005388233694247901, 0.013846742920577526, 0.008641506545245647, 0.015263272449374199, 0.010051257908344269, 0.009434491395950317, -0.024006443098187447, -0.017445676028728485, -0.007245310116559267, -0.016008814796805382, -0.014368622563779354, -7.698989065829664e-05, -0.007346974685788155, -0.015439491719007492, -0.012287883087992668, 0.01767611689865589, -0.03293938934803009, 0.014287291094660759, 0.004954463802278042, 0.01946541666984558, 0.021227605640888214, 0.0030262216459959745, -0.0011691449908539653, 0.0074486397206783295, -0.023925112560391426, -0.004334308672696352, 0.0036023221909999847, 0.024697763845324516, -0.030119886621832848, 0.026365065947175026, -0.029903002083301544, 0.02475198544561863, -0.023992888629436493, 0.007672302424907684, -0.003907316364347935, -0.02495531551539898, 0.016917020082473755, 0.006598044186830521, 0.02414199709892273, -0.03280383720993996, -0.011122127063572407, 0.021227605640888214, 0.005845725070685148, 0.006370992865413427, 0.01987207680940628, 0.0036328216083347797, -0.0009598849574103951, 0.007821410894393921, -0.006947093643248081, -0.017079683020710945, -0.0030194439459592104, -0.0018706319388002157, 0.01836743764579296, 0.0027788374572992325, 0.011745670810341835, -0.0010759523138403893, 0.03158386051654816, 0.014815947972238064, -0.032749615609645844, 0.0158732607960701, 0.012321771122515202, 0.026690393686294556, 0.010559582151472569, 0.01983140967786312, -0.009197274222970009, -0.006618377286940813, 0.004341086372733116, 0.009542934596538544, 0.03684331849217415, -0.02336934395134449, 0.0022772911470383406, 0.016185034066438675, -0.012714875862002373, 0.002414538525044918, -0.08707927167415619, 0.010295253247022629, -0.01575126312673092, 0.014463509432971478, -0.029415009543299675, -0.020292289555072784, -0.022406917065382004, 0.019966963678598404, -0.009414158761501312, 0.017147459089756012, -0.043973408639431, -0.02772059664130211, 0.004439362324774265, 0.017215237021446228, 0.0029381122440099716, 0.007990851998329163, -0.0055983406491577625, 0.0033684931695461273, -0.021715598180890083, 0.02784259431064129, 0.01054602675139904, -0.005317068193107843, 0.02145804651081562, -0.020102515816688538, -0.008282290771603584, 0.011101794429123402, -0.025185754522681236, 0.02092939056456089, 0.03532512113451958, -0.014992166310548782, -0.02308468334376812, -0.015195496380329132, 0.015507267788052559, -0.0025314530357718468, -0.01488372404128313, 0.014409288763999939, 0.005913501605391502, -0.00837040040642023, 0.03578600287437439, -0.024250438436865807, 0.014965055510401726, 0.011888002045452595, -0.006360826548188925, -0.019370529800653458, 0.031936295330524445, 0.006523489952087402, -0.008187403902411461, 0.019492527469992638, 0.0027839206159114838, -0.03288516774773598, -0.037277087569236755, 0.019085869193077087, -0.02960478514432907, -0.004134367685765028, 0.01341297384351492, 0.00867539457976818, 0.006564156152307987, -0.0051849037408828735, 0.0018350493628531694, -0.014111071825027466, -0.023193124681711197, 0.007163978181779385, -0.03058076649904251, 0.013738300651311874, 0.015276827849447727, 0.008092517033219337, 0.004944297019392252, -0.024196218699216843, -0.011705005541443825, 0.00898038875311613, -0.03245139867067337, 0.0025246753357350826, -0.03318338468670845, 0.030201217159628868, -0.04408184811472893, 0.036626432090997696, -0.018258994445204735, -0.02927945740520954, 0.018096331506967545, -3.9712805488534286e-08, -0.0016096923500299454, 0.005645784083753824, -0.020007628947496414, -0.031448304653167725, 0.027571488171815872, 0.004703690763562918, -0.0034396585542708635, -0.004107257351279259, -0.0009641210199333727, -0.037195753306150436, 0.016307031735777855, 0.00856695231050253, 0.0031888852827250957, -0.039066385477781296, -0.01085102092474699, 0.02597196213901043, -0.012769096530973911, 0.008553396910429, -0.0013284197775647044, -0.004449528641998768, -0.01820477284491062, -0.016022369265556335, -0.042319659143686295, 0.04047613963484764, 0.0054763429798185825, -0.0018452157964929938, -0.004378363490104675, 0.0033413826022297144, -0.007909519597887993, -0.02773415297269821, 0.00452069379389286, 0.02170204184949398, 0.004114035051316023, 0.039554376155138016, 0.000893802847713232, -0.016876352950930595, -0.024575766175985336, -0.009312493726611137, 0.013711189851164818, 0.03348160162568092, 0.017893001437187195, 0.012321771122515202, -0.009298938326537609, -0.004866354167461395, 0.0025212864857167006, 0.024277549237012863, -0.01970941200852394, -0.001017495058476925, 0.013494305312633514, 0.0019977129995822906, -0.013934852555394173, -0.02145804651081562, 0.017689671367406845, -0.03171941265463829, -0.013907741755247116, 0.014436398632824421, 0.022054480388760567, -0.013697635382413864, 0.008560175076127052, 0.03312916308641434, 0.03261406347155571, -0.005669505801051855, 0.00922438409179449, -0.01320964377373457, 0.015697041526436806, -0.007211422082036734, -0.03724997490644455, -0.009034610353410244, -0.015846149995923042, -0.002660228405147791, 0.029469231143593788, 0.004503749776631594, 0.04115390405058861, 9.7852353064809e-05, -0.016388362273573875, -0.009536156430840492, 0.00031664344714954495, -0.022420473396778107, 0.016429029405117035, 0.017703227698802948, 0.008004407398402691, 0.03277672454714775, 0.049043089151382446, 0.014544841833412647, 0.007557081989943981, -0.02694794535636902, 0.003322744043543935, -0.024657098576426506, -0.00875672698020935, 0.009719152934849262, 0.004300420172512531, -0.040205031633377075, -0.0009014277602545917, 0.0010158006334677339, 0.01099335215985775, 0.007719745859503746, 0.0073266420513391495, 0.0028940574266016483, -0.00910238642245531, -0.01408396102488041, -0.002763587748631835, 0.024128440767526627, 0.005296735092997551, -0.004391918424516916, 0.0008239083108492196, 0.0063777705654501915, 0.022528916597366333, 0.015154830180108547, -0.0283034760504961, 0.008641506545245647, 0.014016184955835342, -0.0018418269464746118, -0.020061850547790527, 0.018760541453957558, -0.009631043300032616, 0.02841191738843918, 0.012070998549461365, -0.03106875717639923, -0.02210870198905468, -0.02548397146165371, 0.014870168641209602, 0.01824543997645378, 0.01747278682887554, 0.018258994445204735, 0.0034311863128095865, 0.003927649464458227, -0.0049714078195393085, 0.014599062502384186, -0.024643542245030403, -0.029062572866678238, -0.008831280283629894, 0.02903546206653118, -0.006289661396294832, -0.027042832225561142, -0.0007726523326709867, 0.014124627225100994, -0.004747745115309954, -0.019153645262122154, -0.00029398067272268236, -0.0090617211535573, -0.025348419323563576, 0.013907741755247116, 0.005005296319723129, -0.004090312868356705, 0.027585044503211975, 0.009590378031134605, 0.03125853091478348, -8.875812454789411e-06, -0.017161015421152115, -0.007252087816596031, 0.01060702558606863, -0.010566359385848045, 0.030689209699630737, -0.020021185278892517, -0.0036158773582428694, -0.0035006573889404535, -0.011040795594453812, -0.030472323298454285, -0.01121701393276453, -0.0016749273054301739, -0.01329097617417574, 0.06739697605371475, 0.01357563678175211, -0.013616302981972694, 0.013324864208698273, -0.00040327030001208186, 0.01987207680940628, 0.022732244804501534, 0.00608633179217577, -0.009861484169960022, -0.02231203019618988, 0.006533656734973192, 0.00477485591545701, -0.0020248235668987036, -0.01022069901227951, -0.025145089253783226, 0.012226884253323078, 0.004598637111485004, 0.029306568205356598, -0.006723430939018726, -0.005676283501088619, 0.001604609191417694, -0.0033634097781032324, 0.03329182788729668, 0.009068498387932777, -0.010634136386215687, 0.002385733649134636, 0.013989074155688286, -0.012531878426671028, -0.027083497494459152, -0.015181940980255604, 0.0054153441451489925, -0.009204051457345486, -0.025673747062683105, -0.0026382009964436293, -0.01670013554394245, 0.0023637062404304743, -0.009725931100547314, 0.02214936725795269, 0.02589063160121441, 0.013013091869652271, 0.0008887196308933198, -0.010396918281912804, -0.021634265780448914, -0.021308938041329384, -0.0011742282658815384, -0.008187403902411461, 0.007306308951228857, 0.00010097642370965332, -0.021444492042064667]","[-0.016014639288187027, 0.022054672241210938, -6.276279600569978e-05, -0.015725139528512955, -0.023436378687620163, 0.03871410712599754, -0.002131776185706258, -0.017988506704568863, -0.005378786940127611, -0.003237141529098153, 0.007974421605467796, 0.009612731635570526, 0.023081082850694656, -0.01000092551112175, 0.005845935549587011, 0.013777590356767178, 0.005888702813535929, -0.0006415067473426461, 0.013139373622834682, -0.020028168335556984, -0.006648641545325518, 0.015040865167975426, 0.0061453054659068584, -0.008329718373715878, -0.0219099223613739, 0.018409598618745804, 0.01493559218943119, 0.00010506728722248226, 0.018488552421331406, 0.012040588073432446, 0.0122774513438344, 0.03724028915166855, -0.030792322009801865, -0.024541744962334633, -0.0362665131688118, -0.01962023600935936, 0.001947548589669168, -0.006888795178383589, 0.023896947503089905, 0.009902232326567173, 0.015093501657247543, 0.0002321349602425471, -0.0023620605934411287, -0.02352849207818508, -0.007592807523906231, -0.004444490186870098, 0.006405198015272617, -0.03971420228481293, -0.026107678189873695, 0.0060499017126858234, -0.0172384362667799, 0.03897729143500328, -0.04442516341805458, 0.024436471983790398, 0.0006234129541553557, -0.02752886340022087, 0.02868686430156231, 0.036187559366226196, 0.014988228678703308, -0.010356221348047256, 0.01523825153708458, 0.017120005562901497, -0.007934944704174995, -0.019343893975019455, -0.007448057644069195, -0.0024739131331443787, 0.0033012921921908855, -0.0025413534604012966, -0.004108932800590992, -0.004796496592462063, 0.03508219122886658, 0.030792322009801865, -0.022317854687571526, 0.0016481787897646427, 0.00853368453681469, 0.010639142245054245, -0.0263445433229208, -0.013080157339572906, 0.010112777352333069, -0.005467610899358988, -0.0031532521825283766, -0.010902324691414833, -0.020672965794801712, 0.02608136087656021, 0.0042306543327867985, 0.012941987253725529, -6.872551603009924e-05, 0.029634321108460426, 0.0012229749700054526, 0.012218235991895199, 0.024568062275648117, 0.021804649382829666, 0.02592345140874386, 0.0014952041674405336, -0.003368732752278447, 0.034161053597927094, -0.0002699674223549664, 0.02855527400970459, -0.007790194358676672, -0.004655036143958569, -0.030450185760855675, -0.0002504343574400991, -0.012777497991919518, -0.011119449511170387, -0.0003084166964981705, -0.00908636674284935, 0.016527844592928886, -0.022317854687571526, 0.012948566116392612, -0.025410246104002, -0.0029180331621319056, -0.015711979940533638, 0.004112222697585821, -0.02752886340022087, 0.013974976725876331, 0.0025462883058935404, 0.004500416573137045, -0.029265865683555603, -0.030239639803767204, 0.005641969386488199, 0.01151422318071127, -0.0023768646642565727, 0.013777590356767178, -0.024962835013866425, 0.007553330156952143, -0.004579370841383934, -0.0070796022191643715, -0.012547213584184647, 0.0035661193542182446, -0.013040680438280106, 0.030818641185760498, 0.044530436396598816, 0.00760596664622426, 0.028502637520432472, -0.003533221548423171, -0.017120005562901497, -0.005266934633255005, 0.012547213584184647, -0.017567414790391922, -0.03939838334918022, 0.023002127185463905, 0.015159296803176403, -0.005641969386488199, -0.0035398011095821857, -0.013553885743021965, 0.016527844592928886, 0.005000462755560875, -0.006336112506687641, 0.02459438145160675, -0.019554439932107925, 0.009612731635570526, 0.02408117614686489, -0.005286673083901405, -0.00028847242356278, -0.0009597927564755082, -0.010731255635619164, 0.03326623514294624, -0.001065888092853129, 0.009435083717107773, 0.012389304116368294, 0.01885700784623623, 0.02554183639585972, 0.007994160987436771, -0.00026523834094405174, -0.007092761341482401, 0.030792322009801865, 0.02302844636142254, -0.01838327944278717, -0.018449075520038605, -0.011093131266534328, 0.013395976275205612, 0.01625150442123413, -0.026107678189873695, -0.0007772100507281721, -0.01346835121512413, -0.017633210867643356, 0.008546843193471432, 0.0326872356235981, 0.008500786498188972, -0.01625150442123413, -0.012139281257987022, 0.019343893975019455, -0.006092668976634741, 0.053899724036455154, -0.008566581644117832, -0.04221443086862564, -0.002773282816633582, -0.00908636674284935, 0.01565934345126152, 0.012988043949007988, 0.010691778734326363, 0.02318635582923889, 0.009731163270771503, 0.009060048498213291, -0.6223733425140381, -0.014396068640053272, -0.018014824017882347, -0.0347137376666069, 0.012481417506933212, 0.0136591587215662, -0.0051879798993468285, 0.020830875262618065, -0.04547789320349693, 0.026568247005343437, -0.03352941945195198, 0.00761912576854229, -0.011869519017636776, -0.01006672065705061, -0.0003316507500130683, -0.013409134931862354, 0.01931757666170597, -0.010645722039043903, -0.014343432150781155, -0.01838327944278717, 0.0044642286375164986, 0.016883140429854393, -0.008856082335114479, 0.02481808513402939, 0.031213413923978806, -0.017883233726024628, -0.019672872498631477, -0.01898859813809395, -0.008375775068998337, 0.0326872356235981, -0.023673241958022118, 0.012441940605640411, 0.002623598091304302, -0.006790101993829012, 0.04987303540110588, -0.004286580719053745, -0.036319147795438766, -0.00976406130939722, -0.004835973493754864, 0.04963617026805878, -0.007816513068974018, -0.04137224704027176, 0.010645722039043903, -0.02587081491947174, 0.006122277118265629, -0.007178295869380236, 0.02702881582081318, -0.009948289021849632, 0.02404169738292694, -0.02493651770055294, 0.011823462322354317, 0.02280474081635475, 0.0019179405644536018, -0.006220970302820206, -1.5163820535235573e-05, -0.02752886340022087, 0.005312991328537464, -0.007750716991722584, 0.03297673538327217, -0.002360415644943714, 0.011757667176425457, 0.009961447678506374, -0.004520155023783445, -0.006490732077509165, -0.038108788430690765, 0.01735686883330345, -0.007487535011023283, 0.0035562501288950443, 0.004112222697585821, 0.0038457505870610476, -0.0028933598659932613, -0.001243536127731204, -0.007934944704174995, 0.01948864571750164, 0.005579463671892881, 0.01586988940834999, 0.0020528214517980814, -0.011172086000442505, -0.02051505632698536, -0.0037700857501477003, 0.027476226910948753, -0.013632840476930141, -0.0014466799329966307, -0.021541466936469078, -0.011185245588421822, 0.014264477416872978, -0.008152070455253124, -0.007217773236334324, 0.007842831313610077, -0.017093686386942863, 0.0070796022191643715, 0.044662028551101685, -0.013395976275205612, -0.016396254301071167, -0.016672594472765923, 0.0013364723417907953, 0.008592899888753891, 0.002804535673931241, 0.03587174043059349, -0.02583133801817894, -0.027055134996771812, -0.026357701048254967, 0.002116972114890814, -0.004612268880009651, 0.021094057708978653, 0.014882955700159073, -0.005974236875772476, 0.012626168318092823, 0.04255656898021698, -0.02518654055893421, -0.0002621541789267212, 0.009171901270747185, -0.01952812261879444, 0.016527844592928886, -0.018317483365535736, -0.026160314679145813, 0.023857470601797104, -0.0019442588090896606, 0.011053654365241528, 0.009698265232145786, 0.001537148840725422, 0.030923914164304733, 0.0005115604726597667, 0.0012254422763362527, 0.024449629709124565, 0.006921693217009306, -0.005576173774898052, -0.004444490186870098, 0.015343524515628815, -0.009435083717107773, 0.013698635622859001, -0.021501990035176277, 0.028502637520432472, -0.004937957040965557, -0.005632100161164999, -0.023160036653280258, 0.024357516318559647, -0.010902324691414833, 0.006750624626874924, -0.007981001399457455, -8.913242345442995e-05, 0.003980631474405527, 0.04363561421632767, -0.01948864571750164, 0.02442331239581108, -0.034529510885477066, -0.04889925941824913, 0.006724306382238865, -0.03387155383825302, -0.024370675906538963, -0.00884950254112482, -0.017212118953466415, 0.0054215542040765285, 0.024739131331443787, -0.009349549189209938, 0.0004157456860411912, -0.007671762257814407, -0.016067275777459145, -0.027397271245718002, -0.01586988940834999, -0.02179148979485035, 0.030923914164304733, -0.025502359494566917, 0.0009079787414520979, -0.00708618201315403, -0.03552960231900215, -0.01647520810365677, -0.00012737610086333007, 0.008560002781450748, -0.03537169471383095, -0.01493559218943119, -0.014053931459784508, -0.0062834760174155235, -0.03166082501411438, -0.00076610705582425, 0.006882215850055218, -0.03621387854218483, 0.03150291368365288, -0.01486979704350233, -0.01758057437837124, 0.0004305496986489743, -0.001547018182463944, 0.013738113455474377, -0.010612824000418186, 0.014711887575685978, 0.0003012203087564558, 0.02238364890217781, 0.016606800258159637, -0.0171989593654871, 0.048451852053403854, 0.010889165103435516, 0.0172384362667799, -0.0013200234388932586, 0.0003020427539013326, 0.00046509236562997103, -0.009402185678482056, 0.018291166052222252, -0.005109025165438652, 0.005507088266313076, 0.0008421831880696118, 0.017251595854759216, 0.011079972609877586, 0.032871462404727936, -0.016567321494221687, 0.021094057708978653, -0.023041605949401855, -0.025568155571818352, -0.01034306176006794, 0.04029320180416107, -0.0036220457404851913, 0.013645999133586884, -0.0058492254465818405, 0.012994622811675072, -0.004151700064539909, 0.007487535011023283, 0.05895282328128815, -0.010145675390958786, -0.007296727504581213, -0.0038556198123842478, 0.015817252919077873, 0.004454359412193298, 0.002339032245799899, 0.024712812155485153, 0.00443791039288044, 0.00957325380295515, 0.016738390550017357, -0.010112777352333069, 0.010125936940312386, 0.00736252311617136, -0.01940969005227089, -0.003645074088126421, -0.001588140381500125, 0.01104049477726221, 0.019462326541543007, 0.007836251519620419, -0.0025758962146937847, 0.013856545090675354, -0.012632748112082481, 0.03273987025022507, -0.022317854687571526, 0.01253405399620533, 0.02897636592388153, -0.01517245639115572, -0.02562079206109047, 0.010698358528316021, 0.01634361781179905, -0.001988670788705349, 0.009415344335138798, 0.00511560495942831, 0.038529880344867706, -0.02723936177790165, -0.007480955217033625, -0.007915206253528595, -0.017041049897670746, 0.014303955249488354, -0.00913242343813181, 0.01918598636984825, 0.02442331239581108, -0.0013751272344961762, 0.007553330156952143, 0.024699654430150986, -0.03318728134036064, 0.023923266679048538, -0.00900083314627409, 0.007546750828623772, 0.031423959881067276, -0.01586988940834999, 0.001131683704443276, 0.004046427085995674, -0.007921785116195679, 0.007908626459538937, -0.04442516341805458, -0.004500416573137045, -0.04726753011345863, 0.0062538678757846355, -0.004503706004470587, -0.019093871116638184, 0.014198682270944118, 0.016843663528561592, 0.014882955700159073, -0.022054672241210938, 0.008487626910209656, -0.009494299069046974, -0.002279816195368767, 0.017475301399827003, 0.01204716693609953, -0.0072769890539348125, 0.029897503554821014, 0.0028407233767211437, 0.017120005562901497, 0.011376052163541317, 0.01396181806921959, 0.002589055337011814, -0.02175201289355755, -5.972360668238252e-06, 0.02710777148604393, 0.032792508602142334, -0.0020330827683210373, 0.005625520367175341, 0.010441755875945091, -0.004076035227626562, 0.016462048515677452, -0.03787192329764366, -0.017975347116589546, 0.04689907655119896, 0.0018143125344067812, -0.009448242373764515, -0.024357516318559647, -0.019475486129522324, 0.007823091931641102, -0.012632748112082481, -0.020620329305529594, -0.019436009228229523, -0.004388563800603151, -0.0009433438535779715, -0.018949121236801147, -0.010922063142061234, 0.019475486129522324, 0.0033276104368269444, -0.0011234591947868466, -0.006003845017403364, -0.002779862377792597, -0.030055413022637367, 0.02459438145160675, 0.01346835121512413, 0.024410152807831764, -0.015738297253847122, 0.008013899438083172, -0.003205888671800494, 0.01965971291065216, -0.021673057228326797, -0.028581591323018074, 0.00959957204759121, -0.019251780584454536, -0.03758242353796959, -0.00440501281991601, 0.014738205820322037, 0.001639131922274828, 0.0075730690732598305, 0.00813233107328415, -0.027160407975316048, -0.018922803923487663, -0.0456094816327095, -0.016988413408398628, -0.006398618221282959, -0.006375589873641729, 0.020028168335556984, 0.04782021418213844, 0.009125844575464725, 0.011099711060523987, 0.006790101993829012, -0.016238344833254814, 0.006257157772779465, -0.03226614370942116, -0.008369195275008678, 0.014119727537035942, 0.01451450027525425, 0.00948772020637989, -0.022357331588864326, 0.03184505179524422, 0.005714344326406717, -0.003360508242622018, 0.007250670809298754, -0.0034443975891917944, -0.0008162761805579066, 0.025265496224164963, -0.0015873179072514176, -0.0006472638342529535, 0.010856267996132374, -0.007349363993853331, -0.03652969375252724, 0.014317113906145096, -0.006046611815690994, 0.008283660747110844, -0.028792137280106544, -0.012698543258011341, -0.014080249704420567, -0.0244759488850832, 0.03671392425894737, -0.0017106846207752824, 0.003200954059138894, -0.017554255202412605, -0.01927809976041317, -0.03205559775233269, -0.021804649382829666, -0.000820799614302814, 0.030108049511909485, -0.0030858118552714586, -0.013606522232294083, -0.007882308214902878, -0.05005726218223572, 0.020620329305529594, -0.008013899438083172, 0.005013621877878904, 0.007230932358652353, -0.022015195339918137, -0.012362985871732235, 0.03008173033595085, 0.04855712503194809, 0.02685774862766266, 0.020501896739006042, -0.006428226362913847, 0.0017501618713140488, 0.004878740757703781, -0.0025627370923757553, -0.020120281726121902, 0.023989060893654823, 0.00876396894454956, 0.001697525498457253, 0.006836158689111471, -0.013606522232294083, -0.011270779184997082, -0.030739685520529747, 0.04158279299736023, -0.005770270712673664, 0.009843016043305397, 0.014409228228032589, 0.012843293137848377, 0.02055453322827816, 0.003543091006577015, -0.00902057159692049, 0.023120559751987457, 0.012474838644266129, 0.004832684062421322, -0.010507551021873951, 0.03902992606163025, -0.024028539657592773, -0.007125659380108118, -0.003130223834887147, 0.02327846921980381, -0.005007042083889246, 0.017304232344031334, -0.010625982657074928, 0.005003752186894417, -0.022449444979429245, -0.02152830734848976, 0.02289685606956482, 0.006250578444451094, 0.021883603185415268, 0.005595912225544453, 0.008119172416627407, 0.03126605227589607, -0.014461864717304707, 0.009415344335138798, 0.015843570232391357, -0.012428781017661095, 0.028818456456065178, 0.01046807412058115, -0.024146970361471176, 0.00042438137461431324, 0.02085719257593155, -0.017041049897670746, -0.028318408876657486, -0.0019245201256126165, -0.0010428596287965775, 0.025739222764968872, -0.0008438280783593655, -0.008467888459563255, -0.04234602302312851, 0.015159296803176403, -0.011079972609877586, -0.014119727537035942, -0.036108605563640594, -0.0005588510539382696, -0.004852422513067722, -0.03234509751200676, 0.009171901270747185, -0.027976272627711296, 0.008224445395171642, -0.030187003314495087, -0.01613307185471058, 0.013073577545583248, 0.015975162386894226, 0.023765357211232185, -0.012507735751569271, 0.009625890292227268, 0.007040124852210283, -0.020054487511515617, -0.024541744962334633, -0.027291998267173767, -0.0058130379766225815, 0.004980723839253187, 0.03731924295425415, 0.012060326524078846, 0.028292091563344002, -0.011797144077718258, 0.024923358112573624, -0.0007866681553423405, 0.015606706961989403, 0.015672503039240837, -0.012810396030545235, -0.0033917610999196768, -0.014264477416872978, 0.004447780083864927, 0.009481140412390232, 0.009948289021849632, 0.0273183174431324, -0.021330920979380608, 0.011731348931789398, 0.043003980070352554, -0.04042479395866394, 0.014738205820322037, 0.009731163270771503, -0.04842553287744522, -0.002742029959335923, 0.01386970467865467, -0.023989060893654823, -0.007730978541076183, -0.04097747430205345, 0.004697802942246199, 0.012645906768739223, 0.027555180713534355, 0.012106383219361305, -0.0016991703305393457, 0.003235496813431382, 0.02497599460184574, -0.0015749812591820955, -0.0018192472634837031, 0.005398525856435299, -0.003858909709379077, -0.00042191403917968273, -0.019593918696045876, -0.0008635667618364096, 0.022581037133932114, 0.013409134931862354, 0.012573531828820705, 0.009849595837295055, 0.007698080502450466, -0.0244759488850832, 0.03013436682522297, -0.007132238708436489, -0.002366995206102729, -0.0007105920813046396, -0.019725508987903595, 0.013619680888950825, -0.02973959408700466, -0.01174450758844614, -0.02162042073905468, 0.008724491111934185, 0.04039847478270531, -0.003247010987251997, 0.018620144575834274, -0.013224908150732517, -0.010500971227884293, 0.034161053597927094, -0.027555180713534355, 0.030502822250127792, -0.008777127601206303, 0.008448150008916855, 0.024462789297103882, -0.002051176503300667, -0.018238529562950134, -0.0016300850547850132, 0.018528029322624207, -0.003450977150350809, 0.026489293202757835, 0.02297580987215042, 0.0013660803670063615, -0.018922803923487663, 0.00018176023149862885, -0.005997265223413706, -0.0007138818618841469, -0.010737835429608822, -0.0027469645719975233, 0.017501618713140488, -0.00560578191652894, -0.0038819380570203066, 0.02506810799241066, -0.04034583643078804, -0.0025216147769242525, 0.02234417200088501, 0.011126029305160046, -0.02931850217282772, -0.006322953384369612, -0.03545064851641655, 0.01769900508224964, -0.009987765923142433, 0.021330920979380608, 0.02158094383776188, 0.0007204613648355007, -0.0347137376666069, -0.007099341135472059, -0.016146231442689896, 0.004434620961546898, -0.010139095596969128, 0.011501063592731953, -0.02575238235294819, -0.01221165619790554, 0.0019541282672435045, 0.00957325380295515, -0.014698727987706661, -0.01752793788909912, 0.004763598553836346, 0.02792363613843918, -0.02281790040433407, 0.02400222048163414, 0.015948843210935593, -0.0010436821030452847, -0.017514778301119804, 0.007007227279245853, -0.011823462322354317, -0.016185708343982697, -0.01104049477726221, 0.0003386415191926062, 0.025120744481682777, 0.018027983605861664, 0.0014442125102505088, 0.008967935107648373, -0.011126029305160046, 0.014330273494124413, -0.02481808513402939, -0.004829394165426493, 0.00490505900233984, 0.004977434407919645, -0.027976272627711296, 0.013382816687226295, -0.006424936465919018, 0.002217310480773449, 0.006306504365056753, -0.009520617313683033, 0.0200018510222435, 0.014882955700159073, -0.00806653592735529, 0.012613008730113506, 0.005947918631136417, -0.015146138146519661, -0.01057334616780281, -0.003977341577410698, -0.0136591587215662, -0.02966063842177391, 0.0072111934423446655, -0.025844495743513107, -0.0075796484015882015, -0.02348901517689228, 0.017304232344031334, 0.00934296939522028, -0.01958075910806656, -0.013363078236579895, 0.023515334352850914, 0.004266842268407345, 0.013580203987658024, -0.02625242806971073, -0.03939838334918022, 0.02868686430156231, -0.024410152807831764, 0.0162646621465683, 0.0034213692415505648, -0.008816605433821678, -0.00804021768271923, -0.016054116189479828, 0.0007064798264764249, -0.007283568382263184, -0.027344634756445885, -0.007678342051804066, 4.212457861285657e-05, 0.011968212202191353, 0.0075796484015882015, -0.01346835121512413, -0.01697525382041931, -0.017856914550065994, -0.015225092880427837, 0.009244276210665703, -0.02042294293642044, -0.014553978107869625, 0.008625797927379608, 0.02752886340022087, -0.01219191774725914, -0.017685847356915474, -0.008698172867298126, -0.01935705356299877, -0.02489704079926014, -0.052715402096509933, -0.02366008423268795, -0.009823277592658997, -0.04084588587284088, 0.04481993615627289, 0.022225741297006607, -0.01672523096203804, -0.02472597174346447, -0.009389026090502739, -0.029476411640644073, 0.014067091047763824, 0.015817252919077873, -0.01053386926651001, 0.04674116522073746, 0.028607910498976707, -0.03034491278231144, 0.03118709661066532, 0.005875543691217899, 0.0438198447227478, -0.0263445433229208, 0.03021332062780857, -0.010606244206428528, 0.004668195266276598, 0.007941524498164654, -0.01438290998339653, -0.04787284880876541, 0.010500971227884293, 0.00787572842091322, -0.007987581193447113, 0.024331199005246162, 0.018238529562950134, -0.004141830373555422, -0.020278191193938255, 0.016356775537133217, 0.0007336204871535301, -0.016501527279615402, 0.01053386926651001, 0.012376145459711552, -0.011948473751544952, 0.013330180197954178, 0.004016818944364786, 0.0009828212205320597, 0.0035858580376952887, -0.01021147146821022, 0.00808627437800169, -0.02208098955452442, 0.02758149988949299, 0.0033259654883295298, -0.011922155506908894, -0.0013685476733371615, -0.040003702044487, 0.02931850217282772, 0.027370953932404518, 0.025462882593274117, 0.03008173033595085, -0.006326243281364441, 0.02263367362320423, -0.030660731717944145, 0.012257712893188, 0.002268302021548152, -0.016567321494221687, 0.013645999133586884, -0.02318635582923889, 0.00588212301954627, -0.0013956883922219276, 0.02046241983771324, -0.016777867451310158, 0.012882770970463753, 0.022738946601748466, 0.0017666107742115855, -0.02489704079926014, 0.0021498699206858873, -0.011112870648503304, -0.06005818769335747, -0.03652969375252724, -0.004273421596735716, 0.00981011800467968, -0.00468135392293334, -0.03373996540904045, -0.01846223510801792, -0.013336759991943836, 0.008441570214927197, 0.016369935125112534, 0.016698913648724556, -0.01714632287621498, 0.00440501281991601, 0.033003054559230804, -0.0051583717577159405, 0.014067091047763824, 0.20380832254886627, 0.0127643384039402, 0.00440501281991601, 0.024410152807831764, -0.009685106575489044, -0.004763598553836346, 0.01714632287621498, -0.021383557468652725, -0.02702881582081318, -0.011501063592731953, 0.0024344357661902905, -0.0017189090140163898, -0.0075796484015882015, -0.0005609071813523769, 3.2794974686112255e-05, -0.013007782399654388, -0.03918783739209175, -0.02144935354590416, -0.013896021991968155, -0.00510573573410511, 0.028528954833745956, -0.0017534516518935561, -0.022278377786278725, -0.009823277592658997, 0.009652208536863327, -0.017185799777507782, 0.00853368453681469, -0.004710962064564228, 0.015356684103608131, 0.002987118437886238, -0.008336297236382961, 0.011922155506908894, 0.009290332905948162, -0.010678619146347046, -0.0127248615026474, -0.023212673142552376, 0.029213229194283485, 0.005046519450843334, 0.008336297236382961, 0.02366008423268795, -0.001435165642760694, -0.014567136764526367, 0.01072467677295208, 0.004102353006601334, -0.020436100661754608, 0.013363078236579895, 0.003497034078463912, -0.001282191020436585, 0.001758386380970478, 0.033766280859708786, -0.0182122103869915, -0.027055134996771812, 0.039424698799848557, 0.011862939223647118, 0.004000369925051928, -0.0012468259083107114, 0.00517153088003397, 0.003839171025902033, 9.226799011230469e-05, 0.036424420773983, -0.005888702813535929, 0.0058558047749102116, 0.014106567949056625, 0.02834472805261612, -0.0006188895204104483, 0.020159760490059853, 0.003552960231900215, -0.01647520810365677, 0.006033453159034252, -0.015146138146519661, 0.019936054944992065, -0.02773940935730934, 0.010375959798693657, -0.01604095846414566, 0.013553885743021965, -0.010902324691414833, 0.008948196657001972, 0.013619680888950825, 0.0019360344158485532, 0.01752793788909912, -0.02702881582081318, -0.04060902073979378, 0.0007295082905329764, 0.01727791503071785, -0.037003424018621445, -0.0014623063616454601, -0.030502822250127792, -0.0030117917340248823, -0.012593270279467106, -0.028055226430296898, -0.007928364910185337, 0.033345188945531845, -0.010823369957506657, -0.009402185678482056, 0.00882976409047842, -0.02030451036989689, 0.013343339785933495, 0.0028950045816600323, -0.010165413841605186, -0.0009194929734803736, -0.036792878061532974, 0.04897821694612503, 0.0008619218715466559, 0.010500971227884293, -0.003730608383193612, 0.011474745348095894, -0.0122774513438344, 0.009408765472471714, 0.016869982704520226, -0.03213455155491829, 0.017330551519989967, -0.018672781065106392, -0.005474190693348646, -0.01697525382041931, 0.014053931459784508, 0.01451450027525425, 0.004335927311331034, 0.0015050735091790557, 0.007020386401563883, 0.006730885710567236, -0.002125196624547243, -0.03384523466229439, 0.00039641823968850076, -0.0065861358307302, -0.01079047191888094, -0.024291720241308212, -0.031634505838155746, -0.006642061751335859, 0.03326623514294624, -0.024146970361471176, 0.03758242353796959, -0.01876489445567131, -0.01634361781179905, -0.024581221863627434, 0.0004478210466913879, 0.015856729820370674, -0.0012468259083107114, -0.028160499408841133, 0.0061156973242759705, 0.013751272112131119, 0.01372495386749506, -0.010099618695676327, 0.015198774635791779, -0.002768348203971982, 0.01583041250705719, -0.02697617933154106, 0.0029575105290859938, -0.012060326524078846, -0.0032963575795292854, -0.022331014275550842, -0.013777590356767178, -0.007290148176252842, 0.012198496609926224, -0.019686032086610794, -0.002370285103097558, -0.022738946601748466, 0.0308975949883461, -0.02348901517689228, 0.008454729802906513, 0.000995980342850089, -0.0326872356235981, 0.013363078236579895, 0.018225369974970818, -0.024028539657592773, -0.03026595711708069, -0.009750901721417904, -0.1642257273197174, 0.033555734902620316, 0.027765726670622826, -0.007336204871535301, 0.0037799549754709005, 0.014277637004852295, 0.020672965794801712, -0.023923266679048538, -0.020186077803373337, -0.015501433983445168, 0.016541004180908203, -0.0029279023874551058, -0.06026873365044594, -0.018159573897719383, -0.02046241983771324, 0.01792271062731743, 0.017422664910554886, 0.0046583255752921104, 0.02209414914250374, 0.039082564413547516, 0.006770363077521324, -0.014856637455523014, 0.0009713069885037839, -0.018146416172385216, -0.0022748815827071667, 0.010007504373788834, 0.006895374972373247, -0.0010042047360911965, -0.015711979940533638, 0.008869241923093796, 0.005727503448724747, -0.004977434407919645, 0.03584542125463486, -0.02369956113398075, 0.005191269796341658, -0.004164859186857939, -0.0049215080216526985, -0.0024443049915134907, 0.0017419374780729413, -0.013343339785933495, -0.001845565508119762, 0.010968119837343693, 0.007224352564662695, 0.011698450893163681, 0.025252336636185646, -0.0014211841626092792, 0.020751919597387314, -0.002358770929276943, 0.0038885176181793213, -0.016409412026405334, 0.006030163262039423, -0.020751919597387314, 0.0038885176181793213, 0.010435176081955433, 0.012599850073456764, 0.014106567949056625, 0.012336667627096176, 0.012520895339548588, -0.02187044359743595, -0.01702789030969143, -0.0014475022908300161, -0.01569882035255432, -0.008678434416651726, 0.008336297236382961, -0.005000462755560875, -0.0190280769020319, -0.013270964846014977, 0.010836528614163399, -0.042319703847169876, 0.01032332330942154, 0.0044280411675572395, 0.027502544224262238, 0.018225369974970818, 0.0030101470183581114, -0.00044329758384265006, 0.011895837262272835, -0.024791767820715904, -0.008237604051828384, 0.008375775068998337, 0.026541929692029953, -0.029265865683555603, 0.02119932882487774, -0.026581406593322754, 0.02973959408700466, -0.02247576415538788, 0.005987395998090506, -0.004039847292006016, -0.031160777434706688, 0.008928457275032997, -0.0014713532291352749, 0.019159667193889618, -0.024568062275648117, -0.01267880480736494, 0.023081082850694656, 0.0009301847312599421, 0.004984013736248016, 0.018291166052222252, 0.0037404776085168123, -0.002987118437886238, -0.0005983283626846969, -0.004599109757691622, -0.012185337953269482, -0.012080064974725246, 0.0004922330263070762, 0.016869982704520226, 0.0036023070570081472, 0.009007412008941174, -0.0054511623457074165, 0.022199422121047974, 0.015014546923339367, -0.03489796444773674, 0.01898859813809395, 0.019541282206773758, 0.02575238235294819, 0.00467148469761014, 0.01830432564020157, -0.004684643819928169, -0.0066058742813766, 0.0053557585924863815, 0.010994438081979752, 0.034318964928388596, -0.015856729820370674, 0.0029344819486141205, 0.012665645219385624, -0.004737280309200287, 0.013751272112131119, -0.09616678953170776, 0.004645166452974081, -0.014685569331049919, 0.015317206270992756, -0.03408209979534149, -0.019554439932107925, -0.009941709227859974, 0.017672687768936157, -0.014369750395417213, 0.004316188860684633, -0.03647705912590027, -0.032029278576374054, 0.011455006897449493, 0.008467888459563255, -0.0014359881170094013, 0.010718096978962421, -0.002339032245799899, -0.0034476874861866236, -0.019159667193889618, 0.02213362604379654, 0.014685569331049919, -0.0033160962630063295, 0.017264755442738533, -0.016883140429854393, -0.00832313857972622, 0.009264014661312103, -0.03126605227589607, 0.02327846921980381, 0.02876581996679306, -0.006326243281364441, -0.027081452310085297, -0.008691594004631042, 0.0038260119035840034, 0.0005880478420294821, -0.011244460940361023, 0.017817437648773193, 0.005668287631124258, -0.007790194358676672, 0.035424329340457916, -0.017041049897670746, 0.00900083314627409, 0.014988228678703308, 0.00037709082243964076, -0.022883696481585503, 0.03868778795003891, 0.0009647274273447692, -0.0006201231735758483, 0.01855434849858284, -0.0017205539625138044, -0.02506810799241066, -0.029502728953957558, 0.028028909116983414, -0.03460846468806267, -0.007263829931616783, 0.01876489445567131, 0.010027243755757809, 0.01059966441243887, 0.0006879748543724418, -0.006803261116147041, -0.016659436747431755, -0.018356962129473686, 0.005993975792080164, -0.03068704903125763, 0.014804000966250896, 0.009546935558319092, 0.005474190693348646, 0.0021580944303423166, -0.02826577238738537, -0.01592252589762211, -0.004556342493742704, -0.02421276643872261, 0.000662890262901783, -0.03995106369256973, 0.0263445433229208, -0.05084680765867233, 0.04816235229372978, -0.012027428485453129, -0.021383557468652725, 0.019672872498631477, -0.007263829931616783, -0.001068355399183929, 0.01121156383305788, -0.030581776052713394, -0.02413381263613701, 0.02144935354590416, 0.000869323848746717, 0.0023719300515949726, -0.0021136824507266283, -0.0011818527709692717, -0.04071429371833801, 0.018830688670277596, 0.006224260199815035, -0.004303029738366604, -0.03784560784697533, -0.005230747163295746, 0.01889648474752903, -0.009592993184924126, 0.003404920222237706, -0.0017715455032885075, -0.012336667627096176, -0.024844404309988022, -0.016225185245275497, -0.038529880344867706, 0.04095115885138512, 0.012073485180735588, 0.00390496663749218, -0.005701185204088688, 0.004418171942234039, -0.0023571259807795286, -0.030055413022637367, 0.007836251519620419, 0.022923173382878304, -0.006003845017403364, 0.036582332104444504, -0.006553237792104483, -0.020830875262618065, -0.026265587657690048, -0.009928550571203232, 0.016922617331147194, 0.028528954833745956, 0.012593270279467106, -0.0013792394893243909, -0.00850736629217863, -0.01098127942532301, 0.004839263390749693, 0.027002498507499695, -0.02293633297085762, 0.005641969386488199, 0.011191824451088905, 0.017817437648773193, -0.017330551519989967, -0.021712535992264748, 0.01727791503071785, -0.027897316962480545, -0.009198219515383244, 0.008158649317920208, 0.014698727987706661, -0.014777682721614838, 0.007520432583987713, 0.03871410712599754, 0.027897316962480545, -0.0016374869737774134, 0.0043260580860078335, -0.019291259348392487, 0.014396068640053272, -0.0027453198563307524, -0.038240380585193634, -0.001906426390632987, -0.020330827683210373, 0.004780047573149204, 0.031897686421871185, -0.0020626909099519253, 0.043477706611156464, 0.005352468695491552, -0.016488367691636086, -0.017383188009262085, 0.004240524023771286, -0.024831244722008705, 0.007658603135496378, 0.014685569331049919, 0.00585251534357667, 0.028844773769378662, 0.04405670613050461, 0.01095496118068695, 0.013540726155042648, -0.021041421219706535, 0.005201139021664858, -0.028318408876657486, -0.0067177265882492065, 0.007921785116195679, 0.002880200743675232, -0.040108975023031235, 0.005694605875760317, -0.005023491103202105, 0.010316743515431881, 0.005329440347850323, 0.00561565114185214, -0.0032025990076363087, -0.0031598317436873913, -0.01346835121512413, -0.0017879944061860442, 0.025897132232785225, 0.00038819381734356284, -0.0024689785204827785, 0.005398525856435299, 0.002756834030151367, 0.030055413022637367, 0.014119727537035942, -0.023633765056729317, 0.021054578945040703, 0.01344861276447773, -0.003033175365999341, -0.016119912266731262, 0.011191824451088905, -0.005247196182608604, 0.019343893975019455, 0.00974432285875082, -0.0219099223613739, -0.02697617933154106, -0.02263367362320423, 0.007059863768517971, 0.020357146859169006, 0.018199052661657333, 0.009421924129128456, 0.003608886618167162, 0.0017370027489960194, -0.00638545909896493, 0.01948864571750164, -0.032029278576374054, -0.02813418209552765, -0.010481232777237892, 0.03418737277388573, -0.002595634898170829, -0.02425224334001541, 0.008165229111909866, 0.018238529562950134, 0.00026009808061644435, -0.015554070472717285, 0.0055860430002212524, -0.012376145459711552, -0.023436378687620163, 0.012349827215075493, 0.002263367408886552, 0.0027140669990330935, 0.030108049511909485, 0.014843478798866272, 0.020238714292645454, 0.005003752186894417, -0.0065960050560534, -0.0038621993735432625, 0.002339032245799899, -0.003918125759810209, 0.03692447021603584, -0.027686772868037224, -0.0041253818199038506, -0.005280093755573034, -0.013580203987658024, -0.034371599555015564, -0.014159204438328743, -0.0005164951435290277, -0.015554070472717285, 0.05516299977898598, 0.0200808048248291, -0.017501618713140488, 0.010165413841605186, 0.0048195249401032925, 0.022923173382878304, 0.02318635582923889, 0.006405198015272617, -0.009823277592658997, -0.01701473258435726, 0.009467980824410915, 0.007994160987436771, 0.004201046656817198, -0.012073485180735588, -0.02510758675634861, 0.02280474081635475, -0.0042898706160485744, 0.024265402927994728, 0.0060499017126858234, -0.012849872931838036, -0.0025676717050373554, 0.0027930215001106262, 0.023120559751987457, 0.008928457275032997, -0.012823554687201977, -0.0048622917383909225, 0.012941987253725529, -0.020028168335556984, -0.028844773769378662, -0.020870352163910866, 0.015461957082152367, -0.010033822618424892, -0.03042386658489704, -0.006036742590367794, -0.01830432564020157, 0.006648641545325518, -0.010540449060499668, 0.017001572996377945, 0.02118617109954357, 0.012316929176449776, -0.00040669881855137646, -0.016238344833254814, -0.02255471795797348, -0.020291350781917572, -0.006326243281364441, -0.012520895339548588, 0.015738297253847122, -0.0006012069643475115, -0.015277729369699955]","[-0.0025266241282224655, 0.012624377384781837, -0.006612936034798622, 0.0035914781037718058, -0.027011273428797722, 0.012533454224467278, -0.04106944426894188, -0.008973449468612671, -0.023640109226107597, -0.0038537574000656605, -0.0007850894471630454, 0.005609280429780483, 0.021681757643818855, -0.009162290953099728, 0.014351923950016499, 0.022255273535847664, 0.02825622446835041, -0.008057220838963985, 0.02267492190003395, 0.003584484104067087, 0.008050226606428623, 0.007092032581567764, -0.0016296288231387734, 0.002343028550967574, -0.026437755674123764, 0.005483386106789112, 0.022129381075501442, -0.034522950649261475, -0.0061758034862577915, 0.0010526143014431, 0.032480672001838684, 0.008658714592456818, -0.0006876089610159397, -0.01998918130993843, -0.01991923898458481, 0.006868220865726471, 0.0002753932785708457, -0.016212359070777893, 0.006424094550311565, -0.011155613698065281, 0.017681123688817024, 0.000830114062409848, 0.005266568623483181, -0.024647261947393417, -0.027333002537488937, -0.001995071303099394, 0.009609914384782314, -0.0017301691696047783, -0.029878860339522362, 0.01203687209635973, 0.008854549378156662, 0.01528913527727127, -0.038523584604263306, -0.018660299479961395, 0.010791919194161892, -0.0018254640744999051, 0.01702367700636387, -0.009966613724827766, -0.007294862065464258, -0.016310276463627815, -0.011931960470974445, 0.010316319763660431, -0.01867428794503212, 0.012029877863824368, -0.0074697150848805904, -0.019275780767202377, 0.0033536781556904316, 0.017247488722205162, -0.009302172809839249, 0.00825305562466383, 0.010155455209314823, 0.023779992014169693, 0.021961521357297897, 0.02071656845510006, 0.04811951145529747, 0.0001891689607873559, 0.004728022031486034, 0.008854549378156662, -0.009574943222105503, 0.003086153184995055, 0.034467000514268875, -0.010652037337422371, -0.023668086156249046, -0.005574309732764959, 0.004567157011479139, 0.046888548880815506, 0.001397074549458921, 0.04160099849104881, -0.011176596395671368, -0.016030512750148773, 0.02089841663837433, 0.02831217832863331, 0.008518831804394722, 0.0016322516603395343, 0.012120801024138927, 0.016520099714398384, 0.001240581157617271, 0.01514925342053175, 0.01347066555172205, 0.005378474481403828, 0.007441738620400429, 8.147051266860217e-05, -0.04635699465870857, -0.014107130467891693, -0.03273245692253113, -0.0016243832651525736, 0.01007152535021305, 0.010896831750869751, -0.023570168763399124, -0.008672703057527542, -0.0042734043672680855, 0.050945132970809937, 0.014463829807937145, -0.008169126696884632, -0.0026472725439816713, -0.029375283047556877, 0.015177229419350624, -0.004755998495966196, -0.025164825841784477, -0.02926337718963623, 0.018436487764120102, 0.010617067106068134, 0.013281824998557568, -0.014079153537750244, 0.007896356284618378, -0.01986328698694706, -0.012225713580846786, -0.020436804741621017, -0.018590357154607773, -0.011638207361102104, 0.0706685408949852, 0.02242313325405121, 0.031809236854314804, 0.0012056105770170689, -0.011687166057527065, 0.010134472511708736, -0.004476233851164579, 0.019359709694981575, -0.0030162122566252947, -0.0008113173535093665, 0.005102206952869892, 0.020968357101082802, 0.012911136262118816, -0.006161815486848354, -0.015470982529222965, 0.022171344608068466, -0.009008420631289482, -0.010561114177107811, 0.014274989254772663, -0.018772205337882042, 0.01738736964762211, -0.016128430142998695, 0.009525984525680542, 0.01212779525667429, 0.00014206796186044812, -0.0038712427485734224, -0.002516133012250066, -0.005595291964709759, 0.0008917496888898313, -0.0014906207798048854, -0.003537273732945323, 0.005993956699967384, -0.012379583902657032, 0.0009398342226631939, 0.007945314981043339, 0.013834360055625439, 0.029543142765760422, -0.014687641523778439, 0.0011977421818301082, -0.010966772213578224, 0.0076375738717615604, 0.03438306972384453, -0.01638021692633629, 0.023793980479240417, 0.007595608942210674, 0.012239701114594936, 0.017751064151525497, -0.012337619438767433, -0.013736441731452942, -0.005270065739750862, 0.018534405156970024, 0.012043866328895092, 0.041573021560907364, -0.005451912526041269, -0.011204572394490242, 0.009393096901476383, 0.00756063824519515, 0.0006539497408084571, 0.024157673120498657, 0.013023042120039463, 0.007735491264611483, -0.0006010567885823548, 0.019597509875893593, -0.0023902389220893383, -0.6562158465385437, -0.020282933488488197, 0.016729922965168953, -0.016436170786619186, 0.04347541928291321, 0.029403259977698326, 0.01989126391708851, 0.013862336054444313, -0.048986781388521194, 0.016030512750148773, -0.01647813431918621, 0.004602127708494663, 0.004724524915218353, 0.00052062445320189, -0.004178983625024557, -0.023290403187274933, 0.006917180027812719, -0.024031778797507286, -0.01145636010915041, 0.04137718677520752, -0.019233817234635353, 0.025094885379076004, -0.004336351528763771, 0.0007483703084290028, 0.00042882669367827475, -0.005490380339324474, -0.006133839022368193, -0.012393572367727757, -0.0010228892788290977, -0.00193212425801903, -0.012988071888685226, -0.0009992842096835375, -0.00703258253633976, 0.0020230477675795555, 0.049937982112169266, -0.031081847846508026, -0.016590040177106857, 0.011743118986487389, 0.009435061365365982, 0.017597192898392677, -0.015820687636733055, -0.008672703057527542, 0.018254639580845833, -0.01991923898458481, -0.017415346577763557, 0.016757899895310402, 0.004766489379107952, 0.014575735665857792, 0.009498008526861668, 0.012911136262118816, 0.017583206295967102, -0.02889968454837799, -0.009365119971334934, 0.002091240370646119, -0.003449847223237157, -0.02141598053276539, 0.02614400163292885, -0.01880018226802349, 0.01989126391708851, 0.005857571493834257, -0.02303861454129219, -0.004679062869399786, -0.03572594001889229, -0.014715618453919888, 0.019723404198884964, -0.012407559901475906, -0.024157673120498657, -0.006497533060610294, -0.0016156405908986926, -0.04104146733880043, 0.007966296747326851, -0.0062982006929814816, -0.005717689171433449, -0.002377999247983098, 0.025486554950475693, -0.0011549032060429454, 0.015694795176386833, -0.038159891963005066, -0.034439023584127426, 0.011757107451558113, 0.012855183333158493, -0.019569534808397293, -0.05796722695231438, -0.006280715577304363, -0.005651244893670082, 0.011806066147983074, 0.0003925447235815227, 0.004140516277402639, 0.001390954595990479, 0.025976143777370453, 0.003427116433158517, 0.007651561871170998, 0.020674604922533035, -0.008197102695703506, 0.023122545331716537, 0.019443640485405922, 0.01678587682545185, -0.004864407237619162, 0.018744228407740593, -0.01839452236890793, -0.005465900991111994, -0.0109108192846179, 0.018590357154607773, 0.01617039367556572, 0.010896831750869751, 0.00677380058914423, -0.02159782685339451, 0.0024829108733683825, 0.019793346524238586, -0.004783974960446358, -0.002829119563102722, -0.025640426203608513, -0.019877275452017784, -0.013841353356838226, 0.0260320957750082, -0.04915463924407959, 0.008812584914267063, -0.016729922965168953, -0.01347066555172205, -0.0020929889287799597, 0.005371480248868465, 0.03628546744585037, 0.008931485004723072, -0.006004448048770428, 0.0018202184000983834, 0.01873023994266987, -0.02624191902577877, 0.003990142606198788, 0.030774107202887535, -0.005021774675697088, 0.02115020342171192, -0.012582412920892239, 0.031053870916366577, -0.01983531005680561, -0.005602286197245121, -0.008805590681731701, 0.023542191833257675, 0.014009212143719196, 0.016520099714398384, -0.029431236907839775, -0.0041510071605443954, -0.01583467610180378, -0.002423460828140378, -0.02856396697461605, 0.009805749170482159, -0.03099791891872883, -0.026955319568514824, -0.015946581959724426, 0.010400249622762203, -0.0016523597296327353, -0.0003700324159581214, 0.02025495655834675, -0.01931774616241455, -0.012988071888685226, 0.025682391598820686, -0.005819103680551052, -2.9643026209669188e-05, -0.013051019050180912, 0.0011103157885372639, -0.025094885379076004, 0.007364802993834019, 0.01870226301252842, -0.01833857037127018, -0.016590040177106857, 0.0011680172756314278, -0.006256235763430595, -0.009022408165037632, 0.029431236907839775, -0.006616432685405016, -0.020646627992391586, 0.0014416619669646025, 0.002169924322515726, -0.012435536831617355, 0.009043390862643719, -0.05153264105319977, 0.015736758708953857, -0.018044816330075264, 0.019751381129026413, 0.024185650050640106, -0.012379583902657032, -0.0003947303630411625, -0.010085513815283775, -0.006410106550902128, 0.012505478225648403, 0.018506428226828575, -0.00993164349347353, -0.021835627034306526, 0.016645994037389755, -0.018534405156970024, 0.039530739188194275, 0.024968991056084633, -0.029515165835618973, -0.028018424287438393, 0.025892214849591255, -0.017345406115055084, 0.020912405103445053, 0.020772522315382957, 0.007525668013840914, -0.02703924849629402, 0.012029877863824368, 0.033823542296886444, 0.01986328698694706, 0.010631054639816284, -0.006546491757035255, 0.021122228354215622, -0.037124764174222946, 0.010707990266382694, -0.01686980575323105, 0.0218775924295187, -0.0044867247343063354, -0.03152947127819061, 0.0008423537365160882, -0.021164191886782646, -0.0031578429043293, -0.0004895880701951683, 0.030410412698984146, -0.02636781334877014, 0.0004961450467817485, 0.021499909460544586, 0.001856937538832426, 0.002806388773024082, -0.009323155507445335, 0.0260880496352911, 0.016086464747786522, -0.010169443674385548, -0.017093617469072342, 0.01228166650980711, -0.003444601781666279, 0.013435695320367813, 0.00120910769328475, -0.008015256375074387, 0.019905252382159233, -0.018716251477599144, 0.007238909136503935, 0.003647431032732129, 0.011652195826172829, 0.031445540487766266, -0.0034988061524927616, 0.01973739266395569, -0.012043866328895092, 0.004430771805346012, 0.017709098756313324, 0.021276097744703293, 0.003390397410839796, 0.02141598053276539, 0.004077569115906954, 0.020310910418629646, -0.003227784065529704, -0.029403259977698326, 0.007959303446114063, -0.008050226606428623, -0.035194385796785355, -0.008560797199606895, 0.018044816330075264, 0.01023938413709402, -0.019877275452017784, 0.0030057209078222513, 0.03323603421449661, 0.033851515501737595, 0.03796405717730522, 0.01179207768291235, -0.007742485497146845, -6.600696360692382e-05, -0.021136214956641197, 0.019877275452017784, -0.013407718390226364, -0.01705165207386017, -0.007819420658051968, -0.010120484977960587, -0.011764101684093475, -0.014135106466710567, -0.01548497099429369, 0.007735491264611483, -0.010589090175926685, 0.023206474259495735, 0.006602444685995579, -0.007497691549360752, 0.009952626191079617, 0.013037030585110188, -0.0008060717373155057, -0.014743594452738762, -0.009868696331977844, 0.022814802825450897, -0.004895880352705717, -0.00790335051715374, -0.002984738675877452, -0.021471932530403137, 0.018576370552182198, -0.029822906479239464, 0.004423778038471937, 0.00808519683778286, -0.000997535651549697, -0.02647971920669079, 0.0016331258229911327, -0.01481353584676981, 0.030718153342604637, 0.026465730741620064, 0.0032610062044113874, -0.02993481233716011, 0.029683023691177368, 0.025654414668679237, -0.014288976788520813, 0.013841353356838226, -0.011568265967071056, 0.027752649039030075, 0.018842145800590515, -0.024367496371269226, -0.025640426203608513, 0.006983623839914799, -0.0021297079510986805, 0.0030319488141685724, -0.0260880496352911, -0.008427908644080162, -0.004025113303214312, -0.0006605067173950374, 0.0023727535735815763, -0.022786827757954597, -0.006878712214529514, 0.009463037364184856, 0.006154821254312992, -0.004245427902787924, -0.019233817234635353, -0.020940380170941353, 0.017289452254772186, 0.005367983132600784, 0.016058487817645073, -0.004171989858150482, 0.005707197822630405, -0.022115392610430717, -0.0008886897703632712, -0.02614400163292885, -0.006459065247327089, -0.000983547419309616, -0.017275463789701462, 0.013169919140636921, 0.011694160290062428, -0.005686215590685606, 0.006756315007805824, 0.0035687473136931658, -0.036173563450574875, -0.003392145736142993, -0.03127768263220787, -0.010050543583929539, 0.013225872069597244, -0.0244094617664814, 0.02585024945437908, 0.01414210069924593, 0.0405099131166935, 0.007567632477730513, -0.006602444685995579, 0.007008103188127279, 0.0015168486861512065, 0.010889837518334389, -0.009693843312561512, 0.003175328252837062, 0.006812267936766148, 0.008609755896031857, 0.02089841663837433, -0.013288818299770355, 0.032816387712955475, -0.014841511845588684, -0.0038677456323057413, 0.01128850132226944, 0.0003730923344846815, 0.002913048956543207, -0.02108026295900345, 0.006742327008396387, -0.001949609606526792, 0.006424094550311565, -0.0235841553658247, -0.029683023691177368, 0.013281824998557568, 0.006368141621351242, -0.01405117753893137, 0.024703213945031166, -0.023821955546736717, -0.019597509875893593, -0.01681385189294815, -0.0008021375979296863, -0.003920201677829027, -0.02169574424624443, -0.014743594452738762, -0.028340155258774757, -0.016156405210494995, -0.005518356803804636, -0.007308850064873695, 0.002638529986143112, -0.01784898154437542, -0.005910027306526899, -0.03172530606389046, -0.024297555908560753, -0.017317429184913635, -0.011127636767923832, -0.02652168460190296, -0.003899219213053584, -0.002671751892194152, -0.0244094617664814, 0.025220779702067375, -0.0011933709029108286, 0.025682391598820686, 0.0022538534831255674, -0.00984072033315897, -0.004717530682682991, 0.0076026031747460365, -0.016743911430239677, -0.017709098756313324, 0.024661250412464142, -0.006347159389406443, -0.02316450886428356, -0.002189157996326685, -0.02205943875014782, -0.0077215032652020454, 0.008630737662315369, 0.011099660769104958, 0.005906530190259218, -0.0024461918510496616, 0.008288026787340641, -0.018282616510987282, 0.016911771148443222, 0.004794465843588114, 0.018786193802952766, -0.007158476859331131, 0.0005507865571416914, -0.02068859338760376, 0.01720552332699299, -0.002241613809019327, -0.0019968198612332344, -0.024157673120498657, 0.001087584882043302, 0.008966455236077309, 0.010120484977960587, 0.009232232347130775, 0.0007815923891030252, -0.012484495528042316, 0.009630896151065826, -0.004364327993243933, 0.00639262143522501, -0.00509521272033453, -0.004948336631059647, -0.001738037564791739, -0.007378791458904743, 0.029067542403936386, 0.009372114203870296, -0.0012563179479911923, 0.004616116173565388, -0.008791603147983551, 0.01800285279750824, 0.007175961975008249, -0.02221331000328064, 0.019905252382159233, 0.016030512750148773, -0.026004120707511902, 0.00033615465508773923, 0.007280873600393534, -0.005360989365726709, 0.008539814502000809, -0.01751326397061348, -0.02068859338760376, -0.04302779585123062, -0.022996651008725166, 0.00042642245534807444, -0.0026420268695801497, -0.01617039367556572, -0.004220948554575443, -0.018478451296687126, -9.556802251609042e-05, -0.029738977551460266, -0.004612619057297707, -0.008274038322269917, -0.02678746171295643, 0.001072722370736301, 0.006612936034798622, -0.004325860179960728, 0.004661577753722668, -0.008861543610692024, -5.105567652208265e-06, -0.03164137527346611, -0.007679538335651159, -0.00765855610370636, -0.012995066121220589, -0.009987596422433853, -0.002126211067661643, 0.03264852985739708, -0.007931326515972614, 0.04411887750029564, -0.0037733251228928566, 0.01568080671131611, -0.032061025500297546, -0.006899694446474314, 0.0033396899234503508, -0.017219511792063713, -4.682778671849519e-05, -0.01638021692633629, 2.2689893739880063e-05, 0.03424318879842758, 0.02038085088133812, 0.03494260087609291, -0.02081448584794998, -0.0018884111195802689, 0.022563016042113304, -0.00892449077218771, 0.005070733372122049, -0.02551453188061714, -0.017261475324630737, 0.02792050689458847, -0.0031193753238767385, -0.0028501017950475216, -0.017681123688817024, -0.0013760922010987997, -0.008567791432142258, 0.028549978509545326, 0.0021769183222204447, 0.0143099594861269, 0.001961849397048354, 0.036145586520433426, -0.01772308722138405, 0.010533137246966362, -0.005955488886684179, -0.00048259395407512784, -0.009330149739980698, -0.0003322204574942589, -0.001319264993071556, -0.013365753926336765, 0.029403259977698326, -0.011903983540832996, 0.012092825025320053, -0.006777297705411911, -0.02678746171295643, -0.006070891860872507, 0.009882684797048569, -0.0353342704474926, 0.0010919562773779035, 0.013904300518333912, -0.037124764174222946, -0.0034638354554772377, -0.011470348574221134, -0.01342870108783245, -0.016520099714398384, 0.03164137527346611, 0.0193736981600523, -0.007085038814693689, 0.010400249622762203, -0.008357967250049114, -0.04333553835749626, -0.009959619492292404, -0.021779675036668777, 0.02502494305372238, 0.031781259924173355, 0.03396342322230339, 0.020115075632929802, -0.017079629004001617, -0.03810393810272217, -0.01617039367556572, 0.0007466218085028231, 0.0020632639061659575, 0.030046718195080757, 0.006735332775861025, 6.215473604243016e-06, -0.010784925892949104, 0.0014600214781239629, 0.0026157989632338285, -0.01093879621475935, -0.02422761544585228, 0.0060918740928173065, -0.0201430507004261, 0.026871390640735626, -0.02626989595592022, 0.003741851542145014, -0.017904935404658318, 0.01931774616241455, -0.0033501810394227505, 0.00765855610370636, -0.005249083507806063, 0.0052910479716956615, -0.015470982529222965, 0.024982979521155357, -0.037516433745622635, 0.04106944426894188, 0.007462720852345228, -0.016268311068415642, 0.011680171824991703, -0.03435509279370308, 0.03057827055454254, 0.008106179535388947, 0.006556983105838299, -0.000757550064008683, 0.004913365934044123, -0.002895563608035445, 0.008260049857199192, -0.0011234297417104244, -0.0028640900272876024, 0.005948495119810104, 0.010323313996195793, 0.028144318610429764, -0.024297555908560753, -0.00263153575360775, 0.027319014072418213, -0.002007310977205634, 0.017345406115055084, 3.622733129304834e-05, -0.02629787288606167, -0.020464781671762466, -0.009539972990751266, 0.008343979716300964, 0.008707673288881779, -0.023626120761036873, -0.0030057209078222513, -0.013904300518333912, -0.009197261184453964, -0.012652354314923286, -0.011351448483765125, 0.008399932645261288, 0.002628038637340069, -0.002185660880059004, -0.002904306398704648, -0.015974558889865875, 0.0027049740310758352, 0.01663200557231903, 0.0031473517883569, -0.01717754639685154, 0.01730344071984291, 0.034131281077861786, -0.010134472511708736, 0.0032645033206790686, -0.008232073858380318, -0.005633759777992964, -0.02200348675251007, 0.012883160263299942, -0.01136543694883585, -0.020031144842505455, 2.1883930457988754e-05, -0.0010473687434569001, -0.008861543610692024, -0.014463829807937145, 0.02541661448776722, -0.013736441731452942, -0.008609755896031857, 0.00227308738976717, 0.0028326166793704033, 0.02807437814772129, 0.014505794271826744, -0.014855500310659409, -0.0013647266896441579, 0.0006911060190759599, -0.009232232347130775, 0.01419105939567089, 0.015415029600262642, -0.0033187076915055513, 0.0036928928457200527, -0.03908311575651169, 0.0021104742772877216, 0.029794929549098015, -0.02001715824007988, 0.014687641523778439, 0.018814168870449066, 0.030550295487046242, -0.005032266024500132, -0.021961521357297897, -0.009945631958544254, -0.010498167015612125, -0.006766806356608868, 0.014771571382880211, 0.020632639527320862, -0.027165142819285393, -0.003657922148704529, -0.0022451109252870083, -0.016855817288160324, 0.009477025829255581, -0.0020702581387013197, -0.016645994037389755, -0.008357967250049114, 0.004675565753132105, -0.03298424556851387, 0.01901000551879406, 0.012659348547458649, 0.012442531064152718, 0.01903798058629036, 0.014267995022237301, -0.03127768263220787, 0.018170710653066635, -0.0067633092403411865, -0.00959592591971159, -0.0252627432346344, -0.002906054724007845, 0.018100770190358162, -0.007210932672023773, -0.01093879621475935, 0.033767588436603546, 0.004948336631059647, 0.006326177157461643, -0.01617039367556572, 0.011386419646441936, -0.004507706966251135, -0.008302014321088791, 0.04775581881403923, -0.017960887402296066, -0.05007786303758621, 0.006252739112824202, 0.006889203563332558, 0.004301380831748247, 0.0018639316549524665, 0.004028610419481993, -0.01638021692633629, 0.018324581906199455, -0.007088535465300083, -0.01880018226802349, 0.01604449935257435, -0.00892449077218771, 0.0001253476511919871, -0.0370408333837986, -0.008910502307116985, 0.014407876878976822, -0.011931960470974445, -0.0005451038596220315, -0.00933714397251606, 0.019149886444211006, -0.010211408138275146, -0.02288474515080452, -0.0011068186722695827, -0.003584484104067087, -0.009707831777632236, -0.027696695178747177, 0.007791444193571806, 0.000806946016382426, 0.002145444741472602, 0.02190556935966015, 0.016925757750868797, 0.02923540025949478, -0.005969477351754904, 0.0185204166918993, -0.009994590654969215, 0.005350498016923666, 0.02038085088133812, 0.0012790488544851542, 0.018912088125944138, -0.003731360426172614, -0.002122713951393962, -0.0029165460728108883, -0.00012950041855219752, -0.013736441731452942, -0.022073427215218544, -0.030718153342604637, 0.007574626710265875, 0.028703847900032997, -0.03911109268665314, 0.004637098405510187, 0.009414078667759895, 0.024675238877534866, -0.0007623585406690836, -0.02352820336818695, 0.013666501268744469, -0.016030512750148773, -0.0025703373830765486, 0.011162607930600643, -0.015023359097540379, -0.02115020342171192, -0.004158001393079758, 0.024815119802951813, -0.01043521985411644, -0.0002952828072011471, 0.19303758442401886, -0.009833726100623608, 0.015373065136373043, 0.026717519387602806, -0.004280398599803448, 0.03964264318346977, 0.008630737662315369, -0.004119533579796553, 0.004916863050311804, 0.027109190821647644, 0.013435695320367813, -0.01580670103430748, -0.009190266951918602, 0.00191463902592659, 0.01043521985411644, 0.012183748185634613, -0.04613318294286728, -0.0454057939350605, -0.011820054613053799, 0.014547759667038918, 0.005770144984126091, 0.019695427268743515, -0.010015572421252728, -0.0005669604288414121, 0.018744228407740593, 0.002391987480223179, 0.014379900880157948, 0.01548497099429369, -0.0025983138475567102, 0.006647906266152859, -0.033823542296886444, -0.013456677086651325, -0.006738829892128706, 0.020730556920170784, -0.020548710599541664, -0.013750430196523666, 0.02035287581384182, -0.02319248579442501, 0.02761276625096798, -0.005528848152607679, 0.004007628187537193, 0.013030036352574825, -0.00614782702177763, -0.028452061116695404, -0.00022752730001229793, 0.008798596449196339, -0.006994115188717842, -0.013442689552903175, -0.016883794218301773, 0.017932910472154617, -0.004448257386684418, -0.013002060353755951, 0.00849785003811121, -0.001244078273884952, 0.05209216848015785, 0.0036229516845196486, 0.013435695320367813, 0.011526301503181458, -0.037544410675764084, 0.012911136262118816, -0.017737075686454773, 0.026311861351132393, 0.008274038322269917, -0.009358125738799572, -0.034467000514268875, 0.030130647122859955, -0.01699570007622242, 0.004315368831157684, 0.017904935404658318, 0.006598947569727898, 0.000928468769416213, 0.000795580621343106, 0.007308850064873695, 0.0050742304883897305, -0.00698712095618248, -0.01839452236890793, 0.0058785537257790565, 0.027668720111250877, 0.006238750647753477, 0.006350656505674124, -0.007196944672614336, -0.03566998615860939, -0.028368130326271057, -0.01821267604827881, -0.0025126358959823847, -0.029766954481601715, 0.01632426492869854, -0.025066908448934555, -0.01678587682545185, 0.018772205337882042, -0.012218719348311424, -0.001897153677418828, -0.023444274440407753, -0.03508248180150986, 0.004283895716071129, 0.013960253447294235, -0.009120326489210129, 0.001078842207789421, -0.004490221850574017, -0.012974083423614502, -0.037544410675764084, 0.041908737272024155, -0.013239859603345394, 0.015904618427157402, -0.01019042544066906, -7.786416972521693e-05, 0.0005739545449614525, -0.017471300438046455, 0.018170710653066635, -0.021010322496294975, -0.006766806356608868, -0.04076170176267624, -0.012743277475237846, -0.012428542599081993, 0.015736758708953857, -0.015750747174024582, 0.01528913527727127, 0.008630737662315369, 0.02138800360262394, -0.016086464747786522, 0.008211091160774231, -0.035893797874450684, -0.017569217830896378, 0.008798596449196339, 0.0011522804852575064, 0.005011283326894045, -0.016939746215939522, -0.0011347951367497444, 0.01568080671131611, -0.04968619346618652, 0.03606165573000908, -0.017233500257134438, 0.015736758708953857, -0.04106944426894188, -0.020031144842505455, 0.007245903369039297, -0.02193354442715645, -0.005595291964709759, -0.03399140015244484, 0.000105567421996966, 0.0072668856009840965, 0.016268311068415642, 0.014883477240800858, 0.0008585276082158089, 0.0006819262052886188, 0.02670353092253208, 0.030438389629125595, 0.00595898600295186, -0.016282299533486366, -0.026871390640735626, -0.012442531064152718, 0.005535841919481754, -0.01864631101489067, -0.0020772521384060383, 0.026619601994752884, -0.020296921953558922, -0.021108239889144897, -0.014274989254772663, 0.010868854820728302, -0.009295178577303886, -0.01531711220741272, -0.007889362052083015, 0.01787695847451687, 0.009721820242702961, -0.01596057042479515, -0.024605296552181244, -0.1813993752002716, 0.03189316391944885, 0.007784449961036444, 0.0026472725439816713, 0.03488664701581001, 0.007595608942210674, 0.011966930702328682, -0.0015282141976058483, 0.008015256375074387, -0.029151471331715584, 0.03292829543352127, 0.0008056346559897065, -0.006252739112824202, -0.027934495359659195, -0.011834043078124523, -0.017890946939587593, -0.00330297090113163, 0.016618017107248306, 0.01565282978117466, 0.03930692747235298, 0.03222888335585594, -0.015247170813381672, 0.005647747777402401, -0.006469556596130133, 0.0029078032821416855, -0.011876007542014122, 0.007581620942801237, 0.031473517417907715, -0.011022725142538548, -0.014715618453919888, 0.005927512422204018, -0.005284053739160299, 0.031025893986225128, 0.01000857912003994, -0.010477184318006039, 0.007399773690849543, -0.024241602048277855, -0.0015019861748442054, 0.004504210315644741, -0.01638021692633629, 0.009882684797048569, 0.011302489787340164, -0.011036713607609272, 0.020129064098000526, -0.011085672304034233, 0.004542677663266659, 0.031221730634570122, -0.006588456220924854, -0.005210615694522858, -0.018450476229190826, 0.03331996500492096, -0.0057456656359136105, -0.00790335051715374, -0.0018604346551001072, 0.009952626191079617, 0.020157039165496826, 0.008462878875434399, -0.009372114203870296, -0.019793346524238586, 0.0019443640485405922, -0.007840403355658054, -0.043951019644737244, 0.0001315767876803875, -0.0023045609705150127, -0.009952626191079617, 0.036145586520433426, 0.004266410134732723, 0.02138800360262394, -0.013750430196523666, 0.011372431181371212, 0.005696706939488649, -0.0007641070988029242, 0.01864631101489067, 0.014631688594818115, 0.012883160263299942, 0.011477342806756496, -0.0176671352237463, 0.013743435963988304, -0.006021933164447546, 0.014072159305214882, -0.002224128693342209, 0.025150837376713753, -0.014547759667038918, 0.008176120929419994, -0.011526301503181458, 0.010791919194161892, 0.018870122730731964, -0.004455251153558493, 0.0008161258301697671, -0.0011409149738028646, 0.04918261617422104, -0.02815830707550049, -0.0027084711473435163, -0.025122862309217453, 0.007057062350213528, 0.01965346373617649, 0.014365912415087223, -0.013624535873532295, 0.01421903632581234, -0.023360343649983406, -0.004752501379698515, -0.006277218461036682, -0.0018167214002460241, -0.0010692253708839417, 0.019387686625123024, -0.018086781725287437, -0.002339531434699893, 0.029543142765760422, 0.03499855101108551, 0.0009957870934158564, -0.011036713607609272, 0.029431236907839775, -0.0032557605300098658, 0.02450737915933132, 0.0017397861229255795, 0.005035762675106525, -0.0014390391297638416, 0.0002767046680673957, -0.009400091134011745, 0.01730344071984291, 0.03771226853132248, -0.005521853920072317, 0.004801460076123476, 0.011190583929419518, 0.014016206376254559, 0.01275726594030857, -0.09372114390134811, 0.0012877914123237133, 0.030018741264939308, 0.011092666536569595, -0.011966930702328682, 0.0014862495008856058, -0.02810235507786274, 0.042915891855955124, -0.04842725396156311, 0.039139069616794586, -0.03334794193506241, -0.013232865370810032, -0.02993481233716011, 0.0009564452338963747, 0.024129698053002357, -0.003047685604542494, -0.04635699465870857, -0.029738977551460266, 0.0002968127664644271, 0.026829425245523453, -0.011127636767923832, -0.02461928501725197, 0.009973607957363129, -0.0033571752719581127, -0.007039576768875122, -0.010652037337422371, 0.013449683785438538, 0.002210140461102128, 0.011806066147983074, -0.019751381129026413, -0.00330297090113163, -0.027836577966809273, 0.01849243976175785, -0.011036713607609272, -0.025346674025058746, -0.002890318166464567, -0.015093300491571426, -0.02169574424624443, 0.017946898937225342, -0.028018424287438393, 0.007336826529353857, 0.016771888360381126, -0.011449366807937622, -0.01069400180131197, -0.004259415902197361, -0.009064373560249805, -0.013960253447294235, 0.0030721649527549744, 0.0010910819983109832, -0.022716885432600975, -0.037488456815481186, -0.030214577913284302, -0.01617039367556572, -0.014561747200787067, 0.013904300518333912, -0.018422499299049377, -8.562326547689736e-05, 0.017443323507905006, 0.010400249622762203, 0.02401779219508171, 0.005570812616497278, -0.012771254405379295, 0.010351289995014668, 0.0353902243077755, 0.02285676822066307, 0.005378474481403828, -0.006389124318957329, -0.013554595410823822, -0.0057561565190553665, -0.014589724130928516, -0.010763943195343018, 0.021164191886782646, -0.02184961549937725, 0.016156405210494995, -0.02957111783325672, 0.0023010638542473316, -0.020436804741621017, -0.02242313325405121, 0.005333012901246548, 0.0014005715493112803, -0.02647971920669079, -0.0013699722476303577, -0.01225368957966566, -0.010463195852935314, 0.011896990239620209, -0.0010150210000574589, 0.018954051658511162, 0.016464147716760635, -0.017527252435684204, -0.013281824998557568, 0.0023884903639554977, 0.003808295587077737, 0.02120615728199482, -0.02190556935966015, -0.03262055292725563, 0.004238433670252562, 0.02895563654601574, 0.02270289696753025, 0.008015256375074387, -0.003390397410839796, -0.00466857198625803, -0.009574943222105503, -0.020646627992391586, 0.026311861351132393, 0.01144237257540226, 0.00022621591051574796, -0.003741851542145014, -0.020366862416267395, 0.0011697657173499465, -0.002140199299901724, -0.0012265929253771901, -0.007819420658051968, -0.0138833187520504, 0.029347306117415428, -0.034159258008003235, -0.015470982529222965, -0.025640426203608513, 0.004965821746736765, 0.01738736964762211, 0.007574626710265875, 0.03871941938996315, 0.0028326166793704033, 0.010309325531125069, -0.011505319736897945, 0.023472249507904053, -0.0020580184645950794, 0.013295812532305717, -0.005252580624073744, -0.022297238931059837, 0.01958352141082287, -0.02352820336818695, -0.007252897135913372, 0.017429335042834282, 0.0019093934679403901, -0.005210615694522858, 0.004112539812922478, 0.012197736650705338, -0.00926020834594965, -0.005175644997507334, 0.012659348547458649, 0.04118134826421738, -0.008511838503181934, 0.0037908104714006186, -0.027528837323188782, 0.009148302488029003, -0.03200507164001465, -0.01986328698694706, 0.010707990266382694, -0.009938637726008892, -0.010064532049000263, 0.004790968727320433, 0.019121911376714706, -0.010805907659232616, 0.026255907490849495, -0.01577872410416603, -0.01093879621475935, -0.011785084381699562, -0.023122545331716537, 0.0008913125493563712, 0.012603395618498325, 0.03732059895992279, 0.012897147797048092, 0.04641294851899147, 0.010833884589374065, 0.030410412698984146, -0.018562382087111473, 0.0036824014969170094, 0.0062492419965565205, -0.01968144066631794, 0.02417166158556938, 0.015009370632469654, -0.048958804458379745, -0.014855500310659409, 0.005252580624073744, 0.0021541875321418047, 0.02092639170587063, 0.02249307371675968, 0.005549830384552479, -0.01244952529668808, -0.0009564452338963747, -0.00349356047809124, 0.012911136262118816, 0.027724672108888626, -0.014156089164316654, -0.026018107309937477, 0.008225079625844955, 0.011057696305215359, 0.00935113150626421, -0.010854866355657578, -0.00942806713283062, -0.019667452201247215, 0.0052805570885539055, -0.015918606892228127, 0.0019688433967530727, -0.008896514773368835, -0.014911453239619732, 0.008316002786159515, -0.01077093742787838, -0.003378157503902912, 0.019485604017972946, -0.007777456194162369, 0.004749004263430834, 0.008749637752771378, 0.01754124090075493, -0.0019338728161528707, -0.00035473276511766016, 0.015554912388324738, 0.0047769807279109955, -0.023178497329354286, 0.00581210944801569, 0.014547759667038918, 0.008889520540833473, -0.007085038814693689, -0.006063897628337145, 0.001680336194112897, 0.029459211975336075, -0.011127636767923832, 0.012239701114594936, -0.010791919194161892, -0.0260880496352911, -0.003094895975664258, 0.02239515632390976, 0.035194385796785355, -0.002605307847261429, 0.0235002264380455, -0.024423450231552124, 0.02068859338760376, 0.03032648377120495, -0.0056162746623158455, -0.0201430507004261, 0.02923540025949478, 0.03172530606389046, 0.006053406745195389, -0.019093934446573257, -0.019303757697343826, -0.015345088206231594, -0.017135582864284515, -0.025318697094917297, 0.007861385121941566, 0.007777456194162369, -0.016618017107248306, 0.07346618175506592, 0.011526301503181458, -0.008385944180190563, 0.015359076671302319, -0.0011618973221629858, -0.0028483534697443247, 0.014079153537750244, 0.01225368957966566, -0.016673970967531204, -0.01423302385956049, 0.016953734681010246, -0.016240336000919342, -0.014449842274188995, -0.03298424556851387, 0.00492735393345356, 0.0001902617805171758, -0.019569534808397293, 0.026843413710594177, -0.016212359070777893, -0.0019303758163005114, 0.014288976788520813, -0.004158001393079758, 0.02267492190003395, -0.011379425413906574, 0.0057456656359136105, 0.00488189235329628, 0.013953259214758873, 0.012981077656149864, -0.005972974468022585, 0.002386741805821657, -0.019051969051361084, 0.01562485285103321, -0.017597192898392677, -0.009071366861462593, -0.01885613426566124, 0.006612936034798622, -0.0066793798469007015, 0.02340230904519558, 0.03329198807477951, 0.011162607930600643, -0.007987279444932938, 0.019933227449655533, -0.027207108214497566, -0.0070150974206626415, -0.0007671670173294842, 0.004119533579796553, -0.020786510780453682, -0.006791285704821348, -0.03497057408094406]"
7223,"Mongoose Node API in an existing DB not returning results and shows no errors<p>I'm new to APIs based on nodeJS and I would like to connect to an already existing collection in a MongoDB database. 
If I try to access <code>http://localhost:8080/teams</code> I get an error on the browser: Cannot GET /Teams.
Not even the <code>console.log</code> get printed but nodemon (that I'm using to load after each save) shows no errors.</p>

<p>This is an example of the existing records:</p>

<pre><code>use MYDB
db.TeamsCol.find()
{ ""_id"" : ObjectId(""5d702df59ba60607dad06df4""), ""teamID"" : 1, ""teamName"" : ""PT"", ""datetime"" : ""04-09-2019 10:21:16 Wednesday"" }
{ ""_id"" : ObjectId(""5d702ed59ba60607dad06df5""), ""teamID"" : 2, ""teamName"" : ""ES"", ""datetime"" : ""01-09-2019 11:20:00 Sunday"" }
</code></pre>

<p>I built the following struture:</p>

<pre><code>project folder: API

API/server.js 
API/models/teamModel.js
API/Routes/teamRouter.js
</code></pre>

<p>as described below:</p>

<p>API/server.js file:</p>

<pre><code>// Import express
let express = require('express');
// Import Body parser
let bodyParser = require('body-parser');
// Import Mongoose
let mongoose = require('mongoose');

// Initialise the app
let app = express();

// Setup server port
var port = process.env.PORT || 8080;

// Import routes
let apiRouter = require(""./Routes/teamRouter"");

// Connecting to the database
const db = mongoose.connect('mongodb://localhost/MYDB', {useNewUrlParser: true});

// setting body parser middleware 
app.use(bodyParser.json());
app.use(bodyParser.urlencoded({ extended: true }));

// API routes
app.use('/Teams', apiRouter);

// Running the server
app.listen(port, () =&gt; {
console.log(`http://localhost:${port}`)
})
</code></pre>

<p>API/models/teamModel.js file:</p>

<pre><code>// Import Mongoose
let mongoose = require('mongoose');

const Schema = mongoose.Schema;
const teamModel = new Schema({
    teamID: { type: Number   },
    teamName: { type: String },
    datetime: { type: String },
})

module.exports = mongoose.model('teamsModel', teamModel, 'TeamsCol');
</code></pre>

<p>API/Routes/teamRouter.js file:</p>

<pre><code>// Import express
let express = require('express');
// Import Teams controller
var Team = require('../models/teamModel');

const teamRouter = express.Router();

teamRouter.route('/teams')
.get((req, res) =&gt; {
    Console.log(req)
    Team.find({}, (err, teams) =&gt; {
        res.json(teams)
    })  
})

// Middleware 
teamRouter.use('/:team', (req, res, next)=&gt;{
Team.findById( req.params.team, (err,team)=&gt;{
    if(err)
        res.status(500).send(err)
    else {
        req.team = team;
        next()
    }
})

})
teamRouter.route('/:team')
.get((req, res) =&gt; {
    res.json(req.team)
}) // end get Teams/:team 

// Export API routes
module.exports = teamRouter;
</code></pre>

<p>Here are the versions I'm using</p>

<pre><code>mongo --version
MongoDB shell version v3.6.3

node --version
v8.9.4
</code></pre>

<p>and also the package.json contents:</p>

<pre><code>{
""name"": ""teamsapi"",
""version"": ""1.0.0"",
""description"": """",
""main"": ""server.js"",
""scripts"": {
""test"": ""echo \""Error: no test specified\"" &amp;&amp; exit 1""
},
""author"": """",
""license"": ""ISC"",
""dependencies"": {
""body-parser"": ""^1.19.0"",
""express"": ""^4.17.1"",
""mongoose"": ""^5.6.12""
}
}
</code></pre>

<p>Any ideas?</p>
","@jblixr since this is beginners question, may get confused with given link.","Embed Field: Mongoose Node API in an existing DB not returning results and shows no errors<p>I'm new to APIs based on nodeJS and I would like to connect to an already existing collection in a MongoDB database. 
If I try to access <code>http://localhost:8080/teams</code> I get an error on the browser: Cannot GET /Teams.
Not even the <code>console.log</code> get printed but nodemon (that I'm using to load after each save) shows no errors.</p>

<p>This is an example of the existing records:</p>

<pre><code>use MYDB
db.TeamsCol.find()
{ ""_id"" : ObjectId(""5d702df59ba60607dad06df4""), ""teamID"" : 1, ""teamName"" : ""PT"", ""datetime"" : ""04-09-2019 10:21:16 Wednesday"" }
{ ""_id"" : ObjectId(""5d702ed59ba60607dad06df5""), ""teamID"" : 2, ""teamName"" : ""ES"", ""datetime"" : ""01-09-2019 11:20:00 Sunday"" }
</code></pre>

<p>I built the following struture:</p>

<pre><code>project folder: API

API/server.js 
API/models/teamModel.js
API/Routes/teamRouter.js
</code></pre>

<p>as described below:</p>

<p>API/server.js file:</p>

<pre><code>// Import express
let express = require('express');
// Import Body parser
let bodyParser = require('body-parser');
// Import Mongoose
let mongoose = require('mongoose');

// Initialise the app
let app = express();

// Setup server port
var port = process.env.PORT || 8080;

// Import routes
let apiRouter = require(""./Routes/teamRouter"");

// Connecting to the database
const db = mongoose.connect('mongodb://localhost/MYDB', {useNewUrlParser: true});

// setting body parser middleware 
app.use(bodyParser.json());
app.use(bodyParser.urlencoded({ extended: true }));

// API routes
app.use('/Teams', apiRouter);

// Running the server
app.listen(port, () =&gt; {
console.log(`http://localhost:${port}`)
})
</code></pre>

<p>API/models/teamModel.js file:</p>

<pre><code>// Import Mongoose
let mongoose = require('mongoose');

const Schema = mongoose.Schema;
const teamModel = new Schema({
    teamID: { type: Number   },
    teamName: { type: String },
    datetime: { type: String },
})

module.exports = mongoose.model('teamsModel', teamModel, 'TeamsCol');
</code></pre>

<p>API/Routes/teamRouter.js file:</p>

<pre><code>// Import express
let express = require('express');
// Import Teams controller
var Team = require('../models/teamModel');

const teamRouter = express.Router();

teamRouter.route('/teams')
.get((req, res) =&gt; {
    Console.log(req)
    Team.find({}, (err, teams) =&gt; {
        res.json(teams)
    })  
})

// Middleware 
teamRouter.use('/:team', (req, res, next)=&gt;{
Team.findById( req.params.team, (err,team)=&gt;{
    if(err)
        res.status(500).send(err)
    else {
        req.team = team;
        next()
    }
})

})
teamRouter.route('/:team')
.get((req, res) =&gt; {
    res.json(req.team)
}) // end get Teams/:team 

// Export API routes
module.exports = teamRouter;
</code></pre>

<p>Here are the versions I'm using</p>

<pre><code>mongo --version
MongoDB shell version v3.6.3

node --version
v8.9.4
</code></pre>

<p>and also the package.json contents:</p>

<pre><code>{
""name"": ""teamsapi"",
""version"": ""1.0.0"",
""description"": """",
""main"": ""server.js"",
""scripts"": {
""test"": ""echo \""Error: no test specified\"" &amp;&amp; exit 1""
},
""author"": """",
""license"": ""ISC"",
""dependencies"": {
""body-parser"": ""^1.19.0"",
""express"": ""^4.17.1"",
""mongoose"": ""^5.6.12""
}
}
</code></pre>

<p>Any ideas?</p>; Answer: @jblixr since this is beginners question, may get confused with given link.","[-0.016452305018901825, -0.006621049251407385, -0.00896182470023632, -0.009837943129241467, -0.022511567920446396, 0.019609006121754646, 0.008186024613678455, -0.01627841778099537, -0.007811500690877438, -0.011804194189608097, 0.012687000446021557, -0.01251311507076025, -0.004056228790432215, -0.004701613914221525, -0.006948757916688919, 0.01020577922463417, 0.014539556577801704, -0.012332540936768055, -0.0022672077175229788, 0.007149395998567343, -0.0030396636575460434, 0.012225533835589886, 0.007430288940668106, 0.011155464686453342, -0.023554885759949684, -0.004554479382932186, 0.01111533772200346, -0.02077270671725273, 0.009389852173626423, -0.0044641923159360886, 0.03549952432513237, 0.006982197519391775, -0.029105866327881813, -0.04662824049592018, 0.0008276311564259231, 0.0038622787687927485, 0.007029013242572546, -0.02082620933651924, 0.004885531961917877, 0.020719202235341072, 0.023126857355237007, -0.011971392668783665, -0.006149550434201956, -0.024237053468823433, -0.01468669157475233, 0.03763966262340546, 0.017027465626597404, -0.024344060570001602, 0.0009496858692727983, 0.017121097072958946, 0.009791127406060696, 0.02244468964636326, -0.03079122304916382, -0.004136484116315842, 0.010580303147435188, -0.017388613894581795, 0.003584729740396142, 0.025628142058849335, 0.02248481661081314, 0.019114099442958832, 0.029614148661494255, 0.006330124568194151, -0.00951023492962122, -0.015248477458953857, -0.013951019383966923, 0.0026885473635047674, 0.01243954710662365, -0.008527109399437904, -0.006249869242310524, -0.007684430107474327, 0.013108340092003345, -0.00020408631826285273, -0.01111533772200346, -0.022524943575263023, 0.025467632338404655, -0.0012439547572284937, -0.03477722778916359, -0.018017280846834183, -0.002581540495157242, -0.011944640427827835, 0.003701768582686782, -0.017214728519320488, -0.040395088493824005, 0.005547636654227972, 0.008426790125668049, 0.0152083495631814, 0.020705826580524445, 0.028410321101546288, 0.03253008425235748, -0.00471833348274231, 0.0019629071466624737, -0.0009429979254491627, 0.0015515994746237993, -0.013308977708220482, -0.009911510162055492, 0.0012439547572284937, -0.03467022255063057, 0.03311862424015999, 0.004250178579241037, -0.010553551837801933, -0.029774658381938934, 0.009824567474424839, -0.007136019878089428, -0.01305483654141426, -0.0059388806112110615, 0.01432554330676794, 0.006002415902912617, -0.01896696537733078, 0.03207530453801155, -0.01855231449007988, -0.004330433905124664, 0.019916651770472527, -0.00883475411683321, 0.004273586440831423, 0.006955445744097233, -0.0017823330126702785, 0.01523510180413723, -0.03656959533691406, -0.012265660800039768, -0.00868093129247427, -0.005377094727009535, 0.04165241867303848, 0.026564452797174454, -0.019515376538038254, 0.002795554231852293, 0.002631699899211526, -0.015422363765537739, 0.008848129771649837, -0.004541103728115559, -0.0028758093249052763, 0.034536462277173996, 0.010901323519647121, -0.0045812311582267284, 0.028437072411179543, -0.008781250566244125, 0.01539561152458191, -0.0031700781546533108, 0.012600057758390903, -0.00971756037324667, -0.033867672085762024, 0.01240610796958208, -0.0005651299725286663, 0.006570890080183744, -0.019756142050027847, -0.027019232511520386, 0.03555303066968918, -0.0008468589512631297, 0.0025681646075099707, -0.004046197049319744, 0.002277239691466093, -0.000349026289768517, -0.011382854543626308, -0.018097534775733948, -0.018619192764163017, -0.006045887712389231, -0.010199091397225857, -0.00836659874767065, 0.021387996152043343, 0.024076543748378754, -0.008700995706021786, 0.02886510081589222, 0.009978389367461205, -0.004952411167323589, -0.014700067229568958, 0.008634115569293499, 0.02077270671725273, 0.013763757422566414, -0.026658084243535995, -0.013041460886597633, -0.004012757446616888, 0.01127584744244814, 0.0199032761156559, -0.035740289837121964, 0.022150419652462006, 0.011356103233993053, -0.009677432477474213, 0.0023625108879059553, 0.023608388379216194, -0.03172753378748894, -0.02414342202246189, -0.0244644433259964, 0.005768338683992624, 0.014833825640380383, 0.048474106937646866, -0.02284596487879753, -0.012687000446021557, -0.008466918021440506, -0.009302908554673195, 0.00836659874767065, 0.016519183292984962, 0.014700067229568958, 0.013817260973155499, 0.017629379406571388, -0.0229529719799757, -0.6086550354957581, -0.016666319221258163, 0.018793080002069473, 0.005925504956394434, -0.018017280846834183, 0.00540050258859992, -0.005781714338809252, -0.005099545698612928, -0.0174153670668602, 0.013028085231781006, -0.014365671202540398, 0.011302599683403969, -0.006661177147179842, -0.01512809470295906, 0.012921078130602837, -0.00024243741063401103, 0.03196829929947853, -0.018993716686964035, -0.008413414470851421, 0.0011996472021564841, -0.017589252442121506, 0.0052466802299022675, -0.008333159610629082, 0.010693998076021671, -0.0038455589674413204, -0.015047839842736721, 0.019421745091676712, -0.02253831923007965, 0.014499429613351822, 0.032663844525814056, -0.03870972990989685, 0.03983330354094505, 0.009904822334647179, 0.006430443376302719, 0.053556933999061584, 0.006176302209496498, -0.04020782560110092, 0.013262162916362286, -0.017134472727775574, 0.052888140082359314, 0.00680162338539958, 0.0059020970948040485, 0.006701304577291012, -0.004818652756512165, -0.031272754073143005, 0.006059263367205858, 0.0483938530087471, -0.006687928922474384, 0.009684120304882526, -0.019354864954948425, 0.004778524860739708, -0.010774252936244011, -0.008313095197081566, 0.021468251943588257, -0.02414342202246189, -0.023902656510472298, 0.028677837923169136, -0.00015883830201346427, 0.011061834171414375, 0.001094312290661037, -0.001976283034309745, 0.006239837501198053, -0.042107198387384415, -0.011697187088429928, -0.019194355234503746, 0.008092394098639488, -0.004925659392029047, -0.028784845024347305, -0.008259591646492481, -0.019354864954948425, 0.02367526851594448, 0.016599439084529877, -0.006500666495412588, 0.016398800536990166, 0.005601140204817057, 0.03170078247785568, 0.03555303066968918, -0.014900704845786095, -0.010640494525432587, 0.005042698234319687, 0.015475867316126823, -0.010553551837801933, -0.028223060071468353, -0.019675886258482933, 0.0326370932161808, -0.008125833235681057, -0.030443452298641205, -0.015529370866715908, 0.02300647459924221, 0.00435384176671505, 0.015529370866715908, 0.011269159615039825, 0.003969285637140274, 0.007276466581970453, 0.015074591152369976, 0.035633284598588943, -0.002009722637012601, 0.008747810497879982, 0.019314737990498543, -0.0315135195851326, -0.02980140969157219, 0.0009530298411846161, 0.0017706290818750858, -0.005333622917532921, 0.04379255697131157, -0.0008602348389104009, -0.01799052767455578, 0.010259282775223255, 0.024384187534451485, -0.01887333393096924, -0.04333777725696564, 0.01663956604897976, -0.012546554207801819, 0.00544063001871109, -0.02041155844926834, -0.0323428250849247, 0.017335111275315285, -0.013008021749556065, 0.006323436740785837, -0.0052366480231285095, 0.013215347193181515, -0.012633496895432472, 0.008654179982841015, 0.0022120324429124594, -0.010092084296047688, 0.0006771527696400881, -0.016545936465263367, -0.02248481661081314, -0.004768493119627237, 0.02482559159398079, 0.007316594012081623, -0.009837943129241467, 0.024263804778456688, -0.005985696334391832, 0.011884449049830437, 0.0009722576360218227, 0.004189987201243639, -0.0021535130217671394, 0.009824567474424839, 0.003765303874388337, 0.007918507792055607, 0.018672697246074677, 0.018271422013640404, 0.01018571574240923, 0.019087348133325577, -0.012299100868403912, -0.022618575021624565, 0.0007101744413375854, -0.016933836042881012, 0.01043985690921545, -0.022872716188430786, -0.01100833062082529, 0.013355793431401253, -0.010573615320026875, -0.004263554699718952, -0.004036164842545986, 0.00213846517726779, -0.022404560819268227, -0.018886711448431015, -0.01943512074649334, -0.002355822827666998, 0.028330065310001373, -0.02580202929675579, -0.006611017510294914, -0.002808930119499564, -0.021374620497226715, -0.017442118376493454, 0.015141470357775688, -0.0027587704826146364, -0.035258758813142776, -0.014659939333796501, 0.0020699140150099993, -0.026470821350812912, 0.0007561539532616735, -0.009282845072448254, 0.008787938393652439, -0.02601604349911213, -0.011583492159843445, -0.013937643729150295, 0.0060091037303209305, 0.006550826132297516, 0.006915318313986063, 0.017763137817382812, -0.02524024248123169, 0.035151753574609756, 0.024063168093562126, 0.03477722778916359, 0.029988672584295273, -0.028410321101546288, 0.03919126093387604, 0.00959048978984356, 0.005875345319509506, -0.036141566932201385, -0.010526799596846104, -0.0014554604422301054, 0.02865108661353588, 0.026042794808745384, 0.014673315919935703, -0.01750899665057659, 0.02124086208641529, -0.012914390303194523, 0.003598105628043413, 0.02596253901720047, -0.02186952717602253, -0.013583183288574219, -0.03351989760994911, -0.01347617618739605, -0.02269883081316948, 0.01979626901447773, 0.004233459010720253, 0.019756142050027847, -0.014058026485145092, 0.012098463252186775, -0.020585443824529648, -0.004731709603220224, 0.006748119834810495, 5.151794903213158e-05, -0.005587764550000429, -0.02410329505801201, 0.01674657315015793, -0.017268231138586998, 0.00515639316290617, -0.0008777906186878681, 0.0076643661595880985, -0.010894635692238808, 0.017214728519320488, 0.007209587376564741, 0.025200115516781807, -0.02990841679275036, -0.018231293186545372, 0.006975509691983461, 0.029266376048326492, -0.003902406431734562, -0.0032770850230008364, 0.008747810497879982, -0.0026935632340610027, 0.02471858449280262, 0.003019599709659815, 0.03351989760994911, -0.0323428250849247, 0.006099390797317028, 0.03507149964570999, 0.012519802898168564, -0.023394374176859856, 0.014552933163940907, 0.03571353852748871, 0.01855231449007988, 0.02964089997112751, -0.0032904609106481075, 0.018846582621335983, -0.016438929364085197, 0.024571450427174568, 0.004725021775811911, -0.024999476969242096, 0.0038756546564400196, -0.008640804328024387, -0.01531535666435957, 0.017896898090839386, 0.020906465128064156, 0.016291793435811996, 0.021789271384477615, -0.008988576009869576, 0.029293127357959747, -0.005744930822402239, 0.01709434576332569, 0.007844940759241581, -0.014459301717579365, -0.019114099442958832, -0.0027102830354124308, -0.016385424882173538, 0.011864385567605495, -0.021160606294870377, -0.0077780610881745815, -0.02284596487879753, 0.0014303807402029634, 0.004644766449928284, 0.005527573172003031, 0.01432554330676794, 0.03338614106178284, 0.025039605796337128, -0.018592441454529762, -0.00021370021568145603, 0.018726199865341187, -0.0008088213508017361, 0.013208659365773201, -0.01443255040794611, -0.003163390327244997, 0.020612196996808052, -0.011282535269856453, 0.021361244842410088, 0.006373595912009478, 0.013750381767749786, 0.00896182470023632, -0.02990841679275036, -0.02367526851594448, 0.0035245383623987436, 0.03972629830241203, 0.00035571420448832214, 0.0010717405239120126, -0.001074248575605452, 0.010118836537003517, 0.035686787217855453, -0.017495620995759964, -0.01988990046083927, 0.021107103675603867, 0.0033757321070879698, 0.0007795616984367371, -0.03900400176644325, 0.018953589722514153, -0.001499767997302115, -0.016077781096100807, -0.0026985793374478817, 0.008674243465065956, 0.0035245383623987436, -0.02590903639793396, -0.016492431983351707, -0.03186129406094551, -0.006410379894077778, 0.0021000097040086985, 0.013937643729150295, -0.007236338686197996, -0.026350438594818115, -0.014098153449594975, 0.029988672584295273, 0.025815404951572418, -0.0037786797620356083, -0.0017990528140217066, -0.007838252000510693, 0.0005785058601759374, -0.00314165442250669, -0.026149801909923553, -0.027340251952409744, -0.006259901449084282, -0.007918507792055607, -0.01581026427447796, 0.010479983873665333, 0.0064204116351902485, 0.00935641210526228, 0.024263804778456688, -0.018017280846834183, 0.011061834171414375, -0.022163795307278633, 0.0012790663167834282, -0.01988990046083927, -0.0315135195851326, -0.019354864954948425, 0.0007256402750499547, 0.02394278533756733, 0.02564151957631111, 0.023019850254058838, -0.003338948357850313, -0.020812833681702614, 0.033707160502672195, -0.0147936986759305, 0.0326370932161808, 0.002782178344205022, 0.03212881088256836, 0.007343345787376165, -0.0001535088667878881, 0.04804607853293419, 0.013108340092003345, 0.022712206467986107, 0.009369787760078907, 0.011188904754817486, 0.0009973373962566257, 0.037907179445028305, -0.01844530738890171, -0.0032369575928896666, 0.002976128365844488, -0.013817260973155499, -0.013589871115982533, -0.0023742145858705044, 0.02819630689918995, 0.006758152041584253, -0.014365671202540398, 0.012713752686977386, -0.02897210791707039, -0.0009404899901710451, 0.023929409682750702, 0.004042853135615587, 0.01328891422599554, -0.017803266644477844, -0.005484101362526417, -0.03124600276350975, -0.011469798162579536, -0.01559625007212162, 0.024183550849556923, 0.0037920556496828794, -0.004293650388717651, -0.02875809371471405, -0.030282940715551376, 0.027019232511520386, -0.01043985690921545, 0.003755271900445223, 0.007791436742991209, -0.019247859716415405, -0.0044307527132332325, 0.019007094204425812, 0.03218231350183487, 0.031326256692409515, 0.009817879647016525, 0.007871692068874836, 0.0014755242737010121, 0.017535749822854996, -0.020077161490917206, -0.017696259543299675, -0.0036215134896337986, 0.009122334420681, -0.006286652758717537, -0.0019612351898103952, 0.028998859226703644, 0.01468669157475233, 0.0032235817052423954, 0.017294984310865402, 0.0001341765746474266, -0.014606436714529991, 0.007617550902068615, -0.008339847438037395, 0.014780322089791298, 0.008072329685091972, 0.018512187525629997, 0.02414342202246189, 0.01134941540658474, -0.010105459950864315, 0.009229341521859169, -0.031593773514032364, -0.005805122200399637, 0.01730835996568203, -0.003935846034437418, 0.035151753574609756, 0.009343036450445652, 0.010306098498404026, -0.02275233343243599, -0.013723629526793957, -0.0025129891000688076, -0.014967584051191807, 0.020852962508797646, -0.01005195640027523, 0.004126451909542084, 0.011068521998822689, 0.008279656060039997, 0.03549952432513237, 0.025481007993221283, 0.0050527299754321575, 0.0045344154350459576, -0.03156702220439911, 0.02953389286994934, -0.022150419652462006, -0.02482559159398079, 0.01060036662966013, -0.009363099932670593, -0.01595739834010601, -0.0019194355700165033, 0.001588383107446134, 0.006901942193508148, 0.018244668841362, -0.011142089031636715, -0.027005856856703758, -0.02311348170042038, -0.021173981949687004, 0.006828375160694122, 0.015689881518483162, 0.015275228768587112, -0.00015977879229467362, -0.025735149160027504, -0.019475247710943222, -0.0026935632340610027, -0.003380747977644205, -0.04181293025612831, -0.025521136820316315, -0.0101589635014534, -0.005601140204817057, 0.0028590895235538483, 0.007082516327500343, 0.01347617618739605, 0.03485748544335365, -0.021414747461676598, -0.015194973908364773, -0.05377094820141792, -0.027286749333143234, -0.02742050774395466, -0.0007268942426890135, 0.020959967747330666, 0.009664056822657585, 0.019729388877749443, -0.004848748445510864, 0.03683711215853691, -0.019247859716415405, 0.009991765022277832, 0.01745549403131008, 0.016505807638168335, -0.011797506362199783, -0.003986005671322346, 0.007129332050681114, 0.009577114135026932, 0.009490170516073704, 0.02124086208641529, 0.014833825640380383, -0.021548505872488022, 0.027393756434321404, -0.01938161812722683, 0.0020866338163614273, -0.02704598382115364, -0.055322546511888504, -0.010326161980628967, 0.029132617637515068, -0.019622383639216423, 0.005433942191302776, -0.026711586862802505, 0.00940322782844305, 0.02610967308282852, -0.011315975338220596, 0.02564151957631111, -0.020184168592095375, 0.031433265656232834, 0.013977770693600178, 0.007597486954182386, -0.022565070539712906, -0.0023825746029615402, -0.01083444431424141, -0.0055977962911129, -0.025481007993221283, -0.027500763535499573, 0.009082207456231117, -0.008038890548050404, 0.009296220727264881, 0.0020247704815119505, 0.0017271576216444373, -0.012499738484621048, 0.019408369436860085, -0.007115955930203199, -0.024531321600079536, -0.03354664891958237, -0.0015992509433999658, -0.006356876343488693, -0.02819630689918995, -0.005373750813305378, -0.008694306947290897, -0.0016418865416198969, 0.028838349506258965, 0.0074904803186655045, 0.021053599193692207, -0.027326876297593117, 0.004099700134247541, 0.011630307883024216, -0.030149182304739952, 0.035205256193876266, 0.014111530035734177, 0.02657782845199108, 0.01388414017856121, 0.01788352057337761, -0.02886510081589222, -0.007216275203973055, -0.0001803650811780244, 0.0046949260868132114, 0.031219251453876495, 0.03413518890738487, -0.015529370866715908, -0.030095679685473442, -0.006045887712389231, -0.02865108661353588, -0.01918097957968712, -0.0038254952523857355, 0.013556431047618389, 0.014352294616401196, -0.014900704845786095, -0.01617141254246235, 0.017335111275315285, -0.021896278485655785, 0.00499922689050436, -0.0153421089053154, 0.008854817599058151, 0.008874881081283092, -0.030871478840708733, -0.03828170523047447, -0.0017823330126702785, -0.002519677160307765, 0.03616831824183464, 0.020478438585996628, 0.012459611520171165, -0.010620431043207645, 0.013048148714005947, -0.0019729388877749443, 0.013168531470000744, 0.02725999802350998, 0.0304166991263628, -0.026805218309164047, 0.011509925127029419, 0.02021091990172863, 0.023447878658771515, 0.004206707235425711, -0.0009914854308590293, 0.011663747951388359, 0.03544602170586586, 0.016599439084529877, 0.004698270000517368, 0.0018074127146974206, 0.018472058698534966, 0.0174153670668602, 0.010954827070236206, -0.01994340308010578, -0.02232430689036846, -0.011596868745982647, -0.0019227794837206602, 0.030496954917907715, 0.00043847732013091445, -0.02481221593916416, -0.020090537145733833, -0.02098672091960907, 0.019823020324110985, -0.03638233244419098, -0.01761600375175476, -0.008058954030275345, -0.040234580636024475, -0.0031533583533018827, -0.02528037130832672, 0.003919126000255346, 0.03421544283628464, -0.019408369436860085, -0.009242717176675797, -0.008794626221060753, 0.01907397247850895, -0.04989194869995117, 0.0023307432420551777, -0.007149395998567343, 0.013777133077383041, 0.007885067723691463, 0.009904822334647179, 0.004126451909542084, -0.009363099932670593, -0.0009981733746826649, -0.006818343419581652, -0.0326370932161808, 0.0011352759320288897, 0.013870764523744583, 0.014392422512173653, -0.016465680673718452, -0.042053695768117905, 0.050186216831207275, -0.01316184364259243, -0.00018872498185373843, -0.01752237230539322, -0.019515376538038254, 0.03804093971848488, -0.0064538512378931046, -0.008734434843063354, -0.034375954419374466, 0.0015599593752995133, -0.02606954611837864, -0.002573180478066206, -0.0014069729950278997, -0.0018826519371941686, -0.0101589635014534, -0.014098153449594975, 0.00992488581687212, 0.009583801962435246, -0.01952875219285488, -0.020304551348090172, -0.039512284100055695, -0.022631950676441193, -0.02964089997112751, 0.02819630689918995, 0.02170901745557785, 0.01902046985924244, -0.005540948826819658, 0.019555503502488136, 0.009429979138076305, 0.013830636627972126, -0.023595012724399567, -0.015770135447382927, -0.03932502120733261, -0.02394278533756733, -0.008580612950026989, -0.0010508408304303885, -0.0018826519371941686, 0.04392631724476814, 0.022832589223980904, -0.011175529100000858, -0.02363513968884945, -0.023501381278038025, -0.04834035038948059, -0.01183763425797224, -0.008125833235681057, 0.02067907527089119, 0.049517422914505005, 0.01617141254246235, 0.0007047404651530087, 0.031112244352698326, 0.005390470381826162, 0.013790508732199669, -0.04213394969701767, -0.012272349558770657, -0.0029343287460505962, -0.024223677814006805, 0.031165746971964836, -0.011436358094215393, -0.01339592132717371, 0.0021367932204157114, -0.0015975789865478873, 0.0019528751727193594, 0.02223067544400692, 0.027848534286022186, 0.00984463095664978, -0.03047020360827446, -0.007677742280066013, -0.027741529047489166, -0.015542746521532536, -0.001650246442295611, 0.03710462898015976, -0.02803579717874527, -0.014994336292147636, 0.02057206816971302, -0.007343345787376165, 0.016438929364085197, 0.0058251856826245785, 0.03865622729063034, -0.004567855503410101, 0.010352913290262222, -0.016452305018901825, -0.0055977962911129, -0.013389233499765396, -0.03798743337392807, 0.028437072411179543, -0.014659939333796501, 0.012680312618613243, 0.04331102594733238, 0.004076292738318443, -0.002954392461106181, -0.008527109399437904, 0.014900704845786095, 0.002009722637012601, -0.0017990528140217066, 0.0037452401593327522, -0.035419270396232605, -0.01028603408485651, -0.0075239199213683605, 0.02969440259039402, -0.004484256263822317, 0.0017706290818750858, -0.013576495461165905, 0.006136174779385328, -3.871683657052927e-05, -0.01269368827342987, 0.0034375954419374466, -0.007089204620569944, -0.013817260973155499, 0.04234796389937401, 0.007055765017867088, -0.0011996472021564841, -0.029266376048326492, -0.012272349558770657, -0.015997525304555893, -0.01663956604897976, 0.0056145163252949715, -0.009396540001034737, -0.04290974885225296, 0.0042903064750134945, 0.014272039756178856, 0.005644612014293671, -0.008607364259660244, 0.20309901237487793, 0.018177790567278862, -0.018993716686964035, 0.0038087754510343075, -0.007443664595484734, -0.0046915821731090546, 0.007965323515236378, 0.009597177617251873, -0.019140852615237236, 0.032155562192201614, -0.0178300179541111, 0.029132617637515068, 0.013616622425615788, -0.009068830870091915, 0.002581540495157242, 0.004748429171741009, -0.04582568630576134, -0.024009663611650467, -0.029105866327881813, -0.005410534329712391, 0.007115955930203199, 0.007363409735262394, 0.005872001405805349, -0.00023303252237383276, 0.03183453902602196, -0.0027152991387993097, -0.0038789985701441765, 0.007985386997461319, 0.004808620549738407, -0.0036582970060408115, -0.023327495902776718, -0.016666319221258163, 0.03357340395450592, -0.008767874911427498, -0.017428742721676826, -0.0002493343490641564, 0.027219869196414948, 0.007992074824869633, 0.000499504676554352, 0.01984977163374424, -0.006734744179993868, -0.038174696266651154, 0.0331721268594265, -0.021495003253221512, -0.0011921232799068093, -0.023126857355237007, -0.0020582100842148066, -0.02248481661081314, 0.03330588340759277, 0.017495620995759964, -0.01808415912091732, 0.006631081458181143, 0.016077781096100807, -0.0017873489996418357, -0.011904513463377953, -0.049089398235082626, 0.012085087597370148, 0.00351785053499043, 0.0013484535738825798, 0.019368240609765053, 0.0007737097330391407, 0.015837015584111214, 0.024437692016363144, 0.031272754073143005, -0.007095892447978258, 0.004872155841439962, -0.0009212621953338385, -0.007985386997461319, 0.01303477305918932, 0.002014738507568836, -0.0033740599174052477, -0.010653870180249214, 0.026002665981650352, 0.0042468346655368805, 0.009918197989463806, -0.025226866826415062, 0.0233676228672266, 0.00707582850009203, 0.025895660743117332, 0.02808929979801178, -0.0009956654394045472, -0.0037786797620356083, -0.013235410675406456, 0.018686072900891304, -0.03343964368104935, -0.005119609646499157, 0.009229341521859169, -0.013255475088953972, -0.0026852034498006105, -0.011844322085380554, 0.008045578375458717, 0.007323281839489937, -0.027193117886781693, -0.005634579807519913, -0.017736386507749557, 0.00999845378100872, 0.0038254952523857355, 0.032209064811468124, 0.002619995968416333, 0.00612614257261157, -0.026189928874373436, 0.06238500028848648, 0.014379046857357025, -0.0007845776272006333, -0.015823639929294586, 0.0027019232511520386, 0.022458065301179886, 0.031058741733431816, -0.016358673572540283, 0.007236338686197996, -0.018940214067697525, -0.044541604816913605, -0.003074775217100978, -0.023514756932854652, 0.027848534286022186, 0.025320498272776604, 0.005932192783802748, -0.01336916908621788, -0.01860581710934639, -0.0011076881783083081, -0.007256402634084225, -0.02305997908115387, -0.0016234946670010686, -0.005574388429522514, -1.042376425175462e-05, -0.007597486954182386, -0.010526799596846104, 0.0046146707609295845, 0.005346999038010836, -0.024317309260368347, 0.005112921353429556, -0.020585443824529648, -0.02145487442612648, -0.0021568569354712963, 0.017187977209687233, 0.026256809011101723, 0.016345297917723656, -0.03477722778916359, -0.010065332986414433, 0.00963730551302433, 0.01432554330676794, -0.015168222598731518, 0.01564975269138813, 3.641133162091137e-06, 0.004828684497624636, -0.006102735176682472, -0.009851318784058094, -0.007590799126774073, 0.0020113945938646793, -0.020598821341991425, 0.005116265267133713, -0.00987138319760561, 0.020197544246912003, -0.01793702505528927, 0.014860577881336212, -0.007002261467278004, 0.021628761664032936, -0.020331302657723427, -0.00937647558748722, -0.02098672091960907, -0.03734539449214935, -0.0035044746473431587, 0.00038789986865594983, 7.999390072654933e-05, -0.025868907570838928, -0.01531535666435957, -0.1681077778339386, 0.024959350004792213, 0.017870144918560982, -0.03480398282408714, 0.0007486300310119987, 0.0005688919336535037, 0.012192093767225742, -0.008480293676257133, -0.0005550980567932129, -0.028276562690734863, 0.013656750321388245, -0.030871478840708733, -0.03793393075466156, -0.024785464629530907, -0.009891446679830551, 0.0279287900775671, 0.03710462898015976, 0.005410534329712391, 0.029614148661494255, 0.007590799126774073, 0.026818593963980675, -0.033814165741205215, -0.006888566538691521, -0.03250333294272423, -0.020505189895629883, 0.020451685413718224, 0.004256866406649351, 0.006704648490995169, 0.001065888674929738, -0.004858780186623335, -0.0304166991263628, 0.011382854543626308, 0.02497272565960884, 0.008607364259660244, 0.022137043997645378, -0.0006784067954868078, 0.02316698431968689, -0.0178300179541111, -0.015382235869765282, 0.005805122200399637, 0.01124240830540657, 0.023300742730498314, -0.011048458516597748, 0.0050794817507267, 0.007102580275386572, 0.022110292688012123, 0.003176766214892268, 0.005989040248095989, 0.018900087103247643, -0.0020665698684751987, 0.010807693004608154, -0.03905750438570976, -0.014606436714529991, 0.012091775424778461, 0.010306098498404026, 0.017482245340943336, -0.003551290137693286, -0.003213549731299281, 0.0036549530923366547, -0.029400134459137917, 0.008507044985890388, -0.00520655233412981, -0.03405493125319481, 0.013275538571178913, -0.030015423893928528, 0.009724248200654984, 0.0019996906630694866, 0.013135092332959175, -0.05363718792796135, 0.005895409267395735, -0.009690809063613415, -0.004022789187729359, 0.014673315919935703, -0.007804812863469124, 0.00045979509013704956, -0.0028992171864956617, -0.00963730551302433, -0.002277239691466093, 0.010453232564032078, 0.011075209826231003, -0.002996192080900073, 0.021080350503325462, -0.008908321149647236, 0.022471440955996513, -0.0027805063873529434, 0.0072630904614925385, 0.0071226442232728004, -0.0050962017849087715, 0.0025664926506578922, -0.0036750168073922396, 0.003939189948141575, -0.03175428509712219, 0.004858780186623335, -0.014860577881336212, 0.001964579103514552, 0.011075209826231003, 0.0009421619470231235, 0.008580612950026989, 0.0011720594484359026, -0.005657987669110298, 0.03129950538277626, 0.005276775918900967, -0.044595107436180115, 0.011958016082644463, 0.06661176681518555, 0.012967893853783607, 0.011068521998822689, 0.004243490751832724, 0.01938161812722683, -0.008219464682042599, -0.037238385528326035, -0.0060860151425004005, -0.008192712441086769, 0.0290256105363369, 0.009784439578652382, 0.038067691028118134, 0.021628761664032936, 0.00979781523346901, -0.0036616409197449684, 0.0030731032602488995, 0.04082311689853668, -0.016666319221258163, 0.0005479921819642186, -0.014807074330747128, 0.01088126003742218, 0.008714371360838413, -0.06340156495571136, -0.039619289338588715, 0.01855231449007988, 0.017321735620498657, -0.0174153670668602, -0.005223272368311882, -0.014994336292147636, 0.038843490183353424, 0.0008121653227135539, 0.026403943076729774, -0.042990006506443024, -0.029346631839871407, 0.007229650858789682, -0.0003283355035819113, -0.005377094727009535, 0.013502928428351879, -0.01777651533484459, 0.017080970108509064, 0.008453541435301304, 0.029293127357959747, -0.002006378723308444, -0.016706446185708046, -0.005968976300209761, -0.0020398183260113, -0.011590179987251759, 0.007323281839489937, -0.027219869196414948, 0.003788711503148079, 0.01586376689374447, -0.017174601554870605, 0.01075418945401907, -0.007818188518285751, 0.026671459898352623, 0.001341765746474266, 0.0003034647670574486, -0.018458683043718338, -0.01176406629383564, 0.00320017384365201, 0.04973143711686134, -0.01432554330676794, -0.0008272131672129035, -0.008627427741885185, 0.022043412551283836, -0.036355581134557724, -0.017268231138586998, -0.01295451819896698, -0.03488423675298691, 0.040609102696180344, 0.009623929858207703, -0.022137043997645378, -0.024598201736807823, 0.009965013712644577, 0.01176406629383564, -0.008888257667422295, 0.04446135088801384, 0.015837015584111214, 0.025989290326833725, 0.02156188152730465, -0.013643374666571617, 0.003434251295402646, -0.013201971538364887, -0.016505807638168335, 0.01280069537460804, 0.01745549403131008, 0.026497572660446167, 0.004591262899339199, -0.01018571574240923, 0.0036114815156906843, -0.007289842236787081, -0.008647492155432701, -0.013844012282788754, -0.011937952600419521, -0.044488102197647095, -0.017321735620498657, -0.018231293186545372, -0.0015449115308001637, -0.00239762244746089, -0.016077781096100807, 0.022712206467986107, 0.0011536676902323961, -0.002210360486060381, -0.006363564170897007, -0.013041460886597633, -0.0012063351459801197, 0.02026442438364029, 0.018900087103247643, 0.006042543798685074, 0.01407140213996172, 0.0046146707609295845, -0.054332733154296875, 0.014231911860406399, 0.0024912534281611443, 0.009182525798678398, -0.01952875219285488, 0.006968821864575148, 0.005005914717912674, -0.0069286939688026905, -0.004601295106112957, -0.01932811364531517, 0.009858006611466408, -0.032663844525814056, -0.026029419153928757, -0.04983844608068466, 0.019675886258482933, 0.0018659321358427405, -0.008667555637657642, -0.0122322216629982, 0.0021902965381741524, -0.015422363765537739, -0.022979723289608955, 0.022886091843247414, 0.02455807477235794, -0.022819213569164276, 0.0046848938800394535, -0.009336348623037338, -0.007457040715962648, 0.014860577881336212, 0.021227486431598663, 0.02990841679275036, -0.0031149028800427914, -0.0038388711400330067, 0.010453232564032078, 0.027072735130786896, -0.0010834444547072053, 0.01564975269138813, 0.010780940763652325, -0.011483173817396164, -0.003618169343098998, -0.004591262899339199, 0.002727002836763859, -0.00792519561946392, -0.022270802408456802, 0.007537295576184988, -0.01803065650165081, 0.010693998076021671, 0.025521136820316315, 0.023715395480394363, -0.037184882909059525, 0.012526490725576878, 0.04884863272309303, 0.010453232564032078, 0.017321735620498657, -0.04959768056869507, -0.029346631839871407, 3.4484633943066e-05, -0.02481221593916416, -0.018164414912462234, -0.01559625007212162, -0.025521136820316315, -0.004735053516924381, -0.0036783607210963964, -0.011376166716217995, 0.04323077201843262, 0.019314737990498543, -0.036195069551467896, -0.015663128346204758, -0.017910273745656013, -0.03689061477780342, 0.011529989540576935, 0.016251666471362114, -0.014967584051191807, 9.478048741584644e-05, 0.04753779619932175, -0.0004505992110352963, -0.006868502590805292, 0.00035926717100664973, 0.01799052767455578, -0.007309906184673309, -0.011944640427827835, 0.013335729949176311, 0.03771991655230522, -0.009490170516073704, -0.0147936986759305, -0.005805122200399637, 0.006473915185779333, 0.015288605354726315, 0.0021117134019732475, -0.010921387933194637, -0.033038366585969925, -0.008212776854634285, -0.010740813799202442, 0.014740195125341415, 0.014900704845786095, -0.03488423675298691, -0.032048553228378296, 0.006731400266289711, 0.010901323519647121, 0.01819116622209549, 0.01240610796958208, 0.028945354744791985, 0.017482245340943336, -0.0007009785040281713, -0.020451685413718224, 0.00632009282708168, -0.008721059188246727, 0.0306842178106308, -0.010640494525432587, -0.014245288446545601, -0.03052370622754097, 0.0066344253718853, 0.03426894545555115, 0.011101962067186832, 0.011550053022801876, 0.007209587376564741, 0.005340311210602522, -0.0342956967651844, -0.028383569791913033, -0.005768338683992624, -0.034375954419374466, -0.03493773937225342, -0.0016736541874706745, -0.005056073889136314, -0.015770135447382927, -0.013543055392801762, -0.004584575071930885, 0.008935072459280491, 0.003434251295402646, 0.007691117934882641, 0.017789890989661217, -3.1637038773624226e-05, -0.032316070050001144, 0.00836659874767065, 0.03582054749131203, 0.0087076835334301, -0.0010834444547072053, -0.035740289837121964, 0.038067691028118134, 0.015087966807186604, -0.007283154409378767, -0.009055455215275288, 0.011315975338220596, -0.020906465128064156, -0.0050962017849087715, -0.0007218783139251173, -0.020023658871650696, -0.005340311210602522, 0.0015231757424771786, -0.002887513255700469, 0.0033456364180892706, -0.023233864456415176, 0.0038789985701441765, 0.07918507605791092, -0.005741586908698082, 0.00828634388744831, 0.0054305982775986195, 0.009978389367461205, 0.017268231138586998, 0.007095892447978258, 0.018418556079268456, -0.00015685282414779067, -0.029186120256781578, 0.007189523428678513, -0.020531941205263138, -0.0028557456098496914, -0.02518673986196518, -0.017442118376493454, 0.004748429171741009, 0.011529989540576935, 0.012178718112409115, 0.007972011342644691, -0.018565690144896507, 0.004711645655333996, 0.011035081930458546, 0.013670125976204872, 0.0010633806232362986, -0.007109268102794886, 0.036462586373090744, 0.017388613894581795, 0.008640804328024387, -0.006450507324188948, -0.04328427463769913, 0.027273373678326607, 0.01952875219285488, -0.028463823720812798, -0.0011570117203518748, 0.00932297296822071, -0.00014441745588555932, -0.011770754121243954, -0.019421745091676712, 0.012941141612827778, 0.009229341521859169, -0.010954827070236206, 0.0006545810028910637, -0.013068213127553463, -0.01912747696042061, -0.012325852178037167, -0.023809026926755905, -0.0147936986759305, -0.018244668841362, -0.036088064312934875]","[-0.018413474783301353, -0.004302861634641886, -0.006241295952349901, -0.00963603239506483, -0.016960473731160164, 0.019972147420048714, 0.011974042281508446, -0.016894428059458733, -0.0011178194545209408, -0.017515257000923157, 0.017673766240477562, -0.018030410632491112, -0.0026781433261930943, -0.013407228514552116, -0.005319961812347174, 0.0037943117786198854, 0.013050583191215992, -0.015203665010631084, 0.005953998304903507, 0.006888541392982006, 0.0017122285207733512, 0.009754914790391922, 0.010956942103803158, 0.013050583191215992, -0.016524573788046837, -0.01789831928908825, 0.005795489065349102, -0.02076469361782074, 0.018651237711310387, -0.0055313073098659515, 0.0389668233692646, 0.0024337752256542444, -0.027765512466430664, -0.04673376679420471, -0.0009494035039097071, 0.0039098914712667465, 0.005696421023458242, -0.013334578834474087, -0.0029505810234695673, 0.010375741869211197, 0.014173355884850025, -0.016458528116345406, -0.007892432622611523, -0.02647102065384388, -0.017475629225373268, 0.03788367658853531, 0.012099528685212135, -0.022838519886136055, 0.001003890996798873, 0.012225015088915825, 0.009094459936022758, 0.019694756716489792, -0.03278496861457825, -0.003757986705750227, 0.009213341400027275, -0.01690763793885708, 0.004593461751937866, 0.029984639957547188, 0.021715747192502022, 0.017264284193515778, 0.027844766154885292, 0.0060662757605314255, -0.014146937988698483, -0.010085142217576504, -0.013453460298478603, 0.002813536673784256, 0.01693405583500862, -0.0100124916061759, -0.0037480799946933985, 0.0003498345613479614, 0.01427902840077877, -0.0031239502131938934, -0.015375383198261261, -0.020566556602716446, 0.027950439602136612, -0.0005093755898997188, -0.03624574840068817, -0.014252610504627228, -0.0036424072459340096, -0.01375066488981247, 0.008083964698016644, -0.015084783546626568, -0.03394736722111702, 0.0018030410865321755, 0.00807735975831747, 0.00877083744853735, 0.026352139189839363, 0.0256916843354702, 0.029244929552078247, -0.007780155166983604, 0.008962368592619896, -0.005478471051901579, 0.003213111776858568, -0.013004351407289505, -0.01066634152084589, -0.0006703614490106702, -0.032547201961278915, 0.029931802302598953, -0.001084796735085547, -0.008711396716535091, -0.02040804736316204, 0.006875332444906235, -0.0037844048347324133, -0.009015205316245556, -0.008473632857203484, 0.01626039296388626, -0.0026120978873223066, -0.018241755664348602, 0.031014949083328247, -0.029244929552078247, -0.004035377874970436, 0.017515257000923157, -0.006095996126532555, 0.004917084705084562, 0.009021810255944729, 0.0015727075515314937, 0.021200593560934067, -0.028531638905405998, -0.013387414626777172, -0.008440610021352768, -0.009279387071728706, 0.038861148059368134, 0.021425146609544754, -0.011544746346771717, -0.0002771845320239663, -0.005878046154975891, -0.016775546595454216, 0.0035862685181200504, -0.007654668763279915, 0.00232149800285697, 0.03997071459889412, 0.015969792380928993, 0.00014684796042274684, 0.031807493418455124, -0.0035730593372136354, 0.013460065238177776, -0.0033914344385266304, 0.016392484307289124, -0.0009584847721271217, -0.029218511655926704, 0.014305447228252888, 0.0023248002398759127, 0.0034971071872860193, -0.014411119744181633, -0.021781792864203453, 0.03717038407921791, -0.0008990438655018806, 0.004563741385936737, -0.009292596019804478, 0.0016222416888922453, -0.008632142096757889, -0.015454637818038464, -0.015956582501530647, -0.019972147420048714, -0.0014992320211604238, -0.013935592025518417, -0.010230441577732563, 0.016379274427890778, 0.020474093034863472, -0.018347429111599922, 0.027554165571928024, 0.008711396716535091, 0.003411248093470931, -0.01489985641092062, 0.007099886890500784, 0.01984005607664585, 0.02105529233813286, -0.023129120469093323, -0.012218410149216652, -0.0041245389729738235, 0.0024816582445055246, 0.01970796473324299, -0.02474062889814377, 0.021345892921090126, 0.004355698358267546, -0.0076678781770169735, 0.003774498123675585, 0.023300837725400925, -0.02367069385945797, -0.016775546595454216, -0.019390948116779327, 0.010956942103803158, 0.015811283141374588, 0.044382549822330475, -0.01530933752655983, -0.0109833599999547, -0.008447214029729366, -0.00407500471919775, 0.010342719033360481, 0.007126305252313614, 0.007185745984315872, 0.01453000120818615, 0.014688510447740555, -0.02760700322687626, -0.6158607006072998, -0.025255784392356873, 0.009847378358244896, 0.008632142096757889, -0.011927810497581959, 0.007951873354613781, -0.002914255950599909, -0.0005807872512377799, -0.018836164847016335, 0.01651136577129364, -0.014146937988698483, 0.012218410149216652, -0.005660096183419228, -0.01842668280005455, 0.014556420035660267, -0.007971687242388725, 0.02824103832244873, -0.012158969417214394, -0.005960602778941393, 0.0012325734132900834, -0.014450746588408947, -0.0026814457960426807, -0.010778618976473808, 0.005679909605532885, 0.0042632343247532845, -0.016749128699302673, 0.025308620184659958, -0.022059183567762375, 0.018822956830263138, 0.03600798547267914, -0.03901965916156769, 0.035875894129276276, 0.015296128578484058, 0.0010872733546420932, 0.05125127732753754, 0.0023908456787467003, -0.042401187121868134, 0.017726602032780647, -0.009325618855655193, 0.05595371499657631, 0.0050491755828261375, 0.010316301137208939, 0.0029803013894706964, -0.00305130030028522, -0.030037475749850273, 0.010705969296395779, 0.048424530774354935, -0.00732444180175662, 0.015084783546626568, -0.0200249832123518, 0.009913424029946327, -0.02093641087412834, -0.010395555756986141, 0.013242115266621113, -0.02282531186938286, -0.027052219957113266, 0.028056111186742783, -0.004375511780381203, 0.008817069232463837, -0.00029080643435008824, -0.00793866440653801, 0.003728266339749098, -0.036060821264982224, -0.010223837569355965, -0.021491192281246185, 0.019800428301095963, 0.0054091233760118484, -0.028690148144960403, -0.008889718912541866, -0.02118738368153572, 0.01764734648168087, 0.015547101385891438, -0.006337061990052462, 0.01945699192583561, 0.00752257788553834, 0.031490474939346313, 0.0357966385781765, -0.017158610746264458, 0.0009295898489654064, 0.0047057392075657845, 0.007192350924015045, -0.01297132857143879, -0.029878966510295868, -0.023829203099012375, 0.03714396804571152, -0.015428219921886921, -0.02434435673058033, -0.017634138464927673, 0.022138439118862152, 0.009087854996323586, 0.017871901392936707, 0.002770607126876712, 0.0004507602716330439, 0.004187282174825668, 0.01931169256567955, 0.03373602032661438, -0.002351218368858099, 0.008559491485357285, 0.015256501734256744, -0.03138480335474014, -0.030143149197101593, -0.0031751354690641165, -0.00117148132994771, -0.004481184296309948, 0.03904607519507408, 0.002673190087080002, -0.023961292579770088, 0.00410142308101058, 0.028425967320799828, -0.011458887718617916, -0.042929548770189285, 0.01238352432847023, -0.007337650749832392, 0.004335884470492601, -0.012707146815955639, -0.02561243064701557, 0.019496619701385498, -0.01693405583500862, 0.0024717513006180525, -0.007542391773313284, 0.011201309971511364, -0.016564201563596725, 0.01006532832980156, 0.002854814985767007, -0.012099528685212135, -0.005627073347568512, -0.01693405583500862, -0.017673766240477562, 0.0004619054379872978, 0.023089492693543434, 0.003992448095232248, -0.019139975309371948, 0.018294593319296837, -0.006488966755568981, 0.01453000120818615, -0.005475168582051992, 0.006148832384496927, -0.0011483654379844666, 0.012925096787512302, 0.0014389654388651252, 0.010481414385139942, 0.010144582949578762, 0.003695243503898382, 0.013658201321959496, 0.025414293631911278, -0.009629428386688232, -0.010778618976473808, -0.0001742980966810137, -0.01884937472641468, 0.01562635600566864, -0.022481875494122505, -0.009101064875721931, 0.007562205195426941, -0.012601474300026894, -0.003890077583491802, -0.00532326428219676, 0.0019896195735782385, -0.017277492210268974, -0.010785223916172981, -0.01924564689397812, -0.011207914911210537, 0.022098811343312263, -0.019232438877224922, -0.014001637697219849, -0.010943733155727386, -0.015864118933677673, -0.017739810049533844, 0.02093641087412834, -0.011478700675070286, -0.04192565754055977, -0.021517612040042877, 0.0009403222356922925, -0.021213801577687263, 0.005861534737050533, -0.0010616807267069817, 0.01110884640365839, -0.022059183567762375, -0.010930524207651615, -0.014107310213148594, 0.0029885570984333754, 0.011736278422176838, 0.00851986464112997, 0.021253429353237152, -0.025731312111020088, 0.04234835132956505, 0.029931802302598953, 0.03246795013546944, 0.030882857739925385, -0.03344542160630226, 0.040129221975803375, -0.001872388762421906, 0.0023743342608213425, -0.03777800500392914, -0.019073929637670517, 0.003356760600581765, 0.025242574512958527, 0.017779437825083733, 0.020315583795309067, -0.012515614740550518, 0.02164970152080059, -0.015335756354033947, 0.005953998304903507, 0.025242574512958527, -0.017171820625662804, -0.011789115145802498, -0.033366166055202484, -0.009451105259358883, -0.025453921407461166, 0.017383165657520294, -0.000302983564324677, 0.022191274911165237, -0.014463955536484718, 0.009213341400027275, -0.012251432985067368, -0.0019285274902358651, 0.007463137153536081, -0.0013209092430770397, -0.0011566211469471455, -0.027157893404364586, 0.015150828287005424, -0.01050783321261406, 0.01263449713587761, 0.0044118366204202175, 0.004682623315602541, -0.003008370753377676, 0.010355927981436253, 0.010091746225953102, 0.02377636544406414, -0.023485766723752022, -0.01141265593469143, -0.0006195890018716455, 0.025916239246726036, -0.008922741748392582, -0.007628250867128372, 0.003427759511396289, 0.007443323265761137, 0.024463238194584846, 0.0029753479175269604, 0.024159429594874382, -0.03320765867829323, 0.004550532437860966, 0.02693333849310875, 0.009523755870759487, -0.02760700322687626, 0.009266178123652935, 0.028425967320799828, 0.017185028642416, 0.026920130476355553, -0.002910953713580966, 0.014596046879887581, -0.019496619701385498, 0.01672271080315113, -0.0031916468869894743, -0.02413301169872284, 0.007390487007796764, -0.011478700675070286, -0.01376387383788824, 0.019113555550575256, 0.02550675719976425, 0.012951514683663845, 0.025810565799474716, -0.012575055472552776, 0.041899241507053375, -0.008460423909127712, 0.01380350161343813, 0.015599938109517097, -0.00742350984364748, -0.022547921165823936, -0.005210986826568842, -0.018347429111599922, 0.011604187078773975, -0.02381599321961403, -0.009061437100172043, -0.02501802146434784, 0.010818246752023697, 0.007053655106574297, 0.010309696197509766, 0.013466669246554375, 0.032600037753582, 0.024938765913248062, -0.016115091741085052, -0.0006567395757883787, 0.017488837242126465, 0.007093282416462898, 0.017026519402861595, -0.019496619701385498, 0.0027045616880059242, 0.01878332905471325, -0.008546282537281513, 0.01779264770448208, 0.011432468891143799, 0.012826028279960155, 0.0018492728704586625, -0.02402733825147152, -0.02884865738451481, -0.002096943324431777, 0.039600856602191925, 0.0008569398778490722, 0.0006043159519322217, 0.0019731081556528807, 0.012106132693588734, 0.026272883638739586, -0.019747592508792877, -0.01800399273633957, 0.01562635600566864, 0.005722839385271072, 0.004355698358267546, -0.03880831226706505, 0.026338929310441017, -0.0071791415102779865, -0.01245617400854826, -0.0015281268861144781, 0.012753378599882126, 0.0003970983379986137, -0.023300837725400925, -0.012112737633287907, -0.03267929330468178, -0.005762466695159674, 0.0076678781770169735, 0.019932519644498825, -0.0067894733510911465, -0.03315482288599014, -0.014001637697219849, 0.02271963842213154, 0.022336574271321297, -0.000936194381210953, -0.004524114076048136, -0.016484947875142097, 0.003576361807063222, 0.0016189393354579806, -0.020077820867300034, -0.022627174854278564, -0.004233513958752155, -0.00405849376693368, -0.007192350924015045, 0.008592514321208, 0.00928599201142788, 0.013526109978556633, 0.023023447021842003, -0.018651237711310387, 0.01511120144277811, -0.018070038408041, -0.00561716640368104, -0.021927092224359512, -0.02466137520968914, -0.015639565885066986, 0.0025576103944331408, 0.0276334211230278, 0.01760772056877613, 0.026061538606882095, -0.009259573183953762, -0.01987968385219574, 0.035030514001846313, -0.017171820625662804, 0.026299303397536278, 0.0026897015050053596, 0.0194834116846323, 0.013136441819369793, 0.003652313956990838, 0.04139729589223862, 0.01750204712152481, 0.02289135754108429, 0.005402518901973963, 0.013578946702182293, 2.4857345124473795e-05, 0.032969895750284195, -0.01725107431411743, -0.010336115024983883, 0.0005201079766266048, -0.013407228514552116, -0.009920028038322926, -0.0006835705135017633, 0.032441530376672745, 0.006584732327610254, -0.016498155891895294, 0.00999267864972353, -0.030592257156968117, 0.0030479980632662773, 0.025704894214868546, 0.006947982590645552, 0.008493445813655853, -0.013367601670324802, -0.010058723390102386, -0.03497767448425293, -0.00568651407957077, -0.012079714797437191, 0.020104238763451576, 0.005821907427161932, 0.0009155552252195776, -0.029852548614144325, -0.02866373024880886, 0.024687793105840683, -0.020275956019759178, -0.0006369259208440781, 0.004144352860748768, -0.01838705688714981, -0.0012300966773182154, 0.0242783110588789, 0.03328691050410271, 0.0322566032409668, 0.004751970991492271, 0.008103777654469013, 0.0004090690636076033, 0.03571738675236702, -0.023366883397102356, -0.01931169256567955, 0.0014984064036980271, 0.006941378116607666, 0.006221482530236244, -0.007839595898985863, 0.03278496861457825, 0.010303092189133167, 0.004299559630453587, 0.014913065358996391, 0.005561027675867081, -0.014820601791143417, 0.016854802146553993, -0.009920028038322926, 0.014886646531522274, 0.0033022731076925993, 0.02345934696495533, 0.023789575323462486, 0.0033782252576202154, -0.007350859697908163, 0.010904105380177498, -0.024212265387177467, -0.008282100781798363, 0.018307801336050034, -0.003939611837267876, 0.03360392898321152, 0.010884292423725128, 0.015481055714190006, -0.029641203582286835, -0.019470201805233955, 0.005177963990718126, -0.02293098345398903, 0.024066966027021408, -0.010752201080322266, 0.0008321728091686964, 0.016220765188336372, 0.014371491968631744, 0.04176715016365051, 0.022706428542733192, -0.0003477706341072917, -0.0020754786673933268, -0.028610894456505775, 0.02590302936732769, -0.015969792380928993, -0.028056111186742783, 0.011320192366838455, -0.009860587306320667, -0.018796538934111595, 0.002367729786783457, -0.0005419855588115752, 0.014226192608475685, 0.017145400866866112, -0.01604904793202877, -0.026735203340649605, -0.01863802969455719, -0.014714928343892097, 0.008955764584243298, 0.014477165415883064, 0.013453460298478603, 0.0017419490031898022, -0.032335858792066574, -0.01619434729218483, -0.004055191297084093, 0.009728495962917805, -0.04028772935271263, -0.02544071152806282, -0.012766587547957897, -0.01608867384493351, 0.0005820256192237139, 0.010421973653137684, 0.012958119623363018, 0.04329940304160118, -0.01884937472641468, -0.016326438635587692, -0.053602494299411774, -0.019826848059892654, -0.027765512466430664, -0.0006596290622837842, 0.011029591783881187, 0.011597583070397377, 0.022019555792212486, -0.010765410028398037, 0.038993239402770996, -0.018545566126704216, 0.0065946392714977264, 0.014450746588408947, 0.01376387383788824, -0.011406050994992256, -0.009153900668025017, 0.012040087953209877, 0.009398269467055798, 0.0037844048347324133, 0.025850193575024605, 0.011848555877804756, -0.023300837725400925, 0.022653592750430107, -0.011960833333432674, 0.002354520605877042, -0.032758548855781555, -0.05370816960930824, -0.010811641812324524, 0.02299702912569046, -0.017568092793226242, 0.016207555308938026, -0.024212265387177467, 0.005257218610495329, 0.03497767448425293, -0.013578946702182293, 0.018030410632491112, -0.019021091982722282, 0.029086420312523842, 0.01040215976536274, 0.004860945977270603, -0.019139975309371948, 0.003622593590989709, -0.012178783304989338, -0.013578946702182293, -0.033683184534311295, -0.028927911072969437, 0.002910953713580966, -0.0034079458564519882, 0.015282919630408287, 0.008955764584243298, 0.0019813638646155596, -0.011419259943068027, 0.017673766240477562, -0.004864247981458902, -0.0276334211230278, -0.03838562220335007, 0.005118523258715868, -0.01135981921106577, -0.022798893973231316, -0.0012152364943176508, -0.003318784525617957, -0.0018591796979308128, 0.02168932929635048, 0.011122055351734161, 0.01888900250196457, -0.027791930362582207, -0.005072291474789381, 0.012997746467590332, -0.022561129182577133, 0.03854412958025932, 0.009477524086833, 0.03553245961666107, 0.006287527736276388, 0.016603829339146614, -0.03283780440688133, -0.010923919267952442, -0.004969920963048935, 0.0021118035074323416, 0.03320765867829323, 0.03104136697947979, -0.009754914790391922, -0.023261211812496185, -0.006954587064683437, -0.020434465259313583, -0.022336574271321297, -0.006459245923906565, 0.014107310213148594, 0.007766946218907833, -0.013856337405741215, -0.014516792260110378, 0.0177133921533823, -0.02129305712878704, 0.006099298130720854, -0.016498155891895294, 0.008698186837136745, 0.007932059466838837, -0.0262200478464365, -0.03624574840068817, -0.0023908456787467003, -0.00968886911869049, 0.03769874945282936, 0.018162501975893974, 0.014688510447740555, -0.008500050753355026, 0.014001637697219849, -0.00827549584209919, 0.012119341641664505, 0.024080175906419754, 0.029509112238883972, -0.0256916843354702, 0.0028581172227859497, 0.01920601911842823, 0.025004811584949493, -0.001436488819308579, -0.0014199774013832211, 0.012806215323507786, 0.03032807633280754, 0.017673766240477562, 0.0023033353500068188, 0.001544638187624514, 0.01924564689397812, 0.008949159644544125, 0.01303737424314022, -0.019338110461831093, -0.020777901634573936, -0.014252610504627228, -0.0006947157089598477, 0.023221584036946297, 0.01007853727787733, -0.021808210760354996, -0.020500510931015015, -0.0223233662545681, 0.018519146367907524, -0.045201513916254044, -0.013829919509589672, -0.008420796133577824, -0.02887507528066635, -0.0029208604246377945, -0.017317119985818863, 0.006782868877053261, 0.03302273154258728, -0.016207555308938026, -0.015811283141374588, -0.008625537157058716, 0.02097603864967823, -0.04837169498205185, 0.009860587306320667, -0.005458657164126635, 0.008500050753355026, 0.001057552988640964, 0.004695832263678312, 0.003701847977936268, -0.011789115145802498, 0.0049203867092728615, -0.010626714676618576, -0.0318867489695549, 0.002139872871339321, 0.02182142063975334, 0.015560310333967209, -0.011016382835805416, -0.03267929330468178, 0.054157279431819916, -0.009028414264321327, 0.0005820256192237139, -0.023961292579770088, -0.012357105500996113, 0.03526827692985535, -0.018730493262410164, -0.012264641933143139, -0.03104136697947979, 0.005679909605532885, -0.024185847491025925, -0.0031966003589332104, 0.0028399548027664423, 0.002767304889857769, -0.01052764616906643, -0.022759266197681427, 0.013202487491071224, 0.012178783304989338, -0.0194834116846323, -0.0209099929779768, -0.03246795013546944, -0.02445003017783165, -0.025401083752512932, 0.03043374791741371, 0.02742207609117031, 0.016075465828180313, -0.00788582768291235, 0.018915420398116112, 0.004388720728456974, 0.01305718719959259, -0.018968256190419197, -0.014411119744181633, -0.03405303880572319, -0.01711898297071457, -0.017105774953961372, -0.005009548272937536, -0.000643943261820823, 0.04226909577846527, 0.023181956261396408, -0.0008907881565392017, -0.015679191797971725, -0.02316874824464321, -0.03997071459889412, -0.010375741869211197, -0.015124410390853882, 0.029403438791632652, 0.05064366012811661, 0.013466669246554375, -0.0026286093052476645, 0.02398771233856678, 0.0036721276119351387, 0.011881578713655472, -0.03907249495387077, -0.016564201563596725, -0.0007896560709923506, -0.027976857498288155, 0.030354494228959084, -0.011822137050330639, -0.016286810860037804, 0.010210628621280193, -0.005247311666607857, -0.0002654201816767454, 0.02005140110850334, 0.026378557085990906, 0.010996568948030472, -0.02228373847901821, -0.01516403816640377, -0.03217734768986702, -0.01962871104478836, -0.00444816192612052, 0.037223223596811295, -0.025150110945105553, -0.020526928827166557, 0.02215164713561535, -0.004973223432898521, 0.01615471951663494, 0.009385059587657452, 0.03558529540896416, -0.007146118674427271, 0.012046691961586475, -0.020183492451906204, -0.00962282344698906, -0.012357105500996113, -0.03164898604154587, 0.026814457029104233, -0.012621287256479263, 0.01180232409387827, 0.0421634204685688, 0.0027342820540070534, -0.0005663398187607527, -0.002072176430374384, 0.01779264770448208, -0.0029258138965815306, 0.011505119502544403, 0.012944910675287247, -0.029139257967472076, -0.01729070208966732, -0.003919797949492931, 0.024582119658589363, -0.005151546094566584, 0.0030232309363782406, -0.008817069232463837, 0.006257807370275259, -0.010223837569355965, -0.012158969417214394, 0.0028366525657474995, -0.010798432864248753, -0.013856337405741215, 0.04765840619802475, 0.005442146211862564, 0.00407500471919775, -0.03230943903326988, -0.015850910916924477, -0.020077820867300034, -0.02295740135014057, 0.004761877935379744, -0.008830278180539608, -0.04839811474084854, -0.003097532084211707, 0.012608078308403492, 0.014701719395816326, -0.013790292665362358, 0.20532213151454926, 0.018122874200344086, -0.01541501097381115, -0.0006876983679831028, -0.01355252880603075, -0.005703025497496128, 0.002707863925024867, 0.007773550692945719, -0.013050583191215992, 0.04047266021370888, -0.015150828287005424, 0.029509112238883972, 0.02522936649620533, -0.006125716492533684, -0.008031127974390984, 0.006683800835162401, -0.04337865859270096, -0.02476704865694046, -0.033260494470596313, -0.009167109616100788, 0.0009213341982103884, 0.010369136929512024, 0.002308288821950555, -0.004560438916087151, 0.028584474697709084, 0.000673663686029613, -0.0008342367364093661, -0.0019797126296907663, 0.004560438916087151, -0.013268533162772655, -0.01956266537308693, -0.01676233857870102, 0.02639176696538925, -0.003946216311305761, -0.006604546215385199, -0.007304627913981676, 0.033392585813999176, 0.0025856797583401203, 0.0033716207835823298, 0.005726141389459372, -0.009966259822249413, -0.039389513432979584, 0.031014949083328247, -0.02728998474776745, 0.001106261508539319, -0.015679191797971725, -0.004048586823046207, -0.01817570999264717, 0.033894531428813934, 0.01305718719959259, -0.023340465500950813, 0.008902927860617638, 0.013512901030480862, -0.008902927860617638, -0.012053296901285648, -0.04974544048309326, 0.013136441819369793, 0.004137747921049595, -0.006967796012759209, 0.011934414505958557, -0.010824850760400295, 0.005831814371049404, 0.03051300346851349, 0.029561948031187057, -0.007245187181979418, 0.007198955398052931, -0.0013110024156048894, -0.010303092189133167, 0.016484947875142097, -0.00162306718993932, 0.0026500741951167583, -0.01084466464817524, 0.03376244008541107, 0.014569628983736038, 0.01227785088121891, -0.02105529233813286, 0.018188919872045517, 0.007529182359576225, 0.028108948841691017, 0.02083073928952217, 0.010633319616317749, -0.0030661604832857847, -0.006528593599796295, 0.021240219473838806, -0.03444931283593178, -0.006287527736276388, 0.012409942224621773, -0.009398269467055798, 0.002605493413284421, -0.0053100548684597015, 0.008658559992909431, 0.002745839999988675, -0.024106593802571297, -0.008348146453499794, -0.014556420035660267, 0.0209099929779768, 0.0003242419334128499, 0.03682694956660271, 0.006842309609055519, -0.0032725525088608265, -0.026444602757692337, 0.05859553441405296, 0.010712573304772377, 0.003860357217490673, -0.007648064289242029, -0.006588034797459841, 0.02154402993619442, 0.0253350380808115, -0.020962828770279884, 0.0030265331733971834, -0.018400264903903008, -0.044171202927827835, -0.005980416666716337, -0.016775546595454216, 0.02760700322687626, 0.02438398450613022, -0.006089391652494669, -0.014490374363958836, -0.027237148955464363, -0.0025444014463573694, -0.002508076373487711, -0.02451607584953308, -0.015190456062555313, -0.005851627793163061, 0.0029984640423208475, -0.009807750582695007, -0.00976151879876852, 0.005960602778941393, 0.00610260060057044, -0.03645709529519081, 0.00781317800283432, -0.024951975792646408, -0.020077820867300034, 0.002380938967689872, 0.017105774953961372, 0.02040804736316204, 0.011115451343357563, -0.029852548614144325, -0.0104549964889884, -5.619024159386754e-05, 0.019575875252485275, -0.0014430932933464646, 0.015071574598550797, -0.002415612805634737, -1.2112634067307226e-05, -0.004527416545897722, -0.014160146936774254, -0.011082428507506847, -0.002686399035155773, -0.01920601911842823, 0.006366782356053591, -0.016603829339146614, 0.022732848301529884, -0.013895965181291103, 0.01640569232404232, -0.007978291250765324, 0.025731312111020088, -0.02175537496805191, -0.009569987654685974, -0.010322905145585537, -0.037328895181417465, -0.008751023560762405, 0.008295309729874134, 0.005485075525939465, -0.025348247960209846, -0.018479520455002785, -0.1654835045337677, 0.018188919872045517, 0.01608867384493351, -0.03532111272215843, -0.0028333503287285566, 0.0051878709346055984, 0.01991931162774563, -0.008169823326170444, 0.01084466464817524, -0.028108948841691017, 0.018030410632491112, -0.027580585330724716, -0.03135838359594345, -0.016683083027601242, -0.009583196602761745, 0.027448493987321854, 0.04007638618350029, 0.005349682178348303, 0.032335858792066574, 0.0026913525070995092, 0.02895433083176613, -0.033392585813999176, -0.0109833599999547, -0.032758548855781555, -0.014001637697219849, 0.013724246993660927, -0.0024090080987662077, 0.007766946218907833, 0.0048741549253463745, -0.004715645685791969, -0.03186032921075821, 0.010785223916172981, 0.019007883965969086, 0.010388950817286968, 0.023181956261396408, 0.009768123738467693, 0.014094101265072823, -0.00981435552239418, -0.015481055714190006, 0.007859409786760807, 0.007020632270723581, 0.026286093518137932, -0.0006072054384276271, -0.000998112023808062, 0.008394378237426281, 0.031939584761857986, 0.001736995647661388, 0.00988700520247221, 0.012819424271583557, 0.00016387530195061117, 0.011927810497581959, -0.029826130717992783, -0.012832633219659328, 0.009999282658100128, 0.009629428386688232, 0.0105408551171422, -0.002255452563986182, -0.0016635200008749962, 0.007932059466838837, -0.031516894698143005, 0.009834169410169125, -0.005042571108788252, -0.02728998474776745, 0.013367601670324802, -0.01853235624730587, 0.006759752985090017, -0.00890953280031681, 0.007000818848609924, -0.05780298635363579, 0.007740527857095003, -0.01775301992893219, -0.0026286093052476645, 0.014041264541447163, -0.010362532921135426, 0.001574358670040965, 0.004259932320564985, -0.010421973653137684, -0.0017056240467354655, 0.018096456304192543, 0.011835346929728985, 0.0024634955916553736, 0.018347429111599922, -0.00739709148183465, 0.020289165899157524, -0.0007339302101172507, 0.00864535104483366, 0.01118149608373642, -0.006809287238866091, -0.00319825136102736, -0.004864247981458902, 0.0013712688814848661, -0.023551810532808304, -0.00019225421419832855, -0.02019670233130455, -0.006663986947387457, 0.007945269346237183, 0.004157561808824539, 0.010712573304772377, 0.0027177706360816956, -0.011709860526025295, 0.02876940369606018, 0.0058186049573123455, -0.05191173404455185, 0.008004710078239441, 0.0645132064819336, 0.020275956019759178, 0.012211806140840054, 0.0026764923240989447, 0.016894428059458733, -0.01250901073217392, -0.037328895181417465, -0.0020919900853186846, -0.003414550330489874, 0.034317221492528915, 0.008017919026315212, 0.02927134744822979, 0.019219228997826576, 0.006667289417237043, -0.0010220535332337022, 0.011841950938105583, 0.04160863906145096, -0.012145760469138622, -0.0037976140156388283, -0.011756092309951782, 0.020434465259313583, 0.012938305735588074, -0.06889862567186356, -0.036589186638593674, 0.020685438066720963, 0.014226192608475685, -0.023789575323462486, 5.959570989944041e-05, -0.010976755991578102, 0.035849474370479584, 0.0016858103917911649, 0.01640569232404232, -0.036721277981996536, -0.028320293873548508, 0.002775560598820448, -0.004979827906936407, -0.004956712014973164, 0.010857873596251011, -0.013671410270035267, 0.013043978251516819, 0.012178783304989338, 0.029561948031187057, -0.002139872871339321, -0.022627174854278564, -0.005709629971534014, 0.004950107075273991, -0.02526899427175522, 0.004936898127198219, -0.025770938023924828, 0.002016037702560425, 0.0067234281450510025, -0.0066705914214253426, 0.009015205316245556, 0.0006798554677516222, 0.02752774767577648, 0.0006715997587889433, 0.0002619115402922034, -0.014543210156261921, -0.01066634152084589, 0.003890077583491802, 0.05452713370323181, -0.006330457516014576, -0.0019863173365592957, -0.006677195895463228, 0.023327257484197617, -0.037540238350629807, -0.016286810860037804, -0.0170133113861084, -0.025599220767617226, 0.041159532964229584, 0.00644933944568038, -0.015494265593588352, -0.020117446780204773, 0.009860587306320667, 0.014741347171366215, -0.012357105500996113, 0.050722915679216385, 0.016709500923752785, 0.030988531187176704, 0.028003275394439697, -0.013407228514552116, 0.004279745742678642, 0.0017485535936430097, -0.017488837242126465, 0.015533892437815666, 0.02211202122271061, 0.021570447832345963, 0.0036126866471022367, -0.013460065238177776, 0.0015206967946141958, -0.007430114317685366, -0.01884937472641468, -0.003962727729231119, -0.01206650584936142, -0.04586196690797806, -0.022230902686715126, -0.016432110220193863, 0.006413014139980078, 0.0020705251954495907, -0.011544746346771717, 0.02118738368153572, 0.0017320421757176518, -0.006584732327610254, -0.005792187061160803, -0.02182142063975334, 0.007370673585683107, 0.019192811101675034, 0.022191274911165237, 0.008282100781798363, 0.020064610987901688, -0.0013539319625124335, -0.0485566221177578, 0.0210817102342844, 0.0012300966773182154, 0.0060200439766049385, -0.016881220042705536, 0.009068042039871216, 0.00420049112290144, -0.002588981995359063, -0.009404873475432396, -0.015190456062555313, 0.0024717513006180525, -0.03273212909698486, -0.029746875166893005, -0.04897931218147278, 0.010164396837353706, 0.004174073226749897, -0.0033716207835823298, -0.00884348712861538, 0.005676607135683298, -0.014992319978773594, -0.024687793105840683, 0.014622464776039124, 0.020117446780204773, -0.02215164713561535, 0.007060259580612183, -0.007978291250765324, -0.009470919147133827, 0.004695832263678312, 0.02200634777545929, 0.033260494470596313, -0.0058912551030516624, -0.00629743468016386, 0.0025856797583401203, 0.023551810532808304, 0.0020903388503938913, 0.017634138464927673, 0.009213341400027275, -0.012872260063886642, -0.0029456275515258312, -0.01007853727787733, 0.013988428749144077, -0.009167109616100788, -0.022838519886136055, 0.008995391428470612, -0.01587732881307602, 0.01355252880603075, 0.020381629467010498, 0.017343537881970406, -0.03582305833697319, 0.011419259943068027, 0.04929633066058159, 0.005950695835053921, 0.011379633098840714, -0.053602494299411774, -0.027686256915330887, -0.0035433389712125063, -0.02194030210375786, -0.013869546353816986, -0.014212983660399914, -0.029086420312523842, -0.002948929788544774, -0.0006422920851036906, -0.0035895707551389933, 0.03175465762615204, 0.017766229808330536, -0.03540036827325821, -0.02324800193309784, -0.015150828287005424, -0.047394223511219025, 0.004669413901865482, 0.01800399273633957, -0.017145400866866112, -0.005580841563642025, 0.04213700443506241, -0.002009433228522539, -0.0005675781867466867, 0.00219766260124743, 0.021002456545829773, -0.006535198539495468, -0.01686801016330719, 0.01091071031987667, 0.031939584761857986, -0.012925096787512302, -0.007608436979353428, -0.013526109978556633, 0.01006532832980156, 0.01970796473324299, 0.005570934619754553, -0.011835346929728985, -0.03299631178379059, -0.006003532558679581, -0.013327973894774914, 0.010864478535950184, 0.013605364598333836, -0.02927134744822979, -0.02929776720702648, 0.0025410992093384266, 0.016630247235298157, 0.023089492693543434, 0.016141511499881744, 0.029509112238883972, 0.019998565316200256, -0.0008263938361778855, -0.023366883397102356, -0.003665523137897253, -0.010303092189133167, 0.026484230533242226, -0.00549167999997735, -0.005369496066123247, -0.030565839260816574, 0.012244828045368195, 0.0368533656001091, 0.016286810860037804, 0.011207914911210537, 0.0007454881560988724, 0.0036919412668794394, -0.029007166624069214, -0.026101166382431984, -0.005260521080344915, -0.032124511897563934, -0.033894531428813934, -0.005415727850049734, -0.001682508154772222, -0.0157716553658247, -0.004530718550086021, 0.011042800731956959, 0.00807735975831747, 0.012284455820918083, 0.007535787299275398, 0.013777082785964012, -0.006366782356053591, -0.03209809586405754, 0.003715057158842683, 0.03569096699357033, 0.011841950938105583, -0.004818016197532415, -0.04123878479003906, 0.037962932139635086, 0.025770938023924828, 0.0015561961336061358, -0.011914601549506187, 0.008784046396613121, -0.01768697425723076, -0.007245187181979418, -0.0072055598720908165, -0.02164970152080059, -0.012601474300026894, 0.0006365131121128798, -0.007258396130055189, -0.0024255195166915655, -0.020368419587612152, 0.0013506297254934907, 0.07603153586387634, -0.007014027796685696, 0.009556777775287628, 0.0023627763148397207, 0.021742165088653564, 0.013948800973594189, 0.005286938976496458, 0.022508293390274048, -0.0025658661033958197, -0.02529541216790676, 0.013096814975142479, -0.019258856773376465, -0.005230800714343786, -0.0322566032409668, -0.010349323973059654, 0.01155135128647089, 0.0022802194580435753, 0.006796077825129032, 0.01566598378121853, -0.025401083752512932, 0.00420049112290144, 0.013341182842850685, 0.0100124916061759, -0.0035730593372136354, -0.0067696599289774895, 0.03706471249461174, 0.019496619701385498, 0.013671410270035267, -0.011511723510921001, -0.04742063954472542, 0.03241511061787605, 0.02371031977236271, -0.031622566282749176, 0.0011434120824560523, 0.0036787320859730244, -0.000497817643918097, -0.01636606454849243, -0.026603111997246742, 0.014556420035660267, 0.012462778016924858, -0.012337292544543743, -0.001620590453967452, -0.015547101385891438, -0.021240219473838806, -0.011293773539364338, -0.02363106608390808, -0.017528465017676353, -0.018122874200344086, -0.03360392898321152]","[-0.013405499048531055, 0.0033853300847113132, 0.0025653126649558544, -0.03490591049194336, -0.02323891595005989, 0.0007308849599212408, -0.016244150698184967, -0.030179351568222046, -0.020685486495494843, -0.01138177141547203, -0.007864016108214855, 0.002393839182332158, -0.02448846586048603, 0.016284897923469543, 0.004152716603130102, 0.014994600787758827, 0.018865490332245827, 0.002140873111784458, 0.004930289927870035, -0.00039133327663876116, -0.019014893099665642, 0.012984455563127995, 0.011245951056480408, -0.03574799746274948, -0.014845198020339012, -0.0007206983864307404, 0.00734110688790679, -0.021826380863785744, -0.015646539628505707, 0.004193462897092104, 0.004359843209385872, 0.024678613990545273, -0.026539357379078865, -0.022858617827296257, -0.0019626086577773094, -0.0050389464013278484, 0.008210359141230583, -0.02598249353468418, 0.01657012104988098, 0.0023598840925842524, 0.02698756568133831, 0.006712936330586672, -0.001949026482179761, -0.019734742119908333, -0.01966683194041252, 0.00858386605978012, 0.013636394403874874, -0.023496974259614944, -0.0051849535666406155, 0.018254296854138374, 0.010763787664473057, 0.015687286853790283, -0.02162265032529831, 0.002314044628292322, 0.008719686418771744, -0.01970757730305195, -0.0015644842060282826, 0.0022138766944408417, -0.017901163548231125, 0.020875636488199234, 0.006797824054956436, 0.004397193901240826, -0.0011926752049475908, 0.009785878472030163, -0.0069166673347353935, -0.016475046053528786, -0.00845483597368002, 0.0008276571752503514, -0.017670268192887306, -0.002142570912837982, 0.013235723599791527, 0.008475209586322308, 0.013181394897401333, -0.018783997744321823, 0.01608116552233696, 0.02167697809636593, -0.031836364418268204, -0.02596891112625599, -0.007130584679543972, 0.009303715080022812, 0.010947145521640778, -0.014288333244621754, -0.025344135239720345, 0.02383652701973915, 0.014369825832545757, -0.004169694148004055, 0.008692522533237934, 0.01105580199509859, -0.005595811177045107, -0.01815922185778618, -0.006987973116338253, 0.014274751767516136, 0.028223533183336258, 0.005578833632171154, -0.0008403903339058161, 0.006125512067228556, 0.0029473083559423685, 0.01627131551504135, -0.014546392485499382, -0.028332190588116646, -0.014193259179592133, 0.018743250519037247, -0.015388481318950653, -0.005344543140381575, -0.031782034784555435, -0.020658323541283607, -0.00780289713293314, -0.016244150698184967, 0.012176322750747204, 0.008305433206260204, -0.01408460270613432, 0.017194895073771477, 0.007110211532562971, -0.020712651312351227, -0.009215432219207287, -0.02359204925596714, 0.006987973116338253, 0.0018641386413946748, 0.011646621860563755, -0.03305874764919281, 0.0022970668505877256, 0.02705547586083412, 0.0328957661986351, -0.010519309900701046, 0.027177713811397552, 0.022138768807053566, -0.04031157121062279, 0.015198332257568836, -0.010139012709259987, -0.030342336744070053, 0.039876945316791534, 0.036671578884124756, -0.012672067619860172, 0.010403863154351711, -0.005249468609690666, 0.03161904960870743, 0.0038878663908690214, 0.0031340618152171373, -0.024882344529032707, -0.014315498061478138, 0.011789233423769474, 0.016773851588368416, -0.01337154395878315, 0.0023819548077881336, -0.009493864141404629, 0.01786041632294655, 0.00036820131936110556, 0.008169612847268581, -0.010621176101267338, -0.010777369141578674, 0.0006451481604017317, 0.006298683118075132, 0.001467711990699172, 0.020210115239024162, 0.007999837398529053, 0.026498612016439438, -0.01810489408671856, 0.025126822292804718, -0.020984292030334473, -0.0029931478202342987, -0.010553265921771526, 0.01631206087768078, 0.010213714092969894, -0.03569367155432701, 0.028196370229125023, 0.030342336744070053, 0.0006260483642108738, -0.013683931902050972, 0.00708983838558197, -0.006648421287536621, 0.005775773897767067, 0.029500247910618782, -0.02514040470123291, 0.02389085479080677, 0.021717723459005356, -0.0009617800824344158, -0.014899526722729206, -0.02602323889732361, -0.010023565031588078, 0.002011843491345644, -0.020576830953359604, 0.00970438588410616, 0.00634622061625123, 0.00755162863060832, -0.01304557453840971, 0.005303796846419573, 0.004957454279065132, -0.013908036053180695, -0.002538148546591401, 0.008176404051482677, 0.03781247138977051, 0.02816920541226864, 0.004631484393030405, -0.006658608093857765, -0.6436812877655029, -0.012726396322250366, 0.019870562478899956, -0.007904762402176857, -0.007361480034887791, 0.027367863804101944, -0.018661759793758392, 0.021663395687937737, 0.001741899992339313, 0.05807691439986229, 0.0022783915046602488, 0.017466537654399872, 0.0024227011017501354, -0.020875636488199234, 0.0026960400864481926, -0.00046688353177160025, 0.007354688830673695, -0.03210800513625145, -0.005595811177045107, 0.008719686418771744, 0.010125430300831795, 0.014872362837195396, -0.027449356392025948, 0.009256178513169289, 0.0019897727761417627, -0.007816479541361332, 0.025602195411920547, -0.010043937712907791, 0.0015984394121915102, 0.0186481773853302, -0.024855181574821472, 0.006560137961059809, 0.021785633638501167, 0.005813124123960733, 0.049900513142347336, -0.031890690326690674, -0.0016485232627019286, 0.008835134096443653, 0.0267430879175663, -0.00011650866508716717, -0.01367034949362278, -0.013140649534761906, 0.018661759793758392, 0.006685771979391575, -0.016692359000444412, 0.0007669623009860516, 0.024678613990545273, -0.009337670169770718, 0.008149240165948868, 0.009799460880458355, -0.01601325534284115, -0.01829504407942295, -0.0030491738580167294, -0.009785878472030163, 0.004600924905389547, 0.007782523985952139, 0.009616103023290634, 0.010967518202960491, 0.0010432724375277758, 0.011191622354090214, -0.022600557655096054, 0.015931764617562294, -0.04392440244555473, -0.01470937766134739, -0.006692563183605671, -0.012950500473380089, -0.024393390864133835, -0.0061323028057813644, 0.02459712140262127, -0.020087875425815582, 0.0267430879175663, -0.0007614445639774203, -0.01905563846230507, -0.010967518202960491, 0.007117002736777067, 0.016488628461956978, 0.032678451389074326, -0.005521109793335199, -0.024678613990545273, -0.0002453260822221637, 0.016216987743973732, 0.009731550700962543, 0.007585584186017513, -0.017371462658047676, 0.04623335227370262, 0.0003943043702747673, -0.023198168724775314, -0.001782646169885993, -0.011816397309303284, -0.03949664905667305, -0.0038029784336686134, 0.013052365742623806, -0.019517429172992706, 0.009276551194489002, 0.0027656482998281717, 0.04338112100958824, 0.008570283651351929, -0.00243458547629416, 0.014546392485499382, -0.04153395816683769, -0.011517591774463654, 0.015592211857438087, -0.008794387802481651, 0.0007122096139937639, 0.030070694163441658, 0.0008289304678328335, 0.010580429807305336, 0.007734986953437328, 0.022261006757616997, -0.021704141050577164, 0.005945549346506596, -0.0015254358295351267, 0.006702749524265528, 0.016407135874032974, -0.028250698000192642, -0.045364100486040115, 0.012943709269165993, -0.003208763198927045, -0.009446326643228531, -0.030478157103061676, 0.01815922185778618, 0.008984536863863468, 0.010818115435540676, -0.006560137961059809, -0.0033887254539877176, 0.0029931478202342987, -0.004315701778978109, -0.010383489541709423, -0.01468221377581358, -0.009120357222855091, 0.008264686912298203, -0.003633202752098441, 0.035231880843639374, 0.0014201748417690396, 0.009364834986627102, -0.011789233423769474, -0.014750123955309391, -0.00983341597020626, 0.00807453878223896, -0.027775324881076813, -0.027313536033034325, 0.009147522039711475, 0.012712813913822174, -0.017018329352140427, -0.03824709728360176, -0.025778761133551598, -0.012217069044709206, 0.030722633004188538, -0.017385045066475868, -0.010254460386931896, 0.0006052508251741529, -0.012366470880806446, -0.020115040242671967, 0.014193259179592133, -0.0101593853905797, 0.005297005642205477, -0.00016574365145061165, -0.03151039406657219, -0.012441172264516354, -0.015456391498446465, 0.028033385053277016, 0.015347735024988651, -0.005813124123960733, 0.011537965387105942, 0.00976550579071045, -0.025642940774559975, 0.005232491064816713, 0.003731672652065754, -0.0042002541013062, -0.015632959082722664, -0.0009422558359801769, -0.009867371059954166, -0.005385289434343576, 0.019639667123556137, -0.007762150838971138, -0.0050695063546299934, -0.03335755318403244, 0.0010169572196900845, -0.004933685529977083, -0.013303633779287338, -0.015986092388629913, 0.018390117213129997, -0.0011587199987843633, -0.006865734700113535, 0.0032444160897284746, -0.009296923875808716, -0.010111847892403603, 0.010947145521640778, -0.015361316502094269, 0.00503215566277504, 0.019748324528336525, 0.02644428238272667, -0.0028810957446694374, 0.012529456056654453, 0.003500777529552579, 0.004383611958473921, 0.013011619448661804, 0.02144608274102211, -0.010553265921771526, 0.02466503158211708, 0.0129301268607378, 0.012916545383632183, 0.03449844941496849, -0.005768982693552971, 0.003779209917411208, -0.02734069898724556, 0.011361398734152317, -0.022301752120256424, 0.011008264496922493, 0.022709215059876442, 0.004485477227717638, -0.014396990649402142, 0.00875364150851965, -0.018675340339541435, 0.034878745675086975, -0.003487195586785674, -0.001909978105686605, 0.007069465704262257, 0.004930289927870035, 0.0023768616374582052, -0.005517714191228151, -0.00588443037122488, 0.010879235342144966, 0.018688922747969627, -0.018851907923817635, 0.02769383229315281, 0.010947145521640778, -0.0017452954780310392, 0.008617821149528027, -0.025031747296452522, 0.012359680607914925, 0.02429831586778164, 0.003465124638751149, -0.0020491941832005978, 0.012108411639928818, 0.004010105039924383, 0.015048929490149021, -0.032433975487947464, 0.010193340480327606, -0.008278269320726395, 0.014505647122859955, 0.031537558883428574, 0.0005390382721088827, -0.004251186735928059, 0.06394436955451965, 0.027707414701581, 0.042620524764060974, 0.03716053441166878, 0.01147005520761013, 0.007965882308781147, 0.006950622424483299, 0.004027082584798336, -0.003935403656214476, 0.011653413064777851, 0.0038505156990140676, -0.012230650521814823, 0.02054966613650322, 0.009989609941840172, 0.030776962637901306, -0.0030916177202016115, -0.004135739058256149, 0.008203567937016487, 0.0035279416479170322, 0.005667116958647966, 0.037622325122356415, -0.007123793940991163, -0.03170054405927658, -0.0007941264193505049, -0.018811162561178207, -0.014451318420469761, -0.012223859317600727, -0.03610113263130188, -0.00422741798684001, -0.014125349000096321, -0.0019846793729811907, 0.0018760228995233774, -0.016094747930765152, -0.00907961092889309, 0.023850107565522194, 0.006563533563166857, -0.03055964969098568, -0.04522828012704849, 0.01191147230565548, 0.007945508696138859, -0.01590459980070591, -0.034579940140247345, 0.00804058276116848, -0.007144166622310877, 0.0029116554651409388, 0.022125186398625374, 0.007137375883758068, 0.007646703161299229, 0.011748487129807472, -0.002606058958917856, -0.009174685925245285, -0.0033666547387838364, 0.028685323894023895, -0.015510719269514084, 0.03390083834528923, -0.007558419834822416, 0.009697595611214638, 0.00937841646373272, -0.015891017392277718, 0.008855506777763367, 0.027748161926865578, 0.012685650028288364, 0.0018573475535959005, -0.006274914834648371, -0.008835134096443653, -0.02067190408706665, -0.01620340533554554, -0.020862054079771042, -0.024746524170041084, -0.011008264496922493, 0.008794387802481651, -0.016651613637804985, -0.001173150958493352, -0.0030152187682688236, 0.02097070962190628, -0.02806054800748825, -0.019042056053876877, -0.012665276415646076, -0.007069465704262257, 0.012060875073075294, 0.028549503535032272, 0.002373466035351157, 0.011931844986975193, 0.027979057282209396, -0.007734986953437328, 0.006190026644617319, -0.014315498061478138, -0.013222141191363335, -0.0013055760646238923, 0.0008255349821411073, 0.011293487623333931, 0.006193422246724367, -0.013412290252745152, -0.015619375742971897, -0.0066246530041098595, -0.01060080248862505, 0.002490611281245947, -0.021581903100013733, -0.0005504981381818652, -0.014872362837195396, 0.01269244123250246, 0.02019653283059597, 0.0046111117117106915, 0.017941908910870552, 0.03020651452243328, 0.03563934192061424, 0.011266323737800121, 0.0002370495058130473, 0.008631403557956219, -0.009989609941840172, -0.0029710771050304174, 0.01530698873102665, 0.010206922888755798, -0.0010806231293827295, 0.0027588570956140757, 0.02596891112625599, -0.008950581774115562, 0.020712651312351227, -0.0023598840925842524, -0.004186671692878008, -0.006190026644617319, 0.016244150698184967, -0.0007720555877313018, 0.005765587091445923, -0.002032216638326645, -0.02901129424571991, -0.011368189007043839, 0.02508607693016529, 0.02211160399019718, -0.003969358745962381, 0.03205367550253868, 0.015239078551530838, -0.005701072514057159, 0.015795942395925522, -0.000880287669133395, -0.0007274894160218537, 0.018512357026338577, -0.011687368154525757, -0.001174848759546876, -0.040175750851631165, 0.004088202025741339, -0.02524906024336815, 0.005385289434343576, 0.011755278334021568, -0.012896171770989895, -0.007993046194314957, -0.024040257558226585, -0.0055414829403162, -0.024284735321998596, -0.0032834645826369524, -0.011537965387105942, -0.028033385053277016, -0.04919424280524254, 0.028848309069871902, 0.01984339952468872, 0.0019014892168343067, 0.008495582267642021, 0.0037724189460277557, 0.008033792488276958, 0.000650665839202702, -0.019992802292108536, -0.028549503535032272, -0.01614907756447792, -0.012115202844142914, 0.00926296878606081, -0.005799542181193829, 0.013568484224379063, -0.006220586132258177, 0.0026552940253168344, 0.026417119428515434, -0.0070830476470291615, 0.008468418382108212, 0.010960726998746395, -0.023496974259614944, 0.020821306854486465, 0.01965324953198433, 0.007354688830673695, 0.028142040595412254, 0.026770252734422684, -0.011619457975029945, -0.007456554565578699, -0.027775324881076813, 0.006869129836559296, -0.0083122244104743, -0.006865734700113535, 0.004234209191054106, -0.00010992984607582912, 0.01277393288910389, -0.016773851588368416, 0.0006421770667657256, 0.0034294717479497194, 0.0007525313412770629, 0.005426035262644291, 0.008570283651351929, 0.004105179570615292, 0.023157423362135887, 0.014071020297706127, 0.027843235060572624, 0.028250698000192642, 0.002560219494625926, 0.007035510148853064, -0.04962886869907379, 0.013262887485325336, 0.019626086577773094, -0.0008229883387684822, 0.013398708775639534, 0.01527982484549284, -0.02292652800679207, -0.022261006757616997, 0.0004242273571435362, 0.011476846411824226, 0.015537884086370468, 0.0023836526088416576, -0.028549503535032272, -0.035775162279605865, -0.006848756689578295, -0.023211751133203506, -7.390553946606815e-05, -0.011558338068425655, -0.024325480684638023, -0.0041221571154892445, 0.015293406322598457, -0.013466618955135345, -0.012970873154699802, -0.024108167737722397, -0.03134740889072418, 0.004183276556432247, 0.015456391498446465, -0.009446326643228531, 0.00804058276116848, -0.02830502577126026, -0.0011459868401288986, -0.03175486996769905, -0.024257570505142212, 0.008536328561604023, -0.0316733792424202, -0.018783997744321823, -0.024148913100361824, 0.039170678704977036, 0.014940273016691208, 0.024108167737722397, 0.02067190408706665, 0.003122177440673113, 0.01595892757177353, 0.00044566154247149825, -0.019816234707832336, 0.0027673461008816957, 0.012515873648226261, -0.051611851900815964, 0.011184831149876118, 0.021663395687937737, 0.012264605611562729, 0.014872362837195396, -0.0002389594737906009, 0.027748161926865578, 0.025887418538331985, -0.015632959082722664, -0.010139012709259987, -0.005527900997549295, -0.03235248103737831, 0.015632959082722664, -0.0014413967728614807, -0.00992169976234436, 0.00234460411593318, -0.015048929490149021, -0.016991164535284042, 0.027612341567873955, 0.0009422558359801769, 0.025425627827644348, -0.01006431132555008, 0.01805056631565094, -0.0019829815719276667, 0.01780608855187893, 0.008210359141230583, -0.011368189007043839, 0.002920144237577915, 0.006091556511819363, 0.0005420093075372279, 0.011116920970380306, -0.006906480528414249, 0.005290214903652668, 0.007137375883758068, -0.022356081753969193, 0.008529537357389927, -0.006811405997723341, 0.015687286853790283, -0.013548110611736774, -0.02971756085753441, 0.022315334528684616, 0.004257977940142155, 0.005164580885320902, -0.02931009978055954, -0.027299953624606133, 0.022559812292456627, -0.009432745166122913, 0.016488628461956978, -0.008244314230978489, 0.018036983907222748, -0.014899526722729206, -0.03860023245215416, -0.003524546278640628, -0.01140893530100584, 0.025996074080467224, 0.015524301677942276, 0.01000319141894579, 0.015700869262218475, -0.00019089170382358134, 0.003190087852999568, 0.006648421287536621, 0.007259614299982786, 0.01013222150504589, 0.022722797468304634, 0.04023008048534393, -0.044114552438259125, -0.02281787060201168, -0.005935363005846739, -0.012984455563127995, -0.005860661622136831, -0.01578236185014248, 0.01435624435544014, 0.015266242437064648, 0.008196776732802391, -0.014519228599965572, -0.013887662440538406, -0.021935036405920982, 0.018539519980549812, -0.029880546033382416, 0.023727869614958763, -0.006981181912124157, 0.0020084481220692396, -0.01756161078810692, 0.048162005841732025, -0.016814598813652992, 0.022912945598363876, 0.005290214903652668, 0.001320007024332881, 0.02925577014684677, 0.004118761513382196, 0.000544555950909853, 0.005701072514057159, 0.012088038958609104, 0.022790707647800446, -0.034525614231824875, 0.0070830476470291615, -0.000544980401173234, 0.014818034134805202, 0.003972754348069429, -0.014519228599965572, -0.006818197201937437, 0.02572443336248398, -0.004234209191054106, 0.0021901081781834364, 0.004380216356366873, -0.017249224707484245, 0.007130584679543972, -0.0076874494552612305, 0.0011239160085096955, -0.02514040470123291, -0.011734905652701855, 0.004251186735928059, 0.033629197627305984, 0.005925176199525595, -0.006271519232541323, -0.004033873789012432, -0.01149721909314394, -0.009473491460084915, -0.008502373471856117, 0.00755162863060832, -0.01685534417629242, -0.05362199619412422, -0.013921617530286312, -0.02776174247264862, 0.004241000395268202, 0.0012283280957490206, -0.012780724093317986, 0.011476846411824226, 0.017493700608611107, 0.025520702823996544, -0.03574799746274948, 0.00884192530065775, -0.019639667123556137, 0.01602683775126934, -0.03974112495779991, 0.02097070962190628, 0.031890690326690674, -0.025534285232424736, -0.014641467481851578, -0.015986092388629913, -0.009779087267816067, -0.04335395619273186, 0.00205428758636117, -0.007721404545009136, -0.0012741675600409508, -0.03015218675136566, -0.007646703161299229, -0.0027962077874690294, 0.016162658110260963, -0.018553102388978004, -0.028739651665091515, 0.010342743247747421, -0.014519228599965572, 0.003190087852999568, 0.015320571139454842, 0.017548030242323875, 0.030179351568222046, -0.009072820656001568, 0.008828342892229557, 0.0070830476470291615, 0.00023513952328357846, -0.018553102388978004, -0.006906480528414249, 0.001933746738359332, 0.0035720833111554384, -0.026675177738070488, -0.015755197033286095, -0.02114727720618248, -0.022831453010439873, 0.002030518837273121, 0.011599084362387657, 0.004821633454412222, 0.0018946982454508543, 0.004257977940142155, -0.008054165169596672, 0.022491902112960815, -0.01995205506682396, -0.03352053835988045, -0.021310262382030487, -0.02413533255457878, 0.02461070381104946, -0.017643103376030922, 0.005137416534125805, 0.02561577782034874, -0.005921781063079834, -0.032379645854234695, -0.023374736309051514, -0.03419964388012886, -0.021473247557878494, 0.009276551194489002, 0.01792832836508751, -0.013622811995446682, 0.015565047971904278, -0.0053343563340604305, 0.009507446549832821, 0.0598154179751873, 0.010376698337495327, 0.0020271234679967165, -0.006930249277502298, 0.0016969094285741448, 0.005161185283213854, 0.021337425336241722, 0.020536083728075027, -0.00687931664288044, -0.03115726076066494, -0.028223533183336258, 0.014668631367385387, 0.021011456847190857, 0.0101593853905797, 0.010648339986801147, -0.01367034949362278, -0.012936918064951897, -0.02007429301738739, 0.007150957826524973, 0.031184423714876175, 0.02014220505952835, 0.02781607210636139, -0.04509245976805687, 0.009697595611214638, 0.004152716603130102, 0.021174442023038864, -0.0039048439357429743, -0.00755162863060832, -0.025099659338593483, 0.011918263509869576, -0.01811847649514675, 0.005392080172896385, -0.012244232930243015, -0.007001555059105158, -0.024991001933813095, 0.011748487129807472, -0.009242596104741096, 0.0022359476424753666, 0.029880546033382416, -0.007252823561429977, -0.010566847398877144, 0.009846998378634453, 0.007212077267467976, -0.04272918030619621, -0.016162658110260963, 0.028142040595412254, -0.018688922747969627, 0.017059074714779854, -0.022478319704532623, 0.014532811008393764, -0.007103420794010162, 0.01221027784049511, -0.022206678986549377, 0.002544939750805497, -0.02931009978055954, 0.02596891112625599, -0.009942072443664074, 0.0028148831333965063, 0.006987973116338253, 0.018444446846842766, 0.01557863038033247, -0.0007168784504756331, -0.0073886439204216, 0.011558338068425655, -0.018865490332245827, 0.0028810957446694374, 0.015891017392277718, -0.003585665486752987, -0.029690396040678024, 0.0036365981213748455, 0.012217069044709206, -0.010091475211083889, -0.02294011041522026, 0.19666831195354462, 0.011476846411824226, -0.009785878472030163, 0.03346621245145798, -0.0020491941832005978, 0.009099984541535378, 0.015768779441714287, 0.005555064883083105, -0.02554786577820778, -0.003813165007159114, -0.002162944059818983, -0.0005993086961098015, -0.03194501996040344, 0.001489782938733697, 0.004808051511645317, -0.003273278009146452, -0.016665196046233177, -0.042022913694381714, -0.016529373824596405, -0.019938472658395767, 0.02364637702703476, 0.01845802739262581, -0.003463426837697625, -0.01966683194041252, 0.032787106931209564, -0.007510882802307606, -0.010016773827373981, 0.01601325534284115, 0.02091638185083866, 0.016393553465604782, -0.00658051110804081, -0.0021476643159985542, 0.004332679323852062, 0.018838325515389442, -0.01000319141894579, -0.015048929490149021, 0.005684094503521919, -0.01923220604658127, 0.016054002568125725, 0.022491902112960815, 0.004040664527565241, -0.01280788891017437, -0.008604238741099834, 0.007327524945139885, -0.007130584679543972, 0.006801219657063484, -0.011463264003396034, -0.03419964388012886, 0.006994764320552349, 0.007300360593944788, -0.008882671594619751, -0.004373425152152777, 0.0014634676044806838, 0.01613549515604973, 0.019191458821296692, -0.011123712174594402, -0.002954099327325821, 0.01752086542546749, -0.0014940273249521852, 0.020291607826948166, 0.0017376556061208248, 0.037567995488643646, -0.005758795887231827, 0.020047130063176155, -0.009928490035235882, 0.012271396815776825, -0.0009312204201705754, 0.0050185732543468475, -0.017643103376030922, -0.013065948151051998, 0.009982818737626076, -0.0035720833111554384, -0.002244436414912343, 0.03001636639237404, -0.01923220604658127, -0.018199969083070755, 0.055903784930706024, 0.033031586557626724, 0.04294649511575699, 0.03705187514424324, -0.004033873789012432, 0.025642940774559975, -0.032732781022787094, -0.028250698000192642, -0.01923220604658127, -0.02644428238272667, 0.01299124676734209, 0.0038573069032281637, 0.007524464745074511, -0.013405499048531055, -0.0007750266813673079, -0.012726396322250366, -0.014600721187889576, -0.011042219586670399, 0.015388481318950653, 0.009989609941840172, 0.005239282269030809, 0.03085845522582531, -0.020278025418519974, 0.014614303596317768, -0.015565047971904278, 0.03411814942955971, 0.013120275922119617, -0.005572042893618345, -0.04210440441966057, -0.02150041051208973, 0.007395435124635696, -4.1674658859847113e-05, 0.0129301268607378, 0.02091638185083866, -0.029201442375779152, -0.004149321466684341, 0.0028505362570285797, -0.016964001581072807, -0.004685812629759312, 0.02871248871088028, -0.01188430842012167, -0.02114727720618248, 0.022369662299752235, -0.018865490332245827, -0.0029082598630338907, 0.007578792981803417, 0.03449844941496849, -0.017262807115912437, 0.0010220505064353347, -0.007734986953437328, -0.02026444301009178, -0.02383652701973915, 0.0013064249651506543, -0.027625922113656998, 0.01567370444536209, -0.013167813420295715, 0.01757519319653511, -0.020631158724427223, 0.00801341887563467, 0.010913190431892872, 0.00468920823186636, -0.019680414348840714, 0.011232368648052216, 0.007979463785886765, 0.004135739058256149, -0.015130422078073025, 0.022193096578121185, -0.008291851729154587, 0.003609434003010392, -0.018485192209482193, 0.014899526722729206, 0.017765343189239502, -0.02424398809671402, 0.021106531843543053, -0.00542264012619853, -0.014532811008393764, 0.008115284144878387, -0.02246473729610443, 0.013181394897401333, -0.007796105928719044, -0.021310262382030487, -0.03275994211435318, 0.016216987743973732, -0.006010064389556646, -0.01149721909314394, 0.024040257558226585, 0.02245115488767624, -0.012699231505393982, -0.044684998691082, -0.013140649534761906, -0.17395910620689392, 0.017249224707484245, 0.024094585329294205, -0.005249468609690666, 0.01280788891017437, -0.003332699416205287, 0.0032002744264900684, 0.009731550700962543, -0.023456228896975517, -0.0015831595519557595, 0.003038987284526229, -0.012135576456785202, -0.027802489697933197, -0.005293610505759716, 0.010437818244099617, -0.011504010297358036, -0.0072256592102348804, -0.002195201348513365, 0.04245753958821297, 0.00100507284514606, 0.02508607693016529, -0.006960808765143156, 0.02000638283789158, 0.021351007744669914, 0.00486917095258832, 0.02520831488072872, -0.005629766266793013, -0.009249387308955193, -0.0031578303314745426, -0.029473083093762398, -0.007578792981803417, -0.006804615259170532, 0.0010534590110182762, -0.006084765773266554, 0.006838570348918438, -0.0051883491687476635, 0.012495500966906548, -0.0035347328521311283, -0.004712976980954409, 0.016991164535284042, 0.0026739693712443113, 0.026973983272910118, 0.004482082091271877, 0.015116839669644833, -0.006706145126372576, 0.034525614231824875, 0.016896089538931847, -0.005086483899503946, 0.01214915793389082, -0.0034057029988616705, 0.03865456208586693, 0.0028386518824845552, 0.020047130063176155, -0.015619375742971897, 0.006685771979391575, -0.009276551194489002, -0.003001636592671275, 0.027720997110009193, -0.006549951620399952, -0.0004753723042085767, 0.01098789181560278, -0.03566650673747063, 0.0034057029988616705, -0.022247424349188805, -0.01465504989027977, 0.004084806423634291, -0.0040983883664011955, 0.01614907756447792, -0.028875472024083138, -0.0038029784336686134, 0.00515099847689271, -0.03770381584763527, 0.011307070031762123, 0.0049065216444432735, 0.00926296878606081, 0.011857143603265285, 0.0053615206852555275, -0.0102476691827178, 0.0035618969704955816, 0.020332353189587593, 0.0054803634993731976, 0.033384718000888824, -0.010023565031588078, 0.007110211532562971, -0.011986173689365387, 0.002016936894506216, -0.019014893099665642, -0.008923417888581753, 0.006546556018292904, -0.03979545459151268, 0.013704304583370686, -0.0193544439971447, -0.004631484393030405, 0.0075176735408604145, 0.012359680607914925, 0.01625773310661316, 0.0175072830170393, -0.011741695925593376, 0.009147522039711475, 0.005004991311579943, -0.010607593692839146, -0.00579275144264102, -0.017113404348492622, 0.010967518202960491, 0.05158468708395958, 0.011999755166471004, 0.0032257407438009977, 0.024447718635201454, 0.0402844101190567, -0.0014235703274607658, -0.01923220604658127, 0.016339225694537163, 0.0004753723042085767, 0.016366390511393547, -0.0007784221670590341, -0.014736541546881199, 0.005273237358778715, -0.02651219256222248, 0.023809362202882767, -0.006223981734365225, 0.011748487129807472, 0.007911553606390953, -0.0156601220369339, 0.012461545877158642, -0.02841368317604065, -0.014342661947011948, -0.09502013772726059, -0.012943709269165993, 0.021731305867433548, 0.03984978049993515, -0.006363198161125183, 0.03713336959481239, -0.007653494365513325, 0.0168010164052248, 0.016719523817300797, 0.03610113263130188, -0.030233679339289665, -0.01498101931065321, 0.01105580199509859, -0.013921617530286312, -0.01250908337533474, -0.012026919983327389, -0.005959131754934788, -0.016665196046233177, -0.02336115390062332, 0.019205041229724884, -0.0013284957967698574, -0.011626248247921467, 0.006383571308106184, -0.0011111828498542309, 0.009846998378634453, -0.018308624625205994, -0.04039306566119194, 0.01006431132555008, 0.02520831488072872, -0.017018329352140427, 0.009840207174420357, -0.025887418538331985, -0.00205428758636117, -0.03512322157621384, 0.03425396978855133, -0.009045655839145184, -0.010668712668120861, -0.029771888628602028, 0.015252660028636456, -0.044060222804546356, -0.003022009739652276, 0.0018132058903574944, 0.010886026546359062, -0.030396664515137672, -0.012678858824074268, 0.0028199765365570784, -0.009032074362039566, 0.001510155969299376, 0.011436100117862225, -0.022356081753969193, -0.02174488827586174, -0.00869931373745203, -0.0450381301343441, -0.015592211857438087, 0.021174442023038864, -0.003256300464272499, -0.005354729481041431, 0.022410409525036812, -0.029391590505838394, -0.0069166673347353935, 0.004957454279065132, -0.02478727139532566, 0.006678981240838766, 0.008706104010343552, 0.021907873451709747, 0.004628089256584644, -0.009174685925245285, 0.0005403115646913648, -0.0023581862915307283, -0.0024193054996430874, -0.006156071554869413, 0.028386518359184265, -0.016461463645100594, 0.03865456208586693, -0.050552450120449066, 0.008386925794184208, -0.004957454279065132, -0.018865490332245827, 0.00893699936568737, -0.011178040876984596, -0.008719686418771744, -0.013772214762866497, -0.0008887764415703714, -0.01378579717129469, 0.022437574341893196, -0.0004490570572670549, 0.0030288007110357285, 0.01882474310696125, 0.0019235601648688316, -0.046314846724271774, 0.006814801599830389, 0.022261006757616997, 0.019938472658395767, 0.0065737199038267136, -0.01608116552233696, -0.008617821149528027, 0.01417967677116394, -0.006499018520116806, 0.0030135209672152996, 0.019272951409220695, -0.011571920476853848, 0.017656685784459114, -0.05688169226050377, 0.021038619801402092, 0.00011385591642465442, -0.026186224073171616, 0.00807453878223896, -0.00812886655330658, 0.028277862817049026, -0.005066110752522945, 0.017969073727726936, 0.0047299545258283615, -0.02215234935283661, 0.015537884086370468, -0.042865000665187836, -0.013962363824248314, -0.016393553465604782, -0.0010823209304362535, 0.024284735321998596, -0.022682050243020058, 0.0060474150814116, 0.007096629589796066, -0.0027401817496865988, -0.03110293112695217, 0.04389723762869835, 0.020454591140151024, -0.022600557655096054, 0.018743250519037247, -0.0005301250494085252, -0.0002934999647550285, -0.01438340824097395, -0.0032478116918355227, 0.015442809090018272, -0.02359204925596714, -0.01597250998020172, 0.02262772247195244, -0.007150957826524973, -0.007755359634757042, -0.006668794434517622, 0.03126591816544533, 0.009269759990274906, 0.02245115488767624, -0.009826624765992165, -0.031075768172740936, 0.019626086577773094, -0.018539519980549812, -0.007972672581672668, -0.0062817055732011795, -0.019150713458657265, 0.014845198020339012, 0.0015194936422631145, 0.00486917095258832, 0.026838162913918495, 0.014315498061478138, -0.020644741132855415, -0.00852274615317583, -0.005660326220095158, -0.01894698292016983, 0.014071020297706127, -0.010105057619512081, 0.0018318812362849712, -0.022912945598363876, 0.06057601422071457, 0.02651219256222248, -0.0021918059792369604, -0.015198332257568836, 0.017303552478551865, -0.00026336475275456905, -0.017833253368735313, 0.023958764970302582, 0.02067190408706665, -0.030939947813749313, -0.017792506143450737, 0.008964164182543755, -0.006583906710147858, 0.003524546278640628, 0.01810489408671856, -0.02072623372077942, 0.005089879501610994, -0.03718769550323486, -0.025045329704880714, 0.022546229884028435, 0.03569367155432701, -0.031184423714876175, -0.017969073727726936, -0.003881075419485569, 0.015700869262218475, 0.0027147154323756695, 0.017656685784459114, 0.01578236185014248, -0.006811405997723341, 0.022437574341893196, -0.0006124663050286472, -0.0023191377986222506, -0.008203567937016487, 0.014342661947011948, 0.00997602753341198, 0.01170774083584547, -0.009670430794358253, -0.010424235835671425, -0.0025517307221889496, 0.007572001777589321, 0.021418917924165726, 0.004173089750111103, -0.010668712668120861, -0.04324530065059662, -0.013500574044883251, -0.00415611220523715, -0.03175486996769905, -0.017711013555526733, 0.02508607693016529, -0.019911309704184532, 0.003938799258321524, -0.014234005473554134, -0.014492064714431763, 0.0021086158230900764, -0.03433546423912048, 0.02417607791721821, 0.017018329352140427, -0.007117002736777067, -0.021011456847190857, 0.03300442174077034, 0.014125349000096321, 0.018009819090366364, 0.04702111333608627, -0.002578894840553403, 0.0017486910801380873, -0.03341188281774521, 0.013962363824248314, -0.012414008378982544, 0.02156832069158554, -0.005062715150415897, 0.021541157737374306, 0.021337425336241722, -0.007728195749223232, -0.002225761068984866, -0.016950419172644615, -0.023564884439110756, 0.016964001581072807, 0.01882474310696125, -0.012767142616212368, 0.07839568704366684, -0.00537849823012948, -0.01792832836508751, 0.019272951409220695, -0.02960890531539917, 0.020943546667695045, 0.012278188019990921, 0.02662084996700287, 0.0022155744954943657, -0.03569367155432701, 0.011008264496922493, -0.006947226822376251, 0.0037011131644248962, -0.015741614624857903, -0.012787515297532082, 0.007476927246898413, -0.012678858824074268, 0.02215234935283661, -0.001906582503579557, 0.004383611958473921, 0.02150041051208973, 0.015891017392277718, -0.014396990649402142, 0.014790870249271393, -0.020590411499142647, -0.005140812136232853, 0.022831453010439873, -0.010858861729502678, -0.025819508358836174, -0.013745050877332687, -0.009296923875808716, 0.004257977940142155, -0.021717723459005356, 0.0006243506213650107, 0.021283097565174103, -0.02484159916639328, -0.005490550305694342, 0.013194977305829525, 0.011049010790884495, -0.009120357222855091, -0.018362954258918762, 0.019503846764564514, -0.015184749849140644, -0.026906073093414307, -0.007999837398529053, -0.04061037674546242, -0.031293079257011414, -0.009453117847442627, -0.027422191575169563]"
7224,"Mongodb - Add extra fields based on other field value<p>I have documents in db in the following format:  </p>

<pre><code>{
""_id"" : ObjectId(""5d6fb50852020c4a182fc773""),
""startTimestamp"" : ""1567601927157""
}
</code></pre>

<p>What I want to achieve is, using the ""startTimestamp"" value, create the following new fields:  </p>

<ul>
<li>date (in the format ""04-09-2019"")</li>
<li>hour (like ""18"")</li>
<li>month (like ""9"")</li>
<li>time (like ""18:28:47"")</li>
<li>weekDay (like ""Wednesday"")</li>
</ul>

<p><strong>Can I get a query to do the above operation in all the documents and finally create respective documents in the following format</strong>:</p>

<pre><code>{
""startTimestamp"" : ""1567601927157"",
""date"" : ""04-09-2019"",
""hour"" : ""18"",
""month"" : ""9"",
""time"" : ""18:28:47"",
""weekDay"" : ""Wednesday"",
}  
</code></pre>

<p><strong>Edit:</strong><br>
""startTimestamp"" is not the only field present in the documents, it has other fields as well, like below:  </p>

<pre><code> {
 ""useCaseStatus"" : ""In Progress"",
""feedbackRequested"" : false,
""userFeedback"" : null,
""startTimestamp"" : ""1567669352778""
 }  
</code></pre>

<p>By adding new fields to the above document, <strong>I dont want to delete the fields that are already present(because all the solutions I have got so far removes the other fields present in the documents)</strong>. Also, adding one more expected document below (<strong>Please note that hour and month fields are in string format, not int</strong>):  </p>

<pre><code>{
 ""useCaseStatus"" : ""In Progress"",
""feedbackRequested"" : false,
""userFeedback"" : null,
""startTimestamp"" : ""1567669352778"",
""endTimestamp"" : null,
""date"" : ""05-09-2019"",
""hour"" : ""13"",
""month"" : ""9"",
""time"" : ""13:12:32"",
""weekDay"" : ""Thursday""
}
</code></pre>
","@YamMarcovic Awh okay, thank you for the clarification.","Embed Field: Mongodb - Add extra fields based on other field value<p>I have documents in db in the following format:  </p>

<pre><code>{
""_id"" : ObjectId(""5d6fb50852020c4a182fc773""),
""startTimestamp"" : ""1567601927157""
}
</code></pre>

<p>What I want to achieve is, using the ""startTimestamp"" value, create the following new fields:  </p>

<ul>
<li>date (in the format ""04-09-2019"")</li>
<li>hour (like ""18"")</li>
<li>month (like ""9"")</li>
<li>time (like ""18:28:47"")</li>
<li>weekDay (like ""Wednesday"")</li>
</ul>

<p><strong>Can I get a query to do the above operation in all the documents and finally create respective documents in the following format</strong>:</p>

<pre><code>{
""startTimestamp"" : ""1567601927157"",
""date"" : ""04-09-2019"",
""hour"" : ""18"",
""month"" : ""9"",
""time"" : ""18:28:47"",
""weekDay"" : ""Wednesday"",
}  
</code></pre>

<p><strong>Edit:</strong><br>
""startTimestamp"" is not the only field present in the documents, it has other fields as well, like below:  </p>

<pre><code> {
 ""useCaseStatus"" : ""In Progress"",
""feedbackRequested"" : false,
""userFeedback"" : null,
""startTimestamp"" : ""1567669352778""
 }  
</code></pre>

<p>By adding new fields to the above document, <strong>I dont want to delete the fields that are already present(because all the solutions I have got so far removes the other fields present in the documents)</strong>. Also, adding one more expected document below (<strong>Please note that hour and month fields are in string format, not int</strong>):  </p>

<pre><code>{
 ""useCaseStatus"" : ""In Progress"",
""feedbackRequested"" : false,
""userFeedback"" : null,
""startTimestamp"" : ""1567669352778"",
""endTimestamp"" : null,
""date"" : ""05-09-2019"",
""hour"" : ""13"",
""month"" : ""9"",
""time"" : ""13:12:32"",
""weekDay"" : ""Thursday""
}
</code></pre>; Answer: @YamMarcovic Awh okay, thank you for the clarification.","[-0.023567086085677147, 0.02179046906530857, 0.006487341597676277, -0.01698553003370762, -0.016877856105566025, 0.02165587618947029, -0.003236941061913967, -0.03259821981191635, -0.027779819443821907, -0.002040753373876214, 0.019785046577453613, 0.015626149252057076, 0.001891019637696445, 0.0038426057435572147, -0.012718957848846912, 0.00800150353461504, 0.015949169173836708, -0.008438928052783012, 0.0035263143945485353, -0.02896423079073429, 0.004004116635769606, 0.0025505211669951677, 0.00505393510684371, -0.009475287050008774, -0.030902357771992683, 0.00759772676974535, 0.019165921956300735, -0.008822515606880188, -0.007059358060359955, 0.024939924478530884, 0.011689327657222748, 0.014697462320327759, -0.023607462644577026, -0.022207705304026604, -0.014872432686388493, -0.015572311356663704, 0.0044785537756979465, -0.004266571253538132, 0.04401163384318352, 0.012557447887957096, 0.020242659375071526, 0.0006338448729366064, 0.0006300595123320818, -0.017550816759467125, -0.00501019274815917, 0.032167524099349976, 0.03569383919239044, -0.0461651086807251, -0.01963699422776699, 0.010794290341436863, 0.024455392733216286, 0.021844305098056793, -0.03760504722595215, 0.009556042961776257, -0.02111750841140747, -0.005824475083500147, 0.02496684342622757, 0.034401752054691315, -0.010067492723464966, 0.0029660745058208704, 0.020686812698841095, 0.006918036378920078, 0.013190030120313168, 0.006497435737401247, -0.019623534753918648, -0.023594003170728683, 0.0007061882060952485, -0.0022157232742756605, 0.0018624188378453255, 0.004902518820017576, 0.011110581457614899, 0.011507628485560417, -0.010700075887143612, -0.00048032571794465184, 0.022571103647351265, -0.006312371697276831, -0.024536149576306343, -0.0018641012720763683, 0.016151057556271553, 0.005925419274717569, -0.004586227238178253, -0.002373869065195322, -0.024186208844184875, 0.019206300377845764, 0.009381072595715523, 0.02380935102701187, -0.004189180675894022, 0.029798701405525208, -0.0026783838402479887, -0.003174692392349243, -0.0026077227666974068, 0.011548005975782871, 0.048749275505542755, 0.0016108998097479343, 0.012395936995744705, 0.02815667726099491, -0.010323218069970608, 0.034805528819561005, 0.018977493047714233, -0.01617797650396824, -0.026191631332039833, 0.01707974448800087, -0.021305937319993973, -0.022167326882481575, -0.0004706519248429686, 0.0021921696607023478, 0.02850661613047123, -0.018721768632531166, -0.011050015687942505, -0.002824752824380994, -0.008977296762168407, 0.026595408096909523, 0.024226587265729904, -0.014132175594568253, 0.006164320278912783, -0.0005442569963634014, -0.016339486464858055, -0.03862794488668442, -0.028883475810289383, -0.0063561140559613705, 0.027012644335627556, 0.010875045321881771, 0.02030995488166809, -0.027456797659397125, 0.0019330796785652637, -0.009569501504302025, 0.0197177492082119, -0.01644716039299965, -0.0002176607376895845, -0.03119846060872078, 0.024939924478530884, 0.00809571798890829, 0.015935709699988365, 0.028452780097723007, -0.02205965295433998, 0.007651563733816147, -0.039516255259513855, 0.006393127143383026, -0.033325016498565674, -0.025478294119238853, 0.01512815710157156, 0.03184450417757034, -0.0011844108812510967, -0.013210219331085682, -0.03243670612573624, 0.009340695105493069, 0.012947764247655869, -0.004899154417216778, 0.02533024176955223, -0.005538466852158308, 0.044496163725852966, 0.011534547433257103, -0.027860574424266815, 0.015343504957854748, -0.0008576043182983994, -0.004286759998649359, 0.0072612464427948, -0.0036743655800819397, 0.009017674252390862, 0.007422756869345903, 0.01335827074944973, 0.001432565157301724, 0.0038257818669080734, 0.021911602467298508, 0.014091798104345798, 0.00642341049388051, 0.008910000324249268, -0.02796824835240841, -0.00903113279491663, -0.01170278713107109, 0.003030005842447281, 0.01846604235470295, -0.026420438662171364, 0.010922152549028397, 0.007570808287709951, 0.0028853192925453186, 0.015720363706350327, 0.020013852044939995, -0.03738969936966896, -0.03975852206349373, -0.009643527679145336, 0.002579122083261609, 0.0038964427076280117, 0.043419428169727325, -0.022786451503634453, -0.04188507795333862, 0.02017536386847496, -0.0158684141933918, 0.02044454775750637, 0.012725687585771084, 0.011399954557418823, 0.006685865111649036, -0.009710823185741901, -0.0061575910076498985, -0.6021114587783813, -0.014307145029306412, 0.013809154741466045, -0.03852027282118797, -0.00011471877951407805, -0.020969456061720848, -0.012739147059619427, 0.009569501504302025, -0.04724184423685074, 0.03523622453212738, -0.007530430797487497, 0.035613082349300385, 0.0007103941752575338, -0.001233200542628765, 0.012887198477983475, -0.011615302413702011, 0.00977138988673687, -0.01985234208405018, -0.015989547595381737, 0.019569698721170425, -0.01127209234982729, 0.0199061781167984, 0.020458007231354713, 0.01127209234982729, -0.011130770668387413, -0.036016859114170074, 0.006648852024227381, -0.004609781317412853, -0.010033844970166683, 0.044980697333812714, -0.03792806714773178, 0.02869504690170288, -0.0036609063390642405, -0.006978603079915047, 0.05176414176821709, 0.0012861961731687188, -0.036959003657102585, -0.000935415446292609, -0.013149652630090714, 0.044226981699466705, -0.0013518099440261722, -0.023149849846959114, -0.010451080277562141, -0.024226587265729904, -0.018856359645724297, 0.00550145423039794, 0.019515860825777054, 0.008014962077140808, -0.003957008942961693, -0.040054623037576675, -0.004243017639964819, 0.00849276501685381, 0.006679135374724865, 0.0005085059674456716, 0.012543988414108753, -0.009912711568176746, 0.016070302575826645, 0.014334063977003098, 0.008950377814471722, -0.014011042192578316, 0.009656986221671104, 0.013156382367014885, -0.029691027477383614, 0.012517069466412067, -0.0317368283867836, 0.0076650227420032024, 0.002323396969586611, 0.004522296134382486, 0.020632976666092873, -0.01468400377780199, -0.011904675513505936, 0.019475484266877174, -0.010121329687535763, -0.0013879815815016627, 0.0007650722400285304, 0.013970664702355862, 0.020955996587872505, -0.0357745923101902, -0.02358054369688034, 0.016743263229727745, 0.027591390535235405, -0.025128353387117386, -0.030821602791547775, -0.014387900941073895, 0.008418738842010498, -0.017160499468445778, -0.04360785707831383, -0.0014090115437284112, 0.03531698137521744, -0.009986737743020058, 0.003166280221194029, 0.045249879360198975, -0.0005055617657490075, -0.017335468903183937, -0.032167524099349976, 0.01958315819501877, 0.016931692138314247, 0.007402568124234676, 0.02613779529929161, -0.025343701243400574, -0.031494561582803726, -0.0151954535394907, 0.003364803735166788, 0.00825049914419651, 0.034670937806367874, 0.0001387981465086341, -0.0056394110433757305, 0.007496782578527927, 0.00041513267206028104, -0.01757773384451866, -0.00993290077894926, 0.006171050015836954, -0.007052628789097071, -0.005168338306248188, -0.010841397568583488, -0.04021613299846649, 0.024280423298478127, -0.021575121209025383, 0.008290876634418964, 0.02842586115002632, 0.000443733501015231, 0.030363988131284714, 0.00820339098572731, -0.01609722152352333, -0.004707360174506903, 0.029394924640655518, -0.0023452681489288807, -0.01694515161216259, 0.013035249896347523, 0.008391820825636387, 0.006776714697480202, -0.018990952521562576, 0.036878250539302826, -0.017362387850880623, 0.02183084562420845, -0.011763353832066059, 0.008835974149405956, 0.0079342070966959, -0.0056932480074465275, -0.01577419973909855, 0.014912810176610947, 0.005208716262131929, 0.04465767368674278, -0.024630364030599594, -0.0034102285280823708, -0.026878051459789276, -0.050095196813344955, 0.0106260497123003, -0.029610272496938705, 0.011487440206110477, -0.02515527233481407, -0.024051617830991745, -0.008223580196499825, 0.014441737905144691, -0.016864396631717682, -0.0026649245992302895, 0.011063474230468273, -0.030471662059426308, -0.02958335354924202, -0.022113490849733353, -0.00647724699229002, 0.025087976828217506, -0.032921239733695984, -0.013116004876792431, -0.0005589780048467219, -0.029664110392332077, -0.02487262897193432, -0.0033176965080201626, 0.005854758433997631, -0.025612885132431984, -0.012335370294749737, -0.018492961302399635, -0.027779819443821907, -0.030498581007122993, -0.010154977440834045, 0.028856556862592697, -0.03343268856406212, 0.0058076512068510056, 0.0014889256563037634, -0.021036753430962563, -0.017779622226953506, -0.00020525303261820227, -0.0005202827742323279, -0.00901094451546669, 0.008479305543005466, 0.00968390516936779, 0.014064879156649113, 0.00015404491568915546, 0.01609722152352333, 0.03491320461034775, 0.028049003332853317, -0.008977296762168407, 0.009354154579341412, 0.0019313973607495427, -0.015208913013339043, 0.0018304531695321202, -0.0028550359420478344, 0.004619875457137823, 0.013667833060026169, 0.00810917653143406, 0.012227696366608143, 0.01627219095826149, 0.0250072218477726, -0.022974880412220955, 0.003364803735166788, -0.016837477684020996, -0.010410702787339687, -0.016487538814544678, 0.012079644948244095, 0.009286858141422272, -0.0021080495789647102, -0.011844108812510967, -0.003475842298939824, 0.013957206159830093, 0.01698553003370762, 0.035666920244693756, -0.0190447885543108, -0.006107118912041187, -0.01636640541255474, 0.011063474230468273, -0.010901964269578457, -0.014710921794176102, 0.003028323408216238, 0.022261541336774826, -0.0099530890583992, 0.04670347645878792, -0.007375649642199278, 0.03811649605631828, -0.018748685717582703, -0.02559942752122879, 0.02179046906530857, 0.018896738067269325, 0.012604555115103722, 0.018075725063681602, 0.03127921372652054, 0.012120023369789124, 0.009138806723058224, 0.003201610641553998, 0.048210907727479935, -0.009333965368568897, -0.004286759998649359, 0.02537062019109726, 0.03012172318994999, -0.03316350653767586, 0.02407853491604328, 0.012806442566215992, 0.003349662059918046, 0.04280030354857445, 0.012227696366608143, 0.012994871474802494, -0.00651089521124959, -0.0022762897424399853, 0.0074765938334167, 0.0013703162549063563, 0.01445519644767046, -0.012490151450037956, -0.015801118686795235, 0.01986580155789852, 0.005074123851954937, 0.023768972605466843, 0.021413611248135567, -0.02281336858868599, 0.015303127467632294, -0.024334261193871498, 0.00909842923283577, 0.01659521274268627, -0.003033370478078723, -0.029556436464190483, 0.009152266196906567, -0.013640914112329483, -0.006228251848369837, -0.026110876351594925, -0.029421843588352203, -0.02569364197552204, -0.02475149556994438, 0.0018741956446319818, -0.009064781479537487, -0.006494071334600449, 0.004589592106640339, 0.015653066337108612, -0.024145832285284996, 0.01590879261493683, -0.006931495852768421, -0.017685407772660255, 0.005642775911837816, -0.009266669861972332, 0.013257326558232307, 0.012261345051229, -0.005094312597066164, 0.010054033249616623, 0.0025892164558172226, 0.01882944069802761, 0.015114698559045792, -0.020161904394626617, -0.013082357123494148, 0.01690477319061756, 0.030067885294556618, -0.012133481912314892, 0.0032823660876601934, 0.014993565157055855, -0.010067492723464966, 0.058520667254924774, -0.009603150188922882, -0.03852027282118797, 0.032302115112543106, -0.0012634837767109275, -0.01815648004412651, -0.03755120933055878, 0.001665577874518931, 0.00983868632465601, -0.010982719250023365, -0.024980302900075912, -0.013243867084383965, 0.011440332978963852, 0.01815648004412651, 0.00809571798890829, 0.00046392230433411896, -0.0010801019379869103, 0.012315182015299797, -0.010397243313491344, 0.004569403361529112, -0.01028956938534975, -0.023526707664132118, 0.020821405574679375, 0.03957009315490723, 0.021750090643763542, 0.009811767376959324, 0.0015427625039592385, -0.01344575546681881, 0.02527640573680401, -0.01284682098776102, -0.017052825540304184, 0.012321910820901394, -0.028129758313298225, -0.02187122404575348, 0.010229003615677357, 0.010121329687535763, -0.004441540688276291, -0.0057336254976689816, -0.005952337756752968, -0.004407892934978008, 0.0009799990803003311, 0.0004693901282735169, -0.000571175420191139, -0.009482016786932945, -6.135509465821087e-05, 0.01604338362812996, 0.02281336858868599, 0.02254418469965458, 0.0008433039183728397, 0.023015256971120834, 0.004047858994454145, 0.02864120900630951, -0.032302115112543106, -0.02909882180392742, 0.012718957848846912, 0.027402961626648903, 0.006790173705667257, -0.004633334930986166, 0.052248671650886536, 0.013230408541858196, -0.00496645038947463, 0.021090589463710785, 0.004502107389271259, -0.010397243313491344, 0.03798190504312515, -0.017806541174650192, 0.012133481912314892, 0.022530725225806236, -0.00842546857893467, -0.02119826339185238, 0.017537357285618782, -0.009724282659590244, 0.02017536386847496, -0.020875241607427597, -0.01069334615021944, -0.03666290268301964, -0.020471466705203056, 0.013836072757840157, -0.0004428922838997096, -0.0021450624335557222, -0.02312293089926243, -0.017052825540304184, -0.011346118524670601, -0.015801118686795235, -0.0033732156734913588, 0.03098311275243759, -0.004263206385076046, 0.008459116332232952, -0.009737742133438587, -0.026124335825443268, -0.005763908848166466, -0.00842546857893467, 0.01729509048163891, -0.01458978932350874, -0.020377250388264656, -0.021642416715621948, 0.02600320242345333, 0.03195217624306679, 0.015760740265250206, 0.0008883081609383225, 0.0008740077610127628, 0.005410604178905487, -0.007463134825229645, -0.004138708580285311, -0.014724381268024445, -0.01631256751716137, 0.007456405088305473, -0.02985253930091858, -0.009266669861972332, 0.002373869065195322, -0.010605861432850361, -0.02161549963057041, 0.021265558898448944, 0.0059355138801038265, -0.014428278431296349, 0.006352749187499285, 0.0059557026252150536, 0.02936800755560398, 0.0016992258606478572, 0.017214335501194, 0.017322009429335594, 0.00568315340206027, -0.00617441488429904, -0.0010363595793023705, 0.004185815807431936, -0.014966647140681744, -0.019287055358290672, -0.010807749815285206, 0.011265362612903118, 0.005238999146968126, 0.012200778350234032, -0.021171344444155693, -0.003930090926587582, 0.005814380943775177, -0.01671634428203106, 0.020202280953526497, 0.02133285626769066, 0.024374637752771378, 0.006514260079711676, -0.001131415250711143, 0.010249191895127296, -0.004905883688479662, 0.014899350702762604, 0.00516497390344739, -0.012718957848846912, 0.035128552466630936, -0.005016922485083342, -0.007207409478724003, -0.0015276208287104964, 0.01985234208405018, -0.011292281560599804, -0.016299109905958176, -0.010558754205703735, -0.008102447725832462, -0.002244324190542102, -0.011554735712707043, -0.010706805624067783, -0.038224171847105026, -0.013116004876792431, 0.009697364643216133, 0.0034859366714954376, -0.02160204015672207, 0.005084218457341194, -0.00684737553820014, -0.013587077148258686, -0.008640815503895283, -0.021763550117611885, -0.0022931136190891266, -0.02742988057434559, -0.021265558898448944, 0.025168731808662415, 0.03553232550621033, 0.0002206049393862486, -2.2436406652559526e-05, 0.0014998612459748983, -0.012698769569396973, -0.005948972888290882, -0.035128552466630936, -0.035747673362493515, -0.019515860825777054, 0.0037147433031350374, 0.0278874933719635, 0.015235831029713154, -9.684325777925551e-05, -0.01717395894229412, 0.0409698486328125, -0.01864101178944111, 0.028533535078167915, 0.0076852114871144295, 0.015222371555864811, -0.008014962077140808, -0.004862141329795122, 0.008600438013672829, 0.030902357771992683, 0.0145224928855896, 0.006978603079915047, -0.0034691125620156527, -0.003220117185264826, 0.05523661896586418, -0.02013498544692993, 0.007988044060766697, -0.012173859402537346, -0.05138728395104408, -0.01244304422289133, 0.026931889355182648, -0.021211722865700722, -0.01310927513986826, -0.03421332314610481, -0.010161707177758217, 0.032571300864219666, 0.01170278713107109, 0.019165921956300735, -0.012355559505522251, 0.01604338362812996, 0.00676998496055603, -0.003536408767104149, -0.020336873829364777, 0.005064029712229967, -0.017093202099204063, 0.004155532456934452, -0.022921042516827583, -0.007712129969149828, 0.02327098324894905, -0.0033160140737891197, 0.012429584749042988, 0.010747183114290237, -0.009717552922666073, -0.020363792777061462, 0.022584563121199608, -0.01717395894229412, 0.0022712424397468567, -0.013277515769004822, -0.04088909551501274, -0.004401163198053837, 0.00017013288743328303, 0.007981314323842525, -0.021548202261328697, 0.02829127013683319, 0.025532130151987076, -0.00010788402141770348, 0.018344908952713013, -0.0178872961550951, 0.01051164697855711, 0.01243631448596716, -0.024953383952379227, 0.06271994113922119, 0.0031191729940474033, 0.007429486606270075, 0.01761811226606369, 0.001943174167536199, -0.0061575910076498985, -0.003889713203534484, 0.007994773797690868, 0.0032251642551273108, 0.035343896597623825, 0.052060242742300034, -0.013149652630090714, -0.02869504690170288, 0.0012895610416308045, 0.00028705981094390154, -0.01434752345085144, 0.0008622309542261064, 0.011749894358217716, 0.0036205288488417864, -0.013681291602551937, -0.005218810401856899, 0.017322009429335594, -0.01765849068760872, 0.0055451965890824795, -0.0002201843453804031, 0.015814578160643578, -0.0022190881427377462, -0.024684200063347816, -0.04864160344004631, 0.01590879261493683, -0.010545294731855392, 0.019340891391038895, 0.008136095479130745, 0.016837477684020996, -0.03564000129699707, 0.010989448986947536, -0.001329097431153059, 0.018183398991823196, 0.002341903280466795, 0.012140211649239063, -0.015976088121533394, 0.017591193318367004, 0.013984124176204205, -0.004535755608230829, -0.02590898796916008, -0.01792767457664013, 0.00934742484241724, 0.03165607154369354, -0.010047303512692451, 0.009892523288726807, 0.011325929313898087, 0.01815648004412651, -0.008169743232429028, 0.011373036541044712, -0.0178872961550951, -0.00429348973557353, -0.02044454775750637, 0.0021416975650936365, 0.030471662059426308, -0.003312649205327034, -0.011534547433257103, -0.03125229850411415, -0.0005173385725356638, 0.02891039289534092, 0.00710646528750658, -0.003741661785170436, -0.019327431917190552, -0.021642416715621948, -0.023768972605466843, 0.01236901804804802, 0.010821208357810974, 0.024011239409446716, -0.01251034066081047, -0.0021080495789647102, 0.015679985284805298, 0.015679985284805298, 0.011574924923479557, -0.009226291440427303, 0.008580249734222889, -0.007012250833213329, -0.005333214066922665, -0.008136095479130745, -0.006685865111649036, -0.004350691102445126, 0.009448369033634663, -0.012826631776988506, -0.040054623037576675, 0.007772696670144796, 0.008418738842010498, -0.007779426407068968, -0.02263839915394783, -0.01553193386644125, 0.01351305190473795, -0.013546699658036232, 0.008741759695112705, -0.015545393340289593, -0.05006827786564827, 0.017806541174650192, 0.00031481945188716054, -0.014576329849660397, -0.01468400377780199, -0.02541099674999714, -0.005686518270522356, 0.005403874907642603, 0.011090393178164959, -0.004179086070507765, -0.04425389692187309, -0.0011171147925779223, 0.005427428521215916, 0.020458007231354713, -0.013041979633271694, 0.0006923083565197885, -0.023028716444969177, -0.025357160717248917, -0.024509230628609657, 0.02183084562420845, -0.013647643849253654, -0.003687824821099639, 0.01623181253671646, 0.02506105788052082, 0.016729803755879402, 0.007079546805471182, -0.009441639296710491, -0.02514181286096573, -0.02823743224143982, -0.01931397244334221, -0.007005521096289158, -0.013015060685575008, -0.026837674900889397, 0.03617836907505989, 0.021884683519601822, 0.003539773402735591, -0.025128353387117386, -0.024415016174316406, -0.026555031538009644, -0.01963699422776699, -0.012638202868402004, -0.003479206934571266, 0.043500181287527084, 0.01569344475865364, 0.0009312094189226627, 0.04008154198527336, 0.015491556376218796, 0.03456326201558113, -0.03052549995481968, 0.011312469840049744, 0.0001345921482425183, -0.018627554178237915, 0.0026430534198880196, -0.015478096902370453, -0.01886981911957264, 0.010901964269578457, 0.02600320242345333, -0.022974880412220955, 0.03475169092416763, 0.028129758313298225, -0.013735128566622734, -0.04568057507276535, 0.00433723209425807, 0.004868871066719294, -0.015235831029713154, 0.002431070664897561, 0.007698670960962772, -0.03459018096327782, -0.008014962077140808, 0.017133580520749092, 0.00827068742364645, -0.0004521454975474626, 0.0004862141504418105, 0.015410801395773888, -0.007375649642199278, 0.0176988672465086, 0.0043035838752985, -0.002769233426079154, -0.016797099262475967, -0.05378302186727524, 0.04734951630234718, 0.011023096740245819, -0.005238999146968126, 0.04815706983208656, 0.016070302575826645, 0.026433898136019707, -0.02667616307735443, 0.024589985609054565, 0.0022359120193868876, -0.026568491011857986, -0.0028146582189947367, -0.03079468384385109, 0.015679985284805298, -0.0076111857779324055, 0.036878250539302826, -0.01270549837499857, -0.00022249764879234135, 0.012671850621700287, -0.004983274266123772, -0.0051750680431723595, -0.012180589139461517, 0.00802169181406498, -0.03639371693134308, -0.02864120900630951, -0.0003213387681171298, 0.0022661953698843718, -0.004650158807635307, -0.02362092211842537, -0.012490151450037956, 0.020632976666092873, -0.012294992804527283, 0.007765966933220625, -0.0016781958984211087, -0.014172553084790707, 0.003512855153530836, 0.03585534915328026, -0.009246480651199818, -0.00882924534380436, 0.18595251441001892, -0.0012475010007619858, 0.001998693449422717, 0.024172749370336533, -0.012591095641255379, 0.0018220412312075496, 0.020013852044939995, -0.009542583487927914, -0.017941134050488472, 0.02617817372083664, -0.00925994012504816, 0.001889337319880724, -0.0026615597307682037, 0.0005615015979856253, 0.008122636005282402, -0.0026329588145017624, -0.02796824835240841, -0.021777009591460228, -0.007167031988501549, -0.0019297149265184999, 0.015451178885996342, 0.008035151287913322, -0.015949169173836708, -0.011420143768191338, 0.02312293089926243, -0.009421450085937977, 0.026501193642616272, 0.010942341759800911, 0.007900559343397617, 0.020458007231354713, -0.01160857267677784, -7.728533819317818e-05, 0.00179344043135643, -0.0058816769160330296, -0.042019668966531754, -0.0006321624969132245, 0.03504779562354088, -0.004599686712026596, 0.015330045484006405, 0.028318187221884727, 0.007658293470740318, -0.03031015209853649, 0.025397539138793945, -0.026393519714474678, 0.008277417160570621, -0.008984025567770004, -0.01002038549631834, 0.0010725312167778611, -0.0034371470101177692, 0.03262513503432274, -0.017052825540304184, -0.024186208844184875, 0.042558036744594574, 0.003930090926587582, 0.012274803593754768, -0.022651858627796173, 0.02985253930091858, 0.011063474230468273, -0.01351305190473795, 0.01160857267677784, 0.007126654032617807, 0.010612591169774532, -0.0008147031185217202, 0.017133580520749092, -0.002414246555417776, -0.007093006279319525, 0.006123942788690329, -0.024818792939186096, 0.017914215102791786, 0.008977296762168407, -0.006844010669738054, -0.020027311518788338, 0.00983868632465601, 0.007490052841603756, -0.001719414722174406, -0.03259821981191635, 0.027281828224658966, 0.01825069449841976, 0.002654830226674676, 0.04778021201491356, -0.019260136410593987, -0.01838528737425804, 0.003590245498344302, -0.016877856105566025, -0.034859366714954376, -0.01051164697855711, 0.005720166489481926, -0.0009530806564725935, -0.007436216343194246, -0.0010405655484646559, -0.009327235631644726, 0.03092927485704422, -0.007160302251577377, -0.01757773384451866, -0.0176988672465086, 0.008640815503895283, 0.033378854393959045, 0.019529320299625397, -0.00845238659530878, -0.007214139215648174, -0.027537554502487183, 0.028802718967199326, 0.018317991867661476, -0.005464441142976284, -0.03238287195563316, 0.005602397955954075, -0.002769233426079154, 0.012173859402537346, 0.009764660149812698, -0.032517462968826294, 0.024320801720023155, -0.031898338347673416, 0.0003434202808421105, -0.023661300539970398, 0.0011675868881866336, 0.01810264401137829, 0.028883475810289383, -0.00405458826571703, 0.004737643525004387, 0.006228251848369837, 0.020552221685647964, -0.03913939744234085, 0.02227500081062317, -0.004350691102445126, 0.006749796215444803, -0.030848519876599312, -0.016743263229727745, 0.0026699716690927744, 0.0038661593571305275, -0.004300219006836414, 0.01631256751716137, -0.008371631614863873, -0.001600805320776999, -0.023015256971120834, -0.004942896775901318, 0.002676701406016946, -0.003430417273193598, -0.027537554502487183, 0.02205965295433998, 0.025518670678138733, 0.01512815710157156, -0.025384079664945602, 0.033917222172021866, 0.028345106169581413, 0.010383783839643002, -0.02354016713798046, -0.012483421713113785, -0.017994970083236694, -0.016420241445302963, -0.029071904718875885, -0.0037685802672058344, 0.0039603738114237785, 0.012961223721504211, -0.02577439695596695, -0.013344811275601387, 0.00392336118966341, 0.028183596208691597, -0.04947607219219208, -0.019986934959888458, 0.009387802332639694, -0.02473803609609604, 0.005060664843767881, 0.005212081130594015, -0.02936800755560398, -0.024953383952379227, -0.011527817696332932, -0.16861703991889954, 0.03814341500401497, 0.025182191282510757, -0.019475484266877174, -0.002991310553625226, 0.01008768193423748, 0.030552417039871216, -0.018008429557085037, -0.016998987644910812, -0.011177877895534039, 0.017873836681246758, -0.0007267976179718971, -0.05402528867125511, -0.0317368283867836, -0.014643625356256962, 0.014199472032487392, -0.0017917579971253872, 0.014872432686388493, 0.02021574042737484, 0.017537357285618782, 0.02689151093363762, -0.042477283626794815, -0.012644932605326176, -0.007133383769541979, -0.011783543042838573, 0.016514455899596214, 0.007604456506669521, -0.006066740956157446, -0.007463134825229645, 0.004508837126195431, 0.004451635293662548, -0.013499592430889606, 0.014630166813731194, -0.021978897973895073, -0.0052894712425768375, -0.022167326882481575, -0.013190030120313168, -0.014011042192578316, -0.01636640541255474, -0.006581556051969528, 0.006918036378920078, -0.01445519644767046, -0.02823743224143982, 0.027201073244214058, 0.021184803918004036, 0.024509230628609657, -0.0037887690123170614, -0.002451259410008788, 0.0013871403643861413, -0.030821602791547775, 0.025572508573532104, -0.034267161041498184, 0.0030771130695939064, -0.012389207258820534, 0.013506322167813778, 0.02348632924258709, 0.00647724699229002, 0.014239849522709846, -0.01002038549631834, -0.038654863834381104, 0.0037147433031350374, -0.010518376715481281, -0.0011558100813999772, 0.003775309771299362, -0.01066642813384533, -0.01203926745802164, -0.016420241445302963, 0.020323414355516434, -0.0371205136179924, 0.02115788497030735, -0.0041824509389698505, -0.007779426407068968, -0.004865506198257208, 0.0003947335353586823, 0.010303028859198093, 0.014428278431296349, -0.01573382131755352, -0.0028096111491322517, 0.010996178723871708, 0.018856359645724297, -0.03418640419840813, 0.03849335387349129, -0.027012644335627556, 0.0371205136179924, -0.004663617815822363, 0.005427428521215916, 0.002434435533359647, -0.004084871616214514, -0.0038661593571305275, 0.0035801511257886887, 0.010652968659996986, -0.013230408541858196, -0.01761811226606369, 0.0007726430776529014, 0.0018287708517163992, 0.0030434648506343365, 0.004858776461333036, 0.0033782629761844873, 0.020296495407819748, 0.0025925813242793083, 0.018237236887216568, -0.020363792777061462, -0.023015256971120834, 0.016608670353889465, 0.017214335501194, 0.005282741971313953, 0.012113293632864952, -0.010740453377366066, 0.042342688888311386, 0.013661103323101997, -0.037228189408779144, 0.017214335501194, -0.007463134825229645, 0.022180786356329918, 0.010336676612496376, 0.04271954670548439, -0.007961126044392586, 0.005602397955954075, -0.006729607470333576, 0.0034371470101177692, 0.047941721975803375, -0.022961420938372612, 0.013365000486373901, 0.006012904457747936, 0.0013989171711727977, -0.006658946629613638, -0.0796247124671936, -0.0145224928855896, 0.013795695267617702, 0.02335173822939396, -0.01059913169592619, -0.022436510771512985, -0.01461670733988285, 0.02133285626769066, -0.010370325297117233, 0.017725786194205284, -0.03598994016647339, -0.021400151774287224, -0.015989547595381737, 0.02205965295433998, 0.011393225751817226, -0.0031511387787759304, -0.022530725225806236, 0.01810264401137829, -0.013795695267617702, 0.05227559059858322, -0.0021433799993246794, -0.011399954557418823, 0.0033631213009357452, 0.004209369421005249, 0.009872334077954292, 0.023109471425414085, -0.0272145327180624, 0.0197177492082119, 0.02277299202978611, -0.013041979633271694, -0.017873836681246758, -0.019031329080462456, 0.02044454775750637, -0.011662409640848637, -0.008499493822455406, -0.023378655314445496, 0.001946538919582963, 0.001850642031058669, 0.021171344444155693, -0.02510143630206585, 0.009535853751003742, 0.02200581692159176, -0.000896720215678215, -0.012792984023690224, 0.038304924964904785, -0.03658214583992958, -0.02555904909968376, 0.04172356426715851, 0.01335827074944973, -0.033109668642282486, -0.030363988131284714, 0.012651662342250347, -0.04102368652820587, -0.023499788716435432, 0.016151057556271553, 0.010323218069970608, -0.0006738019292242825, 0.0009513982222415507, -0.007678482215851545, 0.005989350378513336, -0.026904970407485962, -0.014172553084790707, -0.02115788497030735, 0.006699324119836092, 0.03860102966427803, 0.011319199576973915, 0.0012878786073997617, -0.013304433785378933, -0.017779622226953506, 0.00042754036257974803, -0.010652968659996986, -0.007786155678331852, -0.014724381268024445, -0.014293686486780643, -0.02004077099263668, 0.04118519648909569, -0.006043187342584133, -0.036420635879039764, 0.004707360174506903, -0.008883081376552582, 0.01026938110589981, 0.0001891650608740747, -0.009966548532247543, -0.028856556862592697, 0.023930484429001808, 0.008472575806081295, 0.008560060523450375, -0.005444252397865057, 0.028129758313298225, -0.03666290268301964, 0.013903369195759296, 0.014737839810550213, 0.009670445695519447, -0.03144072741270065, -0.02640697918832302, 0.0013450803235173225, -0.002976168878376484, 0.025222567841410637, 0.005296200979501009, -0.02648773416876793, -0.03232903406023979, -0.018856359645724297, -0.03838568180799484, 0.04856084659695625, 0.0043305023573338985, -0.017685407772660255, -0.0092801284044981, 0.002939156023785472, -0.002451259410008788, -0.023499788716435432, 0.01044435054063797, 0.026689622551202774, -0.01445519644767046, 0.01690477319061756, -0.02596282586455345, -0.020807946100831032, -0.01284682098776102, -0.006514260079711676, 0.004660252947360277, 0.007577538024634123, 0.04629969969391823, 0.0028331647627055645, 0.0005800080252811313, -8.017696382012218e-05, -0.006288818083703518, 0.02533024176955223, -0.01967737264931202, 0.011581654660403728, -0.005316389724612236, 0.005551926326006651, -0.020727191120386124, -0.04158897325396538, 0.028210515156388283, -0.01703936606645584, 0.01458978932350874, 0.028210515156388283, 0.019475484266877174, -0.020552221685647964, 0.00019999552750959992, 0.02165587618947029, 0.015989547595381737, 0.011191337369382381, -0.019112085923552513, -0.030606254935264587, 0.004619875457137823, -0.019260136410593987, -0.0142802270129323, -0.008809056133031845, -0.009993467479944229, 0.0018388652242720127, 0.01712012104690075, -0.023163309320807457, 0.02152128517627716, 0.011083663441240788, -0.024172749370336533, -0.008687922731041908, -0.010942341759800911, -0.018573716282844543, 0.011346118524670601, 0.012328640557825565, 0.028668127954006195, 0.023930484429001808, 0.05335232615470886, 0.009899252094328403, 0.00011471877951407805, -0.016514455899596214, 0.015478096902370453, -0.012604555115103722, 0.013809154741466045, 0.008082258515059948, 0.007907289080321789, -0.016729803755879402, 0.0013467626413330436, -0.011083663441240788, 0.005858123302459717, 0.0319252572953701, 0.018614094704389572, 0.008364901877939701, -0.010841397568583488, -0.013903369195759296, 0.001048136386089027, 0.013439025729894638, 0.02421312779188156, -0.014603247866034508, 0.00308720744214952, 0.010996178723871708, 0.025168731808662415, 0.023526707664132118, -0.01689131371676922, 0.012813172303140163, -0.00019621012324932963, -0.012981412932276726, -0.013311163522303104, 0.006904577370733023, -0.014199472032487392, -0.022086571902036667, 0.013385188765823841, -0.029287250712513924, -0.01535696443170309, -0.02075411006808281, 0.027281828224658966, 0.013277515769004822, -0.0018203587969765067, 0.01905824802815914, -0.00689111789688468, -0.013674561865627766, -0.00583793455734849, 0.013338081538677216, -0.0220192763954401, -0.02541099674999714, -0.0019330796785652637, 0.015276208519935608, 0.002183757722377777, -0.0053029307164251804, -0.019031329080462456, 0.0027372678741812706, -0.005326484329998493, -0.004963085521012545, -0.00867446418851614, -0.02367475815117359, -0.004710725042968988, 0.03407873213291168, 0.018277613446116447, -0.017133580520749092, 0.032975077629089355, -0.02448231168091297, 0.03752429038286209, 0.01488589122891426, -0.009132076986134052, -0.027133777737617493, 0.020188821479678154, 0.000972428300883621, 0.021803928539156914, -0.007779426407068968, -0.005689883138984442, -0.007079546805471182, -0.01351978164166212, -0.015545393340289593, -0.004175721202045679, 0.008654274977743626, 0.00576054397970438, 0.07241057604551315, 0.028668127954006195, 0.007786155678331852, 0.030283233150839806, -0.025760937482118607, 0.015801118686795235, 0.009993467479944229, 0.011399954557418823, -0.02590898796916008, -0.014697462320327759, 0.018506420776247978, 0.0011112263891845942, -0.01730854995548725, -0.014024501666426659, -0.03550541028380394, -0.011373036541044712, 0.0131765715777874, 0.0359630212187767, -0.01093561202287674, -0.000532480189576745, 0.018856359645724297, 0.006773349829018116, 0.03152148053050041, 0.005040476098656654, -0.0125036109238863, 0.013809154741466045, 0.020955996587872505, -0.020632976666092873, -0.013324622996151447, -0.024266963824629784, 0.007342001888900995, 0.0067464313469827175, -0.028264351189136505, -0.01631256751716137, -0.012584365904331207, -0.004993368871510029, -0.015841495245695114, 0.0046266051940619946, 0.023432493209838867, 0.036609064787626266, -0.004905883688479662, -0.01194505300372839, -0.013095815666019917, 0.011877757497131824, -0.035263143479824066, -0.02411891333758831, 0.01631256751716137, -0.01244304422289133, -0.026904970407485962]","[-0.014619442634284496, 0.028778642416000366, 0.011688785627484322, -0.021292947232723236, -0.013509447686374187, 0.02245708741247654, -0.007851182483136654, -0.032271064817905426, -0.02622024156153202, -0.0013874933356419206, 0.017543330788612366, 0.007939169183373451, -0.004453515168279409, 0.003688701894134283, -0.006835943087935448, 0.007499232422560453, 0.02069734036922455, -0.014267493039369583, 0.01017269492149353, -0.026802310720086098, 0.006419694982469082, -0.0042301625944674015, -0.00030351418536156416, -0.009962879121303558, -0.02309330366551876, -0.0048562269657850266, 0.012771707028150558, -0.0030287965200841427, -3.9446265873266384e-05, 0.03032180666923523, 0.01721845380961895, 0.014714198186993599, -0.03259594365954399, -0.014240419492125511, -0.011979821138083935, -0.011790309101343155, 0.0013849552487954497, 0.005015281029045582, 0.044751737266778946, -0.003918822854757309, 0.020683804526925087, -0.003250457113608718, -0.0024382658302783966, -0.01908649504184723, -0.006460304372012615, 0.027059504762291908, 0.032514721155166626, -0.0514117069542408, -0.01624382473528385, 0.004568575881421566, 0.019316615536808968, 0.029157666489481926, -0.04388539865612984, 0.015418097376823425, -0.021631360054016113, -0.011695553548634052, 0.030754975974559784, 0.03955371305346489, -0.011952747590839863, 0.005702259484678507, 0.015445169992744923, 0.005367230623960495, 0.0031793902162462473, 0.006852863822132349, -0.02207806520164013, -0.028616204857826233, -0.001964487601071596, -0.004798696376383305, 0.0030135679990053177, 0.002022017724812031, 0.0073638674803078175, 0.014443467371165752, -0.012067807838320732, 0.0013688806211575866, 0.02818303555250168, -0.003925591241568327, -0.02708657830953598, -0.008568617515265942, 0.017421502619981766, 0.0009280976955778897, 0.0005118497065268457, 0.0036413241177797318, -0.020656730979681015, 0.016555164009332657, 0.007769962772727013, 0.024758296087384224, -0.007005149498581886, 0.031513020396232605, -0.0006497529684565961, -0.014511150307953358, -0.0034264319110661745, 0.0056345765478909016, 0.04778391867876053, 0.0049983602948486805, 0.013245485723018646, 0.024027325212955475, 0.0015592379495501518, 0.0339495949447155, 0.008467094041407108, -0.01732674613595009, -0.019682101905345917, 0.012839389964938164, -0.025665244087576866, -0.01834198646247387, -0.0022538306657224894, 0.000123520745546557, 0.020927460864186287, -0.01621675118803978, -0.014822490513324738, -0.008771665394306183, -0.0066633522510528564, 0.034734711050987244, 0.023648301139473915, -0.01142482366412878, 0.005505979992449284, -0.0064095426350831985, -0.013252253644168377, -0.03684641048312187, -0.026991821825504303, -0.010193000547587872, 0.029293030500411987, 0.01059909537434578, 0.013380850665271282, -0.02459585852921009, 0.00022927482496015728, -0.016054313629865646, 0.020264171063899994, -0.014375785365700722, -0.005675186403095722, -0.025638170540332794, 0.029238885268568993, 0.01711016148328781, 0.008345264941453934, 0.03744201734662056, -0.014538222923874855, -0.0031675458885729313, -0.035655196756124496, 0.0009357120143249631, -0.03156716749072075, -0.023770131170749664, 0.011621102690696716, 0.029130592942237854, -0.0008363031665794551, -0.013313167728483677, -0.0305925365537405, 0.014023835770785809, 0.011472200974822044, -0.005191255826503038, 0.01961441896855831, -0.0032555332873016596, 0.04496832191944122, 0.010003488510847092, -0.027059504762291908, 0.018802227452397346, 0.0031489331740885973, -0.0064839934930205345, 0.008717519231140614, 0.0019103414379060268, 0.011350372806191444, 0.00022208354494068772, 0.005228481255471706, 0.0008354571182280779, 0.008216667920351028, 0.023418180644512177, 0.01586480252444744, 0.00841971579939127, 0.00024090777151286602, -0.030673755332827568, -0.002971266396343708, -0.012338538654148579, 0.00430799787864089, 0.014023835770785809, -0.024162689223885536, 0.00829788763076067, 0.0083655696362257, 0.005089731886982918, 0.009387576952576637, 0.020020514726638794, -0.030646683648228645, -0.036250803619623184, -0.0048562269657850266, 0.0102268410846591, 0.005258938297629356, 0.045726366341114044, -0.017516257241368294, -0.04540149122476578, 0.009692149236798286, -0.006274177227169275, 0.02081916853785515, 0.011682017706334591, 0.009116847068071365, 0.005147262010723352, -0.005807167384773493, 0.0023671991657465696, -0.5956069231033325, -0.019289541989564896, -0.0013680346310138702, -0.039634931832551956, -0.004345223307609558, -0.015621145255863667, -0.011086410842835903, 0.023377571254968643, -0.045130759477615356, 0.04491417482495308, -0.0018325065029785037, 0.04364174231886864, 0.002878202823922038, -0.0005152338417246938, 0.01073446124792099, -0.01612199656665325, 0.005302932113409042, -0.017949426546692848, -0.01279878057539463, 0.013401155360043049, -0.011079641990363598, 0.016676994040608406, 0.015120293945074081, 0.010957813821732998, -0.0032352283596992493, -0.03484300523996353, 0.01608138717710972, -0.005651497282087803, -0.007885023020207882, 0.045347344130277634, -0.03270423412322998, 0.02233525924384594, -0.005996678490191698, -0.01154665183275938, 0.048731476068496704, -0.003874829038977623, -0.04201735928654671, 0.0005338465562090278, -0.0025685548316687346, 0.042369309812784195, -0.0024839516263455153, -0.022565379738807678, -0.012216709554195404, -0.025922438129782677, -0.024920735508203506, 0.0056345765478909016, 0.022741355001926422, 0.015566999092698097, -0.00352287944406271, -0.03392251953482628, -0.0005351155996322632, 0.004636258352547884, 0.004033883102238178, -0.009631234221160412, 0.006785180885344744, -0.012900304049253464, 0.013874934054911137, 0.014700661413371563, 0.009096542373299599, -0.01683943159878254, 0.012460367754101753, 0.01748918555676937, -0.021428313106298447, 0.016419799998402596, -0.03979736939072609, 0.01658223755657673, 0.0006472148816101253, 0.00044585915748029947, 0.02007465995848179, -0.024541711434721947, -0.01984453946352005, 0.018815763294696808, -0.012257319875061512, 0.005604119505733252, -0.0013257330283522606, 0.008954408578574657, 0.023255743086338043, -0.03530324622988701, -0.0177057683467865, 0.0073638674803078175, 0.023553546518087387, -0.030159369111061096, -0.031404729932546616, -0.015756510198116302, 0.010707387700676918, -0.014524687081575394, -0.03838957101106644, -0.006649815943092108, 0.03435568884015083, -0.013096584007143974, 0.0028274408541619778, 0.04954366758465767, -0.005793631076812744, -0.023770131170749664, -0.03329984098672867, 0.023634765297174454, 0.01222347840666771, 0.0017563635483384132, 0.01983100362122059, -0.021062826737761497, -0.03148594871163368, -0.02071087621152401, 0.0035668732598423958, 0.009956111200153828, 0.037523236125707626, 0.011208239011466503, -0.009143919683992863, 0.010132085531949997, 0.0017952810740098357, -0.015566999092698097, -0.008230204693973064, -0.00021806488803122193, -0.005583814810961485, 0.0033672095742076635, -0.011526347137987614, -0.030484244227409363, 0.022660136222839355, -0.024731222540140152, -0.00186465575825423, 0.0249748807400465, 0.0012944297632202506, 0.02693767659366131, 0.0014433314790949225, -0.015661753714084625, -0.0019966368563473225, 0.015648217871785164, -0.005434913095086813, -0.01073446124792099, 0.02444695681333542, 0.0005203100154176354, 0.008230204693973064, -0.025259148329496384, 0.03405788540840149, -0.01861271634697914, 0.04055541753768921, -0.01820662058889866, 0.002032170072197914, 0.0072081973776221275, -0.003928975202143192, -0.017895281314849854, 0.01361097116023302, 0.004791928455233574, 0.043506376445293427, -0.023174524307250977, 0.004795312415808439, -0.019005274400115013, -0.045861732214689255, 0.007668438833206892, -0.030619610100984573, 0.004724245518445969, -0.028859863057732582, -0.023783667013049126, -0.015106757171452045, 0.008832579478621483, -0.019005274400115013, -0.0006480609299615026, 0.0138004831969738, -0.02559756115078926, -0.021414775401353836, -0.023526472970843315, -0.022132212296128273, 0.016541628167033195, -0.02469061315059662, -0.018436741083860397, -0.019763320684432983, -0.030051076784729958, -0.02494780719280243, -0.0012225169921293855, 0.0010017025051638484, -0.030727902427315712, -0.030538391321897507, -0.014822490513324738, -0.022375868633389473, -0.024650003761053085, -0.0031793902162462473, 0.0303488802164793, -0.03855201229453087, 0.010558485984802246, 0.013150730170309544, -0.02444695681333542, -0.01068031508475542, 0.007763194851577282, -0.00708636874333024, -0.013042437843978405, 0.022145748138427734, 0.008460325188934803, 0.016040777787566185, -0.007235270459204912, 0.011986589059233665, 0.03928298503160477, 0.029401322826743126, -0.014484076760709286, 0.017164308577775955, 0.0022166052367538214, -0.0033519810531288385, 0.0035905621480196714, 0.003390898462384939, 0.0010550025617703795, 0.022267576307058334, 0.007573683280497789, 0.00979367271065712, 0.01621675118803978, 0.023783667013049126, -0.01774637959897518, 0.0111743975430727, -0.01961441896855831, -0.0057597896084189415, -0.01633858121931553, 0.003610866842791438, 0.004233547020703554, -0.0029780345503240824, -0.020886851474642754, 0.006835943087935448, 0.009292821399867535, 0.022010382264852524, 0.03644031286239624, -0.01984453946352005, -0.001454329933039844, -0.013996762223541737, 0.017299672588706017, -0.006169269327074289, -0.011986589059233665, 0.011560188606381416, 0.027005359530448914, -5.343224256648682e-05, 0.03489714860916138, -0.007749658077955246, 0.03782103955745697, -0.013326704502105713, -0.017814060673117638, 0.020264171063899994, 0.01498492807149887, -0.00015863109729252756, 0.013164266012609005, 0.023919032886624336, 0.019181249663233757, -0.004328302573412657, 0.0013815711718052626, 0.04031175747513771, -0.012704025022685528, -0.005516132339835167, 0.020277708768844604, 0.022619526833295822, -0.042233943939208984, 0.018287839367985725, 0.005631192587316036, 0.0016167681897059083, 0.04819001257419586, 0.018152473494410515, 0.017259063199162483, -0.008703982457518578, -0.006030519958585501, 0.003939127549529076, 0.002967882202938199, 0.020386001095175743, -0.02532682940363884, -0.011445128358900547, 0.01985807530581951, 0.0005262322374619544, 0.0222269669175148, 0.02596304751932621, -0.030267659574747086, 0.017529794946312904, -0.02959083393216133, 0.011357140727341175, 0.022497696802020073, 0.001935722422786057, -0.03503251448273659, 0.014511150307953358, -0.007729353383183479, -0.001901881187222898, -0.026030728593468666, -0.02994278445839882, -0.02547573111951351, -0.015702364966273308, 0.001541471341624856, 0.0015863110311329365, -0.0006599053740501404, 0.013177802786231041, 0.014768344350159168, -0.01997990533709526, 0.02096807025372982, -0.0066328952088952065, -0.014199810102581978, 0.007093136664479971, -0.008169290609657764, 0.011343603953719139, 0.007851182483136654, -0.009888428263366222, 0.009231907315552235, 0.005025433376431465, 0.006649815943092108, 0.008182826451957226, -0.017570404335856438, -0.01744857430458069, 0.009516173973679543, 0.030375951901078224, -0.012467135675251484, 0.007309721317142248, 0.01797650009393692, -0.005458602216094732, 0.04930000752210617, -0.008385874330997467, -0.04280247911810875, 0.03554690256714821, 0.003176006255671382, -0.020034050568938255, -0.02696475014090538, 0.007912096567451954, 0.007330026011914015, -0.016649920493364334, -0.021116971969604492, -0.013184571638703346, 0.019032347947359085, 0.015066147781908512, 0.012257319875061512, 0.007038990966975689, 0.0038917497731745243, 0.011451896280050278, -0.002632853342220187, 0.013299631886184216, -0.00829788763076067, -0.023133913055062294, 0.014362248592078686, 0.025272684171795845, 0.019817465916275978, -0.0005478060920722783, -0.0029289645608514547, -0.016257360577583313, 0.02834547497332096, -0.004876531660556793, -0.014808953739702702, 0.017949426546692848, -0.02996985614299774, -0.009150687605142593, 0.009901965036988258, 0.002485643606632948, -0.0063723172061145306, -0.009956111200153828, -0.006541523616760969, 0.0014704045606777072, -0.009881660342216492, -0.0021743036340922117, 0.004565191455185413, 0.002150614745914936, 0.0021573828998953104, 0.015756510198116302, 0.026030728593468666, 0.015215049497783184, 0.008128680288791656, 0.020250635221600533, 0.005150645971298218, 0.02720840647816658, -0.035519830882549286, -0.03917469084262848, 0.006944234948605299, 0.010396047495305538, 0.006159116979688406, 0.004362143576145172, 0.04258589446544647, 0.021238800138235092, 0.0004936599871143699, 0.01540456060320139, 0.0017885128036141396, -0.005451833829283714, 0.037523236125707626, -0.011573725380003452, 0.012568659149110317, 0.02023709937930107, -0.010863058269023895, -0.02620670385658741, 0.02883278951048851, -0.012886768206954002, 0.02010173350572586, -0.024812443181872368, -0.017137235030531883, -0.040420051664114, -0.01074122916907072, 0.020494291558861732, 0.0006599053740501404, 0.0015499315923079848, -0.01683943159878254, -0.019262468442320824, -0.019993441179394722, -0.02356708236038685, -0.0023384338710457087, 0.026409752666950226, -0.0029035836923867464, 0.016067849472165108, -0.010138854384422302, -0.03240643069148064, -0.004639642313122749, -0.019763320684432983, 0.005428144708275795, -0.02743852697312832, -0.02159075066447258, -0.01845027692615986, 0.03018644079566002, 0.04602416977286339, 0.016054313629865646, 0.0064907618798315525, -0.0005080425180494785, 0.00019078033801633865, -0.005881618242710829, -0.00829788763076067, -0.014863099902868271, -0.006050824653357267, 0.0048190015368163586, -0.02356708236038685, -0.004450131207704544, 0.004220010247081518, -0.013753104954957962, -0.019289541989564896, 0.03367886319756508, 0.0028206724673509598, -0.02060258388519287, 0.010626168921589851, 0.010497571900486946, 0.029753273352980614, 0.0010981502709910274, 0.02194269932806492, 0.012209941633045673, 0.008094839751720428, -0.01254835445433855, -0.00804069358855486, 0.016135532408952713, -0.01265664678066969, -0.019127104431390762, -0.011181166395545006, 0.004727629944682121, 0.007011917885392904, 0.007600756362080574, -0.024880124256014824, 0.007235270459204912, 0.017137235030531883, -0.023309888318181038, 0.027357308194041252, 0.025150856003165245, 0.0248530525714159, 0.012947682291269302, 0.0048494585789740086, 0.025800608098506927, -0.0038951337337493896, 0.016149070113897324, -0.005011896602809429, -0.014836026355624199, 0.03495129570364952, 0.003536415984854102, -0.007309721317142248, -0.009184529073536396, 0.01897820271551609, -0.015187975950539112, -0.019803930073976517, -0.00667350459843874, 0.0042436993680894375, -0.002705611987039447, -0.011722627095878124, -0.012967986986041069, -0.04388539865612984, -0.0063790855929255486, 0.009786904789507389, 0.0019306462490931153, -0.026504507288336754, 0.006971308030188084, -0.013996762223541737, -0.014199810102581978, -0.0022673672065138817, -0.010206536389887333, 0.009374040178954601, -0.025123782455921173, -0.01799003593623638, 0.01529626827687025, 0.022565379738807678, -0.003536415984854102, -0.0029949552845209837, 0.006213263142853975, -0.004077876918017864, -0.007763194851577282, -0.037766892462968826, -0.04123224318027496, -0.007736121769994497, 0.009651538915932178, 0.024622932076454163, 0.019289541989564896, 0.0017208302160724998, -0.016920650377869606, 0.046755142509937286, -0.014795416966080666, 0.022430015727877617, 0.0005596505361609161, 0.015242122113704681, 0.005905307363718748, -0.007790267467498779, 0.00905593205243349, 0.031377654522657394, 0.016907114535570145, 0.008379106409847736, -0.004260620102286339, -0.006734419148415327, 0.05793630704283714, -0.02172611653804779, 0.007580451667308807, -0.01612199656665325, -0.05281950533390045, -0.009956111200153828, 0.021171119064092636, -0.014023835770785809, 0.0002834209008142352, -0.042883697897195816, -0.010125317610800266, 0.04069077968597412, 0.019925758242607117, 0.016189679503440857, -0.009313126094639301, 0.01030806079506874, 0.00526909064501524, -0.007072831969708204, -0.019939295947551727, 0.0019188018050044775, -0.015553462319076061, 0.00540107162669301, -0.02534036710858345, -0.0024687228724360466, 0.019492588937282562, -0.009556783363223076, 0.015323341824114323, 0.015661753714084625, -0.018071254715323448, -0.015770046040415764, 0.02148245833814144, -0.017949426546692848, 0.0003451812663115561, -0.017299672588706017, -0.03232521191239357, -0.013272558338940144, 0.0009450183715671301, 0.012088113464415073, -0.01784113422036171, 0.03408496081829071, 0.021116971969604492, -0.0002762296353466809, 0.021144045516848564, -0.020751485601067543, -0.0014035679632797837, 0.015918947756290436, -0.012000125832855701, 0.0621597021818161, 0.00372931151650846, 0.01786820776760578, 0.012318233959376812, -0.0011286074295639992, -0.007038990966975689, -0.009346967563033104, 0.01179707795381546, 0.0011852915631607175, 0.03866030275821686, 0.04827123135328293, -0.009069468826055527, -0.02394610457122326, 0.007235270459204912, 0.005076195113360882, -0.02359415590763092, 0.011377445422112942, 0.0019932526629418135, 0.0009983184281736612, -0.010951044969260693, -0.003424739697948098, 0.012588963843882084, -0.023905495181679726, 0.012399452738463879, 0.004165864083915949, 0.01748918555676937, -0.0010956121841445565, -0.019276006147265434, -0.046619776636362076, 0.010186231695115566, -0.01322518102824688, 0.01920832321047783, 0.007485696114599705, 0.01659577526152134, -0.02907644584774971, 0.008487398736178875, -0.006480609532445669, 0.008426483720541, -0.0022318337578326464, 0.007742889691144228, -0.017272600904107094, 0.00804069358855486, 0.007837645709514618, -0.006480609532445669, -0.035871781408786774, -0.012521281838417053, 0.01047726720571518, 0.02883278951048851, -0.014714198186993599, 0.003874829038977623, 0.012006893754005432, 0.021306483075022697, -0.014998464845120907, 0.014687124639749527, -0.01832844875752926, -0.004957750905305147, -0.01995283178985119, 0.008067766204476357, 0.024731222540140152, 0.012676951475441456, -0.020995143800973892, -0.027776939794421196, 0.006111739203333855, 0.030646683648228645, -5.784747554571368e-05, 0.004135407041758299, -0.030267659574747086, -0.010348670184612274, -0.026775237172842026, 0.012399452738463879, 0.00761429313570261, 0.028643278405070305, -0.005150645971298218, 0.0073570990934967995, 0.018247229978442192, 0.015418097376823425, 0.011201471090316772, 0.0015820808475837111, 0.005319852847605944, -0.017042480409145355, -0.00016836047871038318, -0.011059337295591831, -0.00898825004696846, -0.005049122031778097, 0.012446830980479717, -0.014632978476583958, -0.047973427921533585, -0.0072826482355594635, 0.016947723925113678, -0.013827555812895298, -0.013252253644168377, -0.011181166395545006, 0.022375868633389473, -0.015215049497783184, -0.0004627798043657094, -0.0138004831969738, -0.0446975901722908, 0.020169416442513466, -0.004071108531206846, -0.020426610484719276, -0.01784113422036171, -0.02447403036057949, -0.004030499141663313, -0.0003967892553191632, 0.01708308979868889, -0.002243678318336606, -0.04556392878293991, -0.009861355647444725, -0.0009162532514892519, 0.024907197803258896, -0.01354328915476799, 0.007336794398725033, -0.02073794975876808, -0.03392251953482628, -0.021793797612190247, 0.02096807025372982, -0.013204876333475113, 0.004839306231588125, 0.006297866348177195, 0.03221691772341728, 0.007181124296039343, 0.01422688364982605, -0.009340199641883373, -0.02096807025372982, -0.02918473817408085, -0.012237015180289745, -0.016040777787566185, -0.012670183554291725, -0.02207806520164013, 0.040880292654037476, 0.024122079834342003, 0.012358843348920345, -0.01612199656665325, -0.02547573111951351, -0.018802227452397346, -0.009942574426531792, -0.013956152833998203, -0.004006810020655394, 0.04253174737095833, 0.018138937652111053, 0.000950940593611449, 0.03208155557513237, 0.01080214325338602, 0.035005442798137665, -0.022565379738807678, 0.013996762223541737, -0.001786820706911385, -0.02921181172132492, 0.003928975202143192, -0.008345264941453934, -0.026152558624744415, 0.022524770349264145, 0.03381422907114029, -0.020995143800973892, 0.03294789046049118, 0.017922352999448776, -0.014050908386707306, -0.03679226338863373, 0.004768239334225655, 0.0031489331740885973, -0.01254835445433855, -0.0027140723541378975, 0.007627829443663359, -0.03181082382798195, -0.017123699188232422, 0.0129138408228755, 0.014321639202535152, -0.00936727225780487, 0.007160819601267576, 0.01491724606603384, -0.013022133149206638, 0.01933015137910843, 0.0038917497731745243, -0.008900262415409088, -0.011566956527531147, -0.06004800647497177, 0.046105388551950455, 0.01517444010823965, -0.0037936100270599127, 0.040365904569625854, 0.005854545161128044, 0.024528175592422485, -0.020548438653349876, 0.026802310720086098, -0.002927272580564022, -0.017177844420075417, -0.0023485864512622356, -0.029374249279499054, 0.015052611008286476, -0.001429795054718852, 0.03186497092247009, -0.011215007863938808, -0.0012885075993835926, 0.01478188019245863, -0.012724329717457294, -0.009841050952672958, -0.013015364296734333, 0.008575385436415672, -0.044860031455755234, -0.03422032296657562, 0.006578749045729637, -0.0006002601003274322, 0.0010084707755595446, -0.030403025448322296, -0.015702364966273308, 0.012961219064891338, -0.016907114535570145, 0.006910393945872784, 0.004937445744872093, -0.012940913438796997, -0.005478906910866499, 0.0284537672996521, -0.0033282919321209192, -0.005461986176669598, 0.19286835193634033, 0.004358759615570307, 0.006060977000743151, 0.02309330366551876, -0.014253956265747547, 0.009807209484279156, 0.01659577526152134, -0.00936727225780487, -0.015783583745360374, 0.022754890844225883, -0.012934145517647266, 0.0034755016677081585, 0.002284287940710783, 0.006819022353738546, -0.0033265999518334866, -0.006385853514075279, -0.033651791512966156, -0.02382427640259266, -0.005306316073983908, -0.009881660342216492, 0.008812274783849716, 0.010443425737321377, -0.016027240082621574, -0.01466005202382803, 0.014700661413371563, -0.00174621120095253, 0.035005442798137665, 0.01085628941655159, 0.01173616386950016, 0.01509322039783001, -0.007465391419827938, 0.0020524749998003244, -0.0021996847353875637, -0.002852821722626686, -0.03652153164148331, 0.001519474433735013, 0.04583466053009033, -0.01173616386950016, 0.015878338366746902, 0.015269195660948753, 2.029156166827306e-05, -0.02682938426733017, 0.020643193274736404, -0.03148594871163368, 0.005543205421417952, -0.0017013713950291276, -0.013624507933855057, 0.006020367611199617, -0.0035499525256454945, 0.035384465008974075, -0.0232015959918499, -0.02697828598320484, 0.035276174545288086, -0.0028139043133705854, 0.0038308354560285807, -0.017001869156956673, 0.03135058283805847, 0.016528092324733734, -0.01721845380961895, 0.014944318681955338, 0.009516173973679543, -7.21771502867341e-05, 0.0039052863139659166, 0.0177057683467865, 0.005719180218875408, -0.003956048283725977, 0.0009830897906795144, -0.02834547497332096, 0.011837687343358994, 0.0071337465196847916, -0.0034044350031763315, -0.028670350089669228, 0.014565296471118927, 0.010517876595258713, 0.0005122727015987039, -0.029022300615906715, 0.020250635221600533, 0.013983226381242275, 0.00515403039753437, 0.05192609503865242, -0.011594030074775219, -0.023066231980919838, 0.00947556458413601, -0.011018727906048298, -0.04052834212779999, -0.0012935837730765343, 0.0037123907823115587, -0.0050423541106283665, -0.014700661413371563, 0.0005571124493144453, -0.008142217062413692, 0.03197326138615608, -0.0036244033835828304, -0.020656730979681015, -0.008643068373203278, 0.01311012078076601, 0.02907644584774971, 0.01885637268424034, -0.00953647866845131, -0.007512769196182489, -0.029915710911154747, 0.01922185905277729, 0.010896898806095123, -0.0031793902162462473, -0.02456878498196602, -0.010592327453196049, -0.003969584591686726, 0.009509406052529812, 0.0007009379914961755, -0.03121521696448326, 0.018626252189278603, -0.028291327878832817, -0.005837624426931143, -0.014944318681955338, -0.004179400857537985, 0.019993441179394722, 0.030024003237485886, -0.006358780432492495, -0.00942818634212017, 0.007769962772727013, 0.028534986078739166, -0.04320857301354408, 0.010463730432093143, -0.006622742861509323, 0.0028274408541619778, -0.029617907479405403, -0.00751953711733222, 0.005461986176669598, 0.006324939429759979, -0.013888469897210598, 0.014050908386707306, -0.015431633219122887, 0.00595945306122303, -0.02084624208509922, -0.0043553756549954414, -0.0029509614687412977, -0.0015482396120205522, -0.01958734542131424, 0.019573809579014778, 0.022998549044132233, 0.012568659149110317, -0.02172611653804779, 0.022023919969797134, 0.02969912625849247, 0.01317103486508131, -0.024311590939760208, -0.012886768206954002, -0.023120377212762833, -0.017056016251444817, -0.02934717759490013, 0.011282689869403839, -0.0017208302160724998, 0.018937593325972557, -0.03254179656505585, -0.004395985044538975, 0.0021083131432533264, 0.02956376038491726, -0.04984147101640701, -0.017908817157149315, 0.016622846946120262, -0.019627954810857773, 0.005211560521274805, 0.01229116041213274, -0.018924055621027946, -0.02559756115078926, -0.008893494494259357, -0.1693689525127411, 0.0324876494705677, 0.029401322826743126, -0.01574297435581684, -0.00867014192044735, 0.015391023829579353, 0.035005442798137665, -0.0032893745228648186, -0.006747955456376076, -0.008379106409847736, 0.01460590586066246, -0.010017025284469128, -0.048839766532182693, -0.024622932076454163, -0.019668564200401306, 0.01612199656665325, 0.005411223974078894, 0.014484076760709286, 0.021739652380347252, 0.015675291419029236, 0.02444695681333542, -0.04415613040328026, -0.018287839367985725, -0.01409151777625084, -0.006000062916427851, 0.006849479395896196, 0.004392601083964109, -0.0036717811599373817, -0.0023113610222935677, 0.003925591241568327, 0.001790204900316894, -0.006213263142853975, 0.006280945613980293, -0.024243908002972603, 0.0020372464787214994, -0.020534902811050415, -0.012507745064795017, -0.010511108674108982, -0.017028942704200745, 0.0010854597203433514, 0.00805422943085432, -0.009583856910467148, -0.008643068373203278, 0.020006977021694183, 0.016501018777489662, 0.02645036205649376, -0.003411203157156706, -0.007898559793829918, -0.007837645709514618, -0.025245610624551773, 0.026003656908869743, -0.03405788540840149, 0.0049915919080376625, -0.01600016839802265, 0.015634682029485703, 0.01720491796731949, 0.009353735484182835, 0.011614334769546986, -0.0012673567980527878, -0.034003738313913345, 0.008060998283326626, -0.006192958448082209, 0.007648134138435125, 0.009949342347681522, -0.0015668523265048862, -0.014808953739702702, -0.0177057683467865, 0.017556866630911827, -0.046619776636362076, 0.012988291680812836, -0.01535041444003582, 0.0018477350240573287, -0.01005086675286293, 0.005614271853119135, 0.012521281838417053, 0.014768344350159168, -0.020805632695555687, -0.0004462821816559881, 0.009556783363223076, 0.01612199656665325, -0.026382679119706154, 0.036359094083309174, -0.026233777403831482, 0.039499565958976746, -0.009725989773869514, 0.002340126084163785, 0.0035939463414251804, -0.007580451667308807, -0.010517876595258713, -0.00545521778985858, 0.0027174565475434065, -0.008338497020304203, -0.023621229454874992, -0.0008773357258178294, -0.0005575354443863034, 0.007736121769994497, 0.00787148717790842, 0.006971308030188084, 0.019397834315896034, -0.0031455489806830883, 0.022294649854302406, -0.017516257241368294, -0.031269364058971405, 0.017922352999448776, 0.015201512724161148, 0.012778475880622864, 0.012582195922732353, -0.017259063199162483, 0.04117809608578682, 0.016135532408952713, -0.0451849065721035, 0.016528092324733734, -0.008649836294353008, 0.022985011339187622, 0.005286011379212141, 0.04255882278084755, -0.01491724606603384, 0.002781755058094859, -0.0015270886942744255, 0.013651581481099129, 0.04331686720252037, -0.011695553548634052, 0.00810837559401989, 0.014281029812991619, 0.0023198211565613747, 0.0013367313658818603, -0.09432247281074524, -0.018057718873023987, 0.021536603569984436, 0.02022356167435646, -0.01535041444003582, -0.02072441391646862, -0.011824150569736958, 0.01808479242026806, -0.02444695681333542, 0.014484076760709286, -0.034626420587301254, -0.024555249139666557, -0.008629531599581242, 0.01624382473528385, 0.012792011722922325, -0.0032538410741835833, -0.024920735508203506, 0.011641407385468483, -0.006920546293258667, 0.045970022678375244, -0.002578707179054618, -0.013786946423351765, 0.004808849189430475, 0.008027156814932823, 0.005235249176621437, 0.018693935126066208, -0.025556951761245728, 0.020034050568938255, 0.014362248592078686, -0.016446873545646667, -0.0193572249263525, -0.016162605956196785, 0.012846157886087894, -0.008514471352100372, -0.012270855717360973, -0.026111949235200882, -0.0003536416043061763, -0.0015516236890107393, 0.024541711434721947, -0.02420329861342907, 0.011201471090316772, 0.028995227068662643, -0.0012487440835684538, -0.008121912367641926, 0.037983477115631104, -0.036359094083309174, -0.01720491796731949, 0.052711211144924164, 0.006944234948605299, -0.028399620205163956, -0.031756676733493805, 0.010213305242359638, -0.044481005519628525, -0.02232172340154648, 0.027154261246323586, 0.005126957315951586, 0.006856247782707214, 0.005377382971346378, -0.010355438105762005, 0.0024095007684081793, -0.022633062675595284, -0.01571590080857277, -0.018166011199355125, 0.013434996828436852, 0.03354349732398987, 0.01153988391160965, -0.0006104125059209764, -0.021144045516848564, -0.02094099670648575, -0.007580451667308807, -0.0030744823161512613, -0.005577046424150467, -0.020494291558861732, -0.0204536821693182, -0.02333696186542511, 0.04602416977286339, -0.0028359009884297848, -0.03145887330174446, 0.010605864226818085, -0.01197305228561163, 0.0041929371654987335, 0.004233547020703554, -0.015323341824114323, -0.02073794975876808, 0.027289625257253647, 0.001541471341624856, 0.01646040938794613, 0.0004344377084635198, 0.02447403036057949, -0.03156716749072075, 0.023052694275975227, 0.012995059601962566, 0.01205427199602127, -0.03021351434290409, -0.027479136362671852, 0.0012859695125371218, -0.0013375774724408984, 0.020521365106105804, 0.006192958448082209, -0.029726199805736542, -0.03817299008369446, -0.0276009663939476, -0.04055541753768921, 0.04079907387495041, 0.010233609937131405, -0.010064403526484966, -0.01598663069307804, -0.004883300047367811, 0.0004483972443267703, -0.024663541465997696, 0.010193000547587872, 0.019898684695363045, -0.00816252175718546, 0.014389321208000183, -0.030890339985489845, -0.02444695681333542, -0.016690529882907867, -0.004453515168279409, 0.008541544899344444, 0.006629511248320341, 0.041123948991298676, -0.007715816609561443, 0.002612548414617777, -0.0074247815646231174, -0.006917161867022514, 0.024650003761053085, -0.023648301139473915, 0.018436741083860397, -0.0034822700545191765, 0.021495994180440903, -0.021861480548977852, -0.0399327352643013, 0.030646683648228645, -0.01260250061750412, 0.011682017706334591, 0.032135698944330215, 0.017922352999448776, -0.02095453441143036, -0.0008714135037735105, 0.02184794470667839, 0.005905307363718748, 0.006091434508562088, -0.021062826737761497, -0.03332691267132759, 0.005292779766023159, -0.01572943665087223, -0.010639705695211887, -0.003209847491234541, -0.012419757433235645, 0.0029137360397726297, 0.015215049497783184, -0.018531497567892075, 0.01946551725268364, 0.015918947756290436, -0.023783667013049126, -0.01417273748666048, -0.0073638674803078175, -0.01919478550553322, 0.007235270459204912, 0.012318233959376812, 0.028995227068662643, 0.025868291035294533, 0.053848277777433395, 0.010727692395448685, 0.007566914893686771, -0.010098244063556194, 0.018910519778728485, -0.02321513369679451, 0.011986589059233665, 0.01354328915476799, 0.005275859031826258, -0.023133913055062294, 0.0033485968597233295, -0.017394429072737694, 0.005316468421369791, 0.03246057778596878, 0.021739652380347252, 0.0043181502260267735, -0.008169290609657764, -0.01572943665087223, -0.004483972676098347, 0.015133829787373543, 0.017773451283574104, -0.014578833244740963, 0.001994944643229246, 0.013299631886184216, 0.027993524447083473, 0.027303162962198257, -0.01597309485077858, 0.018896982073783875, 0.005756405647844076, -0.007695511914789677, -0.017056016251444817, 0.004423058126121759, -0.007905327714979649, -0.031133998185396194, 0.012304697185754776, -0.016054313629865646, -0.02520500123500824, -0.02084624208509922, 0.026152558624744415, 0.009583856910467148, 0.004825769457966089, 0.013590666465461254, -0.0006654046010226011, -0.01624382473528385, -0.0048934523947536945, 0.017800524830818176, -0.02010173350572586, -0.024514639750123024, 0.0008680293685756624, 0.016446873545646667, -0.0018578874878585339, 0.0025465579237788916, -0.013008596375584602, 0.011201471090316772, -0.009123614989221096, 0.004402753431349993, 0.0021336940117180347, -0.02634206973016262, -0.00558719877153635, 0.027506209909915924, 0.017245527356863022, -0.010863058269023895, 0.03308325633406639, -0.03218984603881836, 0.03573641553521156, 0.02731669880449772, -0.009942574426531792, -0.024379273876547813, 0.01600016839802265, 0.003617635229602456, 0.015201512724161148, -0.012744634412229061, -0.0005579584394581616, -0.015918947756290436, -0.010903667658567429, -0.020318318158388138, 0.00010987847781507298, 0.01042988896369934, 0.007411245256662369, 0.07553378492593765, 0.034734711050987244, 0.008548312820494175, 0.024812443181872368, -0.024609394371509552, 0.00998995266854763, 0.006957771722227335, 0.016663456335663795, -0.03107985109090805, -0.012128722853958607, 0.02209160104393959, 0.007587220054119825, -0.01600016839802265, -0.020386001095175743, -0.03240643069148064, -0.0066701206378638744, 0.005096500273793936, 0.034274470061063766, -0.0032606094609946012, -0.007790267467498779, 0.017529794946312904, 0.012785243801772594, 0.02335049770772457, 0.0037733050994575024, -0.009969647973775864, 0.010023793205618858, 0.01610845886170864, -0.012412989512085915, -0.011215007863938808, -0.022159283980727196, 0.012088113464415073, 0.006311402656137943, -0.024812443181872368, -0.018991738557815552, -0.017015406861901283, -0.001420488697476685, -0.00899501796811819, -0.0013688806211575866, 0.02282257378101349, 0.037387870252132416, 0.00039700078195892274, -0.010883362963795662, -0.017313210293650627, 0.02010173350572586, -0.04726953059434891, -0.022159283980727196, 0.016379190608859062, -0.01434871181845665, -0.02483951486647129]","[-0.02162109687924385, -0.011494046077132225, -0.009293057955801487, -0.037724047899246216, 0.0002510207414161414, 0.0009155104635283351, -0.008609560318291187, -0.01650427095592022, -0.006298837251961231, -0.009838602505624294, 0.03426266461610794, 0.016240904107689857, 0.007299001328647137, -0.006778539624065161, 0.007581179030239582, -0.012440909631550312, 0.024455416947603226, -0.02011614665389061, 0.007612532004714012, -0.022009873762726784, 8.568213524995372e-05, 0.0069227637723088264, -0.019326049834489822, -0.024141885340213776, -0.02012868970632553, 0.006217319518327713, 0.011393715627491474, -0.020517466589808464, 0.0021194694563746452, -0.011851470917463303, -0.01601516269147396, 0.003436299506574869, 0.002900161547586322, -0.0067032924853265285, -0.018824400380253792, -0.01299272384494543, 0.010196027345955372, -0.016291068866848946, -0.004681017715483904, 0.010729029774665833, 0.015563677996397018, 0.02429237961769104, 0.0073993313126266, -0.023903600871562958, 0.0036024709697812796, 0.02074320986866951, 0.02162109687924385, -0.00445214007049799, -0.013055429793894291, 0.021144529804587364, 0.029973560944199562, 0.013519455678761005, -0.018548492342233658, -0.025396009907126427, -0.011136620305478573, 0.012397014535963535, -0.010233650915324688, 0.030124057084321976, 0.00032489647855982184, -0.019401296973228455, 0.024192050099372864, 0.00822078250348568, 0.0023922412656247616, 0.03238147869706154, -0.03152867406606674, 0.004132338333874941, 0.005765834823250771, 0.00146810885053128, -0.01918809674680233, -0.009869955480098724, 0.013745198026299477, -0.010265003889799118, 0.017156414687633514, -0.003969302400946617, 0.026311520487070084, 0.006082500796765089, -0.0029079997912049294, 0.005235967226326466, -0.027766304090619087, -0.010352793149650097, 0.015174899250268936, -0.023464659228920937, -0.009173916652798653, 0.007443225476890802, 0.05768970027565956, 0.009945202618837357, -0.0010981422383338213, -0.00940592959523201, -0.023690400645136833, -0.0026085777208209038, 0.018786776810884476, 0.020542548969388008, 0.009399659000337124, 0.005104284267872572, 0.005552633665502071, 0.013469290919601917, -0.015839584171772003, 0.01936367340385914, 0.006998011376708746, -0.01547588873654604, -0.011287115514278412, 0.007280189078301191, -0.021332647651433945, -0.01601516269147396, -0.025521421805024147, -0.021596014499664307, 0.013557079248130322, -0.013933316804468632, -0.0011741735506802797, -0.0023075880017131567, -0.025308219715952873, 0.008114181458950043, 0.01235939096659422, -0.028393365442752838, 0.005812864284962416, 0.010848172008991241, -0.0008222350152209401, -0.005160720087587833, 0.011287115514278412, 0.0028923233039677143, 0.020442219451069832, 0.022323405370116234, 0.016466647386550903, -0.0056184749118983746, 0.03717223182320595, -0.003514682175591588, -0.011914176866412163, -0.019727369770407677, -0.014986780472099781, -0.010616159066557884, 0.039830975234508514, -0.015312853269279003, 0.019037600606679916, 0.0036620418541133404, -0.0035930650774389505, 0.044621728360652924, -0.009713189676404, 0.02573462203145027, -0.004496034234762192, -0.0094999885186553, -0.011117808520793915, 0.012484803795814514, 0.008992068469524384, -0.0004060226201545447, -0.013080512173473835, 0.01103002019226551, 0.02298809215426445, 0.018159713596105576, 0.01476103812456131, 0.0007665832526981831, -0.016090409830212593, 0.0009319708333350718, -0.008923091925680637, 0.013306254521012306, -0.00021927572379354388, 0.013356419280171394, -0.019137930124998093, -0.0101834861561656, -0.007035634946078062, -0.012748169712722301, 0.0030349798034876585, -0.015237605199217796, 0.004166826605796814, -0.009318140335381031, 0.021972250193357468, 0.031177520751953125, 0.026085777208209038, -0.03393659368157387, -0.005245373118668795, 0.0020442220848053694, -0.001260394579730928, 0.010509558022022247, -0.006286296062171459, 0.004859730135649443, -0.01221516728401184, 0.024530664086341858, 0.02074320986866951, -0.025007231160998344, -0.03431282937526703, 0.016366317868232727, -0.009349493309855461, 0.00641484372317791, 0.011331009678542614, -0.014133976772427559, -0.0016256581293419003, 0.006740916054695845, 0.042013149708509445, -0.015049487352371216, -0.005373920779675245, -0.006333325523883104, -0.0014830015134066343, 0.034789398312568665, -0.017143873497843742, -0.035968273878097534, -0.6766249537467957, -0.04913657531142235, 0.0008371277363039553, -0.008546854369342327, 0.021959709003567696, 0.005781511310487986, -0.01326863095164299, 4.732358138426207e-05, -0.03719731420278549, 0.006602962501347065, -0.01000163797289133, 0.020291725173592567, -0.030425045639276505, -0.012378202751278877, 0.02628643810749054, -0.028694355860352516, 0.017419781535863876, -0.01925080269575119, -0.007211212534457445, 0.03077620081603527, -0.022662019357085228, 0.03002372570335865, -0.019150471314787865, -0.007825733162462711, -0.00890428014099598, 0.004618311300873756, 0.01656697690486908, -0.019714828580617905, -0.0021335782948881388, 0.014710873365402222, -0.04527387395501137, 0.010760382749140263, 0.0231009628623724, -0.003024006262421608, 0.04103493317961693, 0.005972764920443296, -0.014710873365402222, 0.002033248310908675, -0.0008473174530081451, 0.016341235488653183, -0.029321417212486267, 0.00596649432554841, -0.0001607825979590416, -0.01925080269575119, -0.0026164159644395113, 0.005248508416116238, 0.0001477514742873609, 0.010453122667968273, -0.005709399003535509, -0.02484419383108616, -0.003436299506574869, -0.0056027984246611595, -0.008565666154026985, 0.016993379220366478, 0.013394043780863285, -0.0001215912343468517, 0.022436276078224182, -0.0020442220848053694, -0.006979199592024088, 0.007349166087806225, -0.011657081544399261, 0.006954117212444544, -0.03182966634631157, -0.008032663725316525, -0.0013176139909774065, -0.005370785482227802, -0.004699829500168562, 0.02471878193318844, 0.0023342380300164223, 0.016592059284448624, 0.015112193301320076, 0.013093053363263607, -0.004442734178155661, -0.0018184796208515763, -0.0076438854448497295, 0.025759704411029816, -0.00013854149437975138, -0.0012462856248021126, -0.000591397809330374, -0.006411708425730467, -0.006098177749663591, -0.009230352006852627, 0.00878513790667057, -0.03631942719221115, -0.0024392709601670504, -0.012666651047766209, -0.014773579314351082, -0.005308079533278942, -0.0007305271574296057, -4.698065822594799e-05, 0.012070942670106888, 0.015726713463664055, 0.008270947262644768, -0.0026101453695446253, -0.008741243742406368, 0.010553453117609024, -0.0059759002178907394, 0.0010950069408863783, 0.030124057084321976, -0.018335292115807533, -0.0243550855666399, 0.012064672075212002, 0.016792718321084976, -0.011700975708663464, -0.006226725410670042, -0.016040245071053505, 0.0030882800929248333, 0.003455111291259527, 0.022461358457803726, -0.004132338333874941, 0.033234283328056335, 0.005041578318923712, -0.020605256780982018, -0.014585461467504501, -0.000866129354108125, -0.044446151703596115, 0.03531612828373909, -0.0020348159596323967, 0.028017127886414528, -0.037096984684467316, 0.0016820937162265182, 0.028945179656147957, 0.013669950887560844, -0.01614057458937168, 0.00041111750761047006, 0.019451461732387543, 0.01195807196199894, -0.002520789159461856, -0.025270596146583557, 0.002638363279402256, 0.0006756592774763703, -0.01819733716547489, 0.026110859587788582, -0.012208896689116955, -0.0023420765064656734, -0.013381502591073513, 0.012133648619055748, -0.011425068601965904, 0.015062028542160988, -0.0166923888027668, -0.0006376436213031411, -0.0199405699968338, 0.0036902595311403275, -0.007361707277595997, -0.01688050851225853, -0.02017885446548462, -0.0005247724475339055, -0.0008731837733648717, 0.00319174537435174, 0.00937457662075758, 0.015789419412612915, 0.002020707121118903, -0.01782110147178173, 0.02547125704586506, 0.004047684837132692, -0.006038606632500887, -0.02206004038453102, -0.031227685511112213, -0.026085777208209038, -0.004583823028951883, 0.026311520487070084, 0.037347808480262756, 1.5039689060358796e-05, 0.02448049932718277, 0.026838252320885658, -0.011349821463227272, -0.005383326672017574, 0.008421442471444607, -0.029823066666722298, -0.009675566107034683, 0.0030945506878197193, -0.031679168343544006, -0.00943728256970644, -0.009136293083429337, -0.004728047177195549, 0.01289239339530468, 0.01992802880704403, -0.016040245071053505, -0.006602962501347065, -0.02353990636765957, -0.01593991555273533, -0.0028860527090728283, -0.010471934452652931, -0.01143133919686079, -0.0024910036008805037, 0.0037404245231300592, 0.002042654436081648, 0.011287115514278412, -0.00702309375628829, 0.020881162956357002, -0.0025772247463464737, 0.016654765233397484, -0.002257423009723425, -0.013368960469961166, -0.014848827384412289, -0.0199405699968338, -0.010954772122204304, 0.019087765365839005, -0.004295374266803265, 0.01299272384494543, 0.017595358192920685, 0.008948174305260181, 0.0358930267393589, -0.010678865015506744, -0.005116825457662344, 0.004160556010901928, 0.0162659864872694, -0.039956387132406235, 0.023025715723633766, -0.006019794847816229, 0.01612803339958191, -0.02399139106273651, -0.005138772539794445, 0.016617141664028168, 0.0056059337221086025, 0.007029364351183176, 0.008678537793457508, -0.00067526736529544, -0.02347720041871071, 0.02286267839372158, 0.01601516269147396, 0.007524743676185608, 0.01526268757879734, -0.010603617876768112, -0.021696344017982483, 0.025446174666285515, 0.02005344070494175, 0.025132643058896065, -0.024367626756429672, -0.023514823988080025, -0.00685378722846508, 0.030726036056876183, -0.0016946349060162902, 0.02348974160850048, 0.018109548836946487, 0.008515501394867897, 0.01706862635910511, -0.0021006574388593435, 0.037397973239421844, -0.007769297808408737, -0.00018939230358228087, 0.020166313275694847, 0.025258054956793785, -0.010910877957940102, 0.03125276789069176, -0.002716745948418975, 0.03208049014210701, -0.006490091327577829, 0.006728374864906073, 0.001972109777852893, 0.004126067738980055, -0.008766326121985912, -0.009073586203157902, 0.017056085169315338, 0.0014367557596415281, -0.0031039565801620483, -0.011450150981545448, 0.011211867444217205, 0.05984679237008095, 0.018573574721813202, -0.008885468356311321, 0.012685463763773441, 0.015363018028438091, 0.010616159066557884, 0.0016805260675027966, -0.0027057724073529243, 0.0018890241626650095, -0.01955179125070572, -0.008126722648739815, -0.01252242736518383, -0.019225720316171646, -0.03356035426259041, -0.01370757445693016, 0.007832003757357597, -0.01917555369436741, -0.0033610521350055933, -0.013632327318191528, -0.03346002474427223, -0.003709071548655629, -0.0030804418493062258, -0.026336602866649628, -0.02374056540429592, -0.007969957776367664, 0.004837783053517342, -0.003436299506574869, -0.008678537793457508, 0.011519128456711769, 0.008120452053844929, -0.0136448685079813, 0.00909239798784256, -0.00010944190580630675, 0.011374903842806816, -0.007926062680780888, 0.0021602283231914043, 0.0004679449775721878, 0.038852758705616, 0.021106906235218048, -0.016228362917900085, 0.012572592124342918, 0.015852125361561775, 0.021006574854254723, 0.003840754507109523, 0.0036306886468082666, 0.00021829594334121794, 0.016027703881263733, 0.013807903975248337, 0.011174243874847889, -0.03233131393790245, 0.0046496642753481865, -0.013343878090381622, 0.003411217126995325, -0.011287115514278412, -0.015676548704504967, -0.0004405110375955701, 0.04055836796760559, 0.0101834861561656, -0.011023749597370625, -0.002149254782125354, 0.027691055089235306, -0.0319049134850502, 0.0007991120801307261, -0.016679847612977028, -0.001450080773793161, -0.0213075652718544, 0.08728702366352081, 0.01045939326286316, 0.047180142253637314, 0.0009695945773273706, -0.0023013174068182707, 0.013419126160442829, -0.011964342556893826, 0.001608413876965642, 0.013669950887560844, -0.0147986626252532, -0.020542548969388008, -0.008013851940631866, 0.019953111186623573, -0.001608413876965642, 0.009362035430967808, -0.004753129556775093, 0.0024032150395214558, 0.006361543666571379, 0.0035272235982120037, -0.023514823988080025, 0.016240904107689857, 0.022624395787715912, 0.00535824429243803, 0.05039069801568985, 0.010371604934334755, 0.019025059416890144, -0.005477386061102152, -0.010064344853162766, 0.012710546143352985, -0.01657951809465885, -0.022511525079607964, 0.029070591554045677, 0.0015363018028438091, 0.0022919115144759417, -0.02278743125498295, 0.028694355860352516, -0.015112193301320076, -0.026612509042024612, -0.013180842623114586, -0.005286132451146841, -0.0023514823988080025, 0.020793374627828598, 0.0012306091375648975, -0.01973991096019745, -0.0073993313126266, -0.009155104868113995, -0.01683034375309944, 0.025458715856075287, -0.0011130350176244974, -0.005446033086627722, 0.014246847480535507, 0.009606589563190937, -0.030475210398435593, -0.0015308150323107839, -0.005022766068577766, -0.00018625699158292264, -0.023401951417326927, -0.010409228503704071, -0.000558868981897831, 0.018360374495387077, 0.00471864128485322, 0.0004989061853848398, -0.00696038780733943, -0.021708885207772255, -0.014234306290745735, -0.00878513790667057, -0.005982171278446913, -0.022197993472218513, -0.011362362653017044, -0.0013278037076815963, -0.009449823759496212, -0.018397998064756393, -0.017344534397125244, 0.00831484142690897, 0.027615807950496674, -0.003157256869599223, 0.0035491706803441048, -0.006007253658026457, 0.00040406305924989283, 0.03152867406606674, 0.0036118768621236086, -0.037598636001348495, -0.007449496071785688, -0.01612803339958191, -0.0026493368204683065, -0.007255106698721647, -0.017081167548894882, -0.00046676924102939665, -0.01749502867460251, 0.021094365045428276, 0.014974239282310009, 0.0021570930257439613, 0.013356419280171394, -0.026612509042024612, -0.0009719460504129529, -0.006941576022654772, -0.002865673042833805, -0.0021335782948881388, 0.014911533333361149, 0.00030098974821157753, 0.020341889932751656, -0.006323919631540775, -0.010942230932414532, -0.018962353467941284, 0.0046402583830058575, 0.006330190226435661, -0.00047617516247555614, 0.025646833702921867, -0.012070942670106888, 0.006609233096241951, -0.00037858865107409656, -0.014397342689335346, -0.0001048369231284596, 0.001154577825218439, 0.011406256817281246, 0.030801283195614815, 0.01750756986439228, 0.0026493368204683065, 0.024217132478952408, -0.012165001593530178, 0.00844652485102415, -0.01261648628860712, 0.01576433703303337, 0.020718127489089966, -0.015588760375976562, 0.014986780472099781, -0.005652963649481535, -0.008396359160542488, -0.0025866306386888027, -0.005141907837241888, -0.02063033916056156, 0.0051889377646148205, -0.008396359160542488, -0.005458574276417494, -0.03255705535411835, -0.01657951809465885, -0.008923091925680637, 0.011945529840886593, -0.03968048095703125, -0.013494373299181461, 0.013883152045309544, 0.003997520077973604, -0.008923091925680637, -0.011726059019565582, -0.03998146951198578, -0.0440949983894825, -0.009706919081509113, 0.028418447822332382, 0.024869278073310852, 0.015789419412612915, -0.003502140985801816, 0.012748169712722301, -0.026010530069470406, -0.0027857227250933647, 0.009380847215652466, -0.0065402560867369175, -0.017281826585531235, -0.028694355860352516, 0.013970940373837948, 0.03483956307172775, 0.008371276780962944, 0.007932334206998348, -0.0003051048261113465, 0.004019467160105705, -0.003774913027882576, -0.02517026662826538, -0.022812513634562492, -0.02485673502087593, -0.02248644083738327, 0.017056085169315338, 0.017520111054182053, -0.0016507406253367662, 0.009732001461088657, -0.0046371230855584145, 0.013419126160442829, -0.0014877044595777988, 0.01547588873654604, 0.030324716120958328, -0.004160556010901928, -0.006979199592024088, -0.003477058606222272, 0.012139919213950634, 0.00712969433516264, -0.009932661429047585, 0.020592713728547096, -0.019514167681336403, 0.031353097409009933, -0.0046308524906635284, 0.0293966643512249, 0.001493191230110824, 0.030976859852671623, -0.010879524983465672, 0.015024404041469097, 0.003430028911679983, 0.04053328558802605, -0.006640586070716381, -0.005151314195245504, -0.0007293514208868146, 0.013970940373837948, 0.002542736241593957, 0.012578862719237804, 0.008013851940631866, 0.012171272188425064, 0.009506259113550186, -0.020843539386987686, 0.023828353732824326, -0.006979199592024088, -0.013168301433324814, -0.0033861345145851374, -0.04672865569591522, -0.026311520487070084, -0.02211020514369011, -0.020830998197197914, -0.005110554862767458, 0.008923091925680637, 0.014397342689335346, -0.013318795710802078, 0.016679847612977028, 0.0094999885186553, -0.008459066040813923, -0.003470788011327386, -0.01299272384494543, 0.018460704013705254, -0.0006180479540489614, 0.01757027581334114, 0.022097663953900337, 0.0033265636302530766, 0.008678537793457508, 0.0027966962661594152, -0.021006574854254723, -0.008459066040813923, 0.007882168516516685, 0.030751118436455727, -0.006941576022654772, -0.003561711870133877, -0.026010530069470406, -0.014033646322786808, 0.007286460138857365, -0.02212274633347988, 0.004706100095063448, 0.011732329614460468, 0.003828213317319751, -0.0036589065566658974, -0.006060553714632988, -0.010760382749140263, 0.00022691804042551666, -0.017056085169315338, 0.026311520487070084, -0.004047684837132692, 0.001925080199725926, -0.014409883879125118, 0.04547453299164772, -0.00229034386575222, 0.032481808215379715, 0.012729357928037643, 0.005082337185740471, -0.008013851940631866, -0.0056090690195560455, -0.007054447196424007, 0.002964435378089547, -0.006204777862876654, 0.004994548391550779, -0.005480521358549595, 0.012265332043170929, 0.016291068866848946, 0.03090161271393299, 0.00010924594971584156, -0.006264348980039358, -0.004517981316894293, 0.01832275092601776, -0.014008563943207264, 0.004608905408531427, 0.00702309375628829, 0.010402957908809185, 0.019639579579234123, 0.002048925030976534, -0.0003372417704667896, -0.02972273714840412, -0.027490396052598953, 0.006048012524843216, 0.015212522819638252, 0.00026532559422776103, -0.008402629755437374, -0.013093053363263607, -0.006392896641045809, -0.009543882682919502, 0.02342703379690647, -0.02366531826555729, 0.022624395787715912, -0.01775839552283287, -0.021269941702485085, -0.009330681525170803, 0.012378202751278877, 0.013895693235099316, 0.004204450640827417, -0.001583331380970776, -0.006170289590954781, 0.021194694563746452, -0.0035867944825440645, 0.0030804418493062258, -0.003872107481583953, 0.0005208533257246017, -0.02641185000538826, 0.009136293083429337, 0.004737453069537878, -0.04376892372965813, 0.0115504814311862, -0.013005265034735203, -0.020291725173592567, -0.0020567632745951414, 0.019639579579234123, 0.0029236762784421444, -0.01631615124642849, 0.008515501394867897, -0.0029534618370234966, 0.0073993313126266, 0.014221765100955963, -0.02179667353630066, -0.026687756180763245, 0.003555441275238991, -0.034036923199892044, 0.016115492209792137, 0.024267297238111496, -0.02317621000111103, 0.022599313408136368, 0.01089833676815033, 0.0009837034158408642, -0.000931187008973211, -0.03107719123363495, -0.012139919213950634, 0.009964014403522015, 0.001725987996906042, -0.009462364949285984, -0.007988769561052322, -0.007223753724247217, -0.007292730733752251, -0.021959709003567696, -0.010666323825716972, 0.0015041648875921965, -0.01937621459364891, 0.006439926102757454, -0.004213856533169746, 0.001890591811388731, 0.00784454494714737, 0.006402302533388138, -0.025584127753973007, 0.01582704298198223, -0.01918809674680233, -0.006778539624065161, -0.020279183983802795, -0.018034301698207855, 0.005778376013040543, 0.0024549474474042654, -0.008239594288170338, -0.013456749729812145, -0.0166923888027668, -0.0312778502702713, 0.0036589065566658974, -0.017219120636582375, 0.01071648858487606, 0.002973841270431876, -0.03820061311125755, 0.016604600474238396, 0.062254711985588074, 0.02248644083738327, -0.0006936872960068285, -0.01593991555273533, -0.020417137071490288, -0.009669295512139797, 0.011111537925899029, 0.013669950887560844, -0.014372260309755802, -0.023126045241951942, -0.02193462662398815, 0.025759704411029816, -0.01045939326286316, 0.01625344529747963, 0.028920097276568413, -0.008879197761416435, -0.0023263997863978148, -0.007029364351183176, 0.027490396052598953, -0.005248508416116238, 0.008471607230603695, 0.002470624167472124, -0.018774235621094704, 0.008076557889580727, 0.025120101869106293, -0.004301644861698151, 0.009155104868113995, -0.010722759179770947, 0.01326863095164299, -0.0051952083595097065, 0.030801283195614815, -0.010020449757575989, -0.010164674371480942, -0.015212522819638252, -0.006433655507862568, 0.0024016473907977343, 0.008960715495049953, -0.004549334291368723, 0.03476431593298912, 0.018423080444335938, 0.009355764836072922, 0.0027402606792747974, 0.029622407630085945, 0.0085593955591321, 0.00529553834348917, 0.013105594553053379, -0.004332998301833868, 0.02142043597996235, -0.02011614665389061, -0.0071046119555830956, -0.015363018028438091, 0.0019047006499022245, -0.0022887762170284986, 0.000510663609020412, 0.005282997153699398, 0.010910877957940102, -0.0024063503369688988, -0.033284448087215424, 0.00875378493219614, -0.0111240791156888, -0.0016867966623976827, -0.00893563311547041, -0.009362035430967808, 0.007775568403303623, 0.0023138585966080427, -0.0031619598157703876, 0.010722759179770947, -0.011619457975029945, -0.03406200557947159, 0.020266642794013023, 0.007913521490991116, -0.01425938867032528, 0.006217319518327713, 0.20377005636692047, -0.0005690586986020207, 0.0008982662693597376, 0.0428408719599247, 0.0012149325339123607, 0.0293966643512249, 0.02273726649582386, -0.018824400380253792, -0.0046590701676905155, 0.025258054956793785, 0.012321767397224903, 0.002723016543313861, -0.009274246171116829, -0.0010440581245347857, 0.00501649547368288, 0.00716104730963707, -0.01812209002673626, -0.020166313275694847, -0.02448049932718277, 0.008954444900155067, 0.0023671588860452175, -0.003571117762476206, 0.007173588965088129, -0.011763682588934898, 0.03805011883378029, -0.00869107898324728, -0.02741514891386032, 0.01377028040587902, 0.01980261690914631, 0.001241582678630948, -0.012842228636145592, -0.009625401347875595, -0.008277217857539654, -0.006104448344558477, -0.005543227773159742, -0.01943892054259777, -0.000385839055525139, 0.004869136027991772, 0.008553124964237213, 0.03045012801885605, -0.010440581478178501, -0.014610543847084045, -0.0015950888628140092, -0.009838602505624294, 0.003219963051378727, 0.02771613933146, -0.02653726190328598, -0.022160369902849197, -0.008459066040813923, 0.0006619422929361463, -0.03228114917874336, -0.004828377161175013, 0.026612509042024612, 0.030374880880117416, 0.024254756048321724, -0.004872271325439215, 0.00458068773150444, 0.0009899740107357502, -0.03599335625767708, 0.01027754507958889, -0.017206579446792603, 0.02005344070494175, 0.00015950888337101787, 0.0065402560867369175, -0.019702287390828133, 0.01348183210939169, 0.008227053098380566, 0.004100985359400511, 0.020780833438038826, 0.004442734178155661, 0.024204591289162636, -0.0157517958432436, 0.004511710721999407, 0.020166313275694847, 0.001040139002725482, -0.008929362520575523, 0.04178740829229355, 0.033284448087215424, 0.011864012107253075, 0.008546854369342327, -0.005323756020516157, 0.015287770889699459, -0.013318795710802078, -0.03810028359293938, -0.00987622607499361, -0.04379400610923767, -0.0034018110018223524, 0.010766653344035149, -0.0010134888580068946, 0.005311214830726385, 0.0029440559446811676, -0.036219097673892975, -0.03313395380973816, -0.007386789657175541, 0.016102951020002365, 0.009412200190126896, 0.011155432090163231, 0.0009170781122520566, 0.009067315608263016, 0.011387445032596588, -0.010465663857758045, 0.03187983110547066, -0.001725987996906042, -0.007806921377778053, -0.03225606679916382, -7.005457882769406e-05, 0.01526268757879734, 0.004358080681413412, 0.01645410619676113, 0.013030347414314747, 0.006264348980039358, -0.02019139565527439, -0.001555113703943789, -0.01404618751257658, 0.009042233228683472, 0.021006574854254723, 0.00869107898324728, -0.019238261505961418, 0.03045012801885605, -0.006646856665611267, -0.01975245214998722, -0.01103002019226551, 0.023063339293003082, -0.003436299506574869, 0.026512179523706436, -0.014924074523150921, -0.017959054559469223, -0.01507456973195076, -0.011951800435781479, -0.03679599612951279, 0.022825054824352264, 0.00035820913035422564, 0.0016287934267893434, -0.017971595749258995, -0.019426379352808, -0.018912188708782196, -0.012277873232960701, -0.021570932120084763, 0.004950654227286577, -0.03162900358438492, -0.004565011244267225, 0.019025059416890144, 0.019150471314787865, -0.00018998017185367644, 0.015225064009428024, 0.0021712020970880985, 0.009393388405442238, 0.0254085510969162, -0.037147149443626404, -0.007794380187988281, -0.035541873425245285, 0.004787617828696966, 0.011519128456711769, -0.01031516958028078, -0.006048012524843216, 0.008941903710365295, -0.018974894657731056, -0.01874915324151516, -0.040207210928201675, 0.01975245214998722, -0.0407339446246624, -0.01881185919046402, 0.025960365310311317, -0.020705586299300194, 0.015237605199217796, 0.0033328342251479626, -0.15711663663387299, 0.03624418005347252, -0.014146517962217331, -0.012779522687196732, 0.0407339446246624, 0.0005475034704431891, -0.014033646322786808, -0.03346002474427223, -0.008408901281654835, -0.008214511908590794, 0.03228114917874336, 0.008521771989762783, -0.018234962597489357, 0.001707176212221384, -0.002691663336008787, 0.009506259113550186, -0.020793374627828598, 0.00390659598633647, 0.012497344985604286, 0.025935282930731773, 0.04223889485001564, -0.0015911697410047054, 0.036846160888671875, 0.024141885340213776, -0.003994384780526161, 0.005399003624916077, -0.011387445032596588, 0.031227685511112213, -0.026311520487070084, -0.02603561244904995, 0.00946863554418087, -0.005812864284962416, 0.04517354443669319, -0.006195371970534325, -0.005565174855291843, 0.0074620372615754604, -0.02185937948524952, 0.0011490910546854138, 0.00205519562587142, -0.00800758134573698, -0.012152460403740406, -0.0046277171932160854, -0.014271929860115051, 0.028945179656147957, 0.006847516633570194, 0.051920730620622635, 0.017344534397125244, 0.007374248467385769, -0.010603617876768112, -0.02791679836809635, 0.014735955744981766, 0.006828704848885536, -0.0061263954266905785, 0.006104448344558477, 0.021972250193357468, -0.007261377293616533, -0.022524066269397736, 0.014297012239694595, -0.004169961903244257, -0.02391614392399788, -0.0024659212213009596, -0.0033955404069274664, -0.010823089629411697, -0.011167973279953003, 0.004282833077013493, 0.018724070861935616, -0.007305271923542023, -0.0019015653524547815, -0.00046872880193404853, 0.01975245214998722, 0.023188751190900803, -0.03258213773369789, 0.01282968744635582, -0.011186785064637661, -0.015964997932314873, -0.004771941341459751, 0.011588105000555515, 0.009412200190126896, -0.009079856798052788, -0.02098149247467518, -0.01267292257398367, -0.0016805260675027966, -0.00922408141195774, -0.0042608859948813915, -0.010967313311994076, 0.014598002657294273, -0.01404618751257658, -0.006734645459800959, 0.01868644542992115, -0.009299328550696373, 0.02628643810749054, -0.005072931293398142, -0.004746858961880207, -0.023502282798290253, 0.01442242506891489, -0.007041905540972948, 0.013958399184048176, 0.010553453117609024, -0.005311214830726385, -0.024894360452890396, -0.0007422845810651779, 0.004442734178155661, -0.001344264019280672, 0.00032842368818819523, 0.03325936570763588, -0.014221765100955963, -0.009713189676404, 0.012246520258486271, 0.01793397217988968, -0.009920120239257812, 0.001608413876965642, 0.024994689971208572, 0.021131988614797592, -0.002229205332696438, 0.0029660030268132687, 0.019902946427464485, 0.02542109228670597, -0.014083811081945896, -0.0033234283328056335, -0.007192400749772787, 0.07830749452114105, -0.02142043597996235, -0.006248672492802143, -0.004866000730544329, -0.014535295777022839, -0.011631999164819717, -0.10695168375968933, -0.025195349007844925, -0.0023640235885977745, 0.010779195465147495, 0.0036338239442557096, -0.00763134378939867, 0.003144715679809451, 0.0289702620357275, 0.004690423607826233, 0.013531996868550777, -0.012980182655155659, -0.01656697690486908, -0.034914810210466385, -0.014598002657294273, -0.005913194268941879, -0.023564988747239113, 0.005276726558804512, -0.007054447196424007, -0.027891715988516808, 0.014234306290745735, -0.025333302095532417, -0.01905014179646969, 0.001282341661863029, 0.005377056077122688, 0.0321306549012661, -0.0213075652718544, -0.019238261505961418, 0.004411380738019943, 0.0240415558218956, 0.019338591024279594, -0.011080184951424599, -0.0083461944013834, 0.010020449757575989, -0.02187192067503929, -0.005505604203790426, -0.021144529804587364, 0.002257423009723425, -0.009412200190126896, 0.00937457662075758, -0.013343878090381622, 0.0015386532759293914, -0.004916165955364704, 0.024254756048321724, -0.016466647386550903, 0.01769568771123886, -0.016479188576340675, -0.009048503823578358, 0.006609233096241951, -0.014297012239694595, -0.019426379352808, -0.03418741747736931, 0.009863684885203838, -0.041461337357759476, -0.03172933682799339, 0.009800978004932404, 0.0013560215011239052, -0.015312853269279003, 0.01170724630355835, -0.030876530334353447, -0.013394043780863285, 0.005442897789180279, -0.024568287655711174, -0.016905590891838074, -0.006232996005564928, 0.01432209461927414, -0.0007395411957986653, 0.003931678365916014, -0.012315496802330017, -0.008923091925680637, -0.021646179258823395, 0.0006858489941805601, 0.01187028270214796, -0.0026195512618869543, 0.013933316804468632, -0.021194694563746452, -0.006195371970534325, -0.025446174666285515, -0.02671283856034279, 0.015526054427027702, -0.017545193433761597, -0.012208896689116955, -0.018335292115807533, -0.013506914488971233, -0.02496960759162903, -0.0020975221414119005, 0.0108669837936759, 0.00872243195772171, -0.0033704580273479223, 0.0419880673289299, -0.018147172406315804, -0.03616893291473389, 0.006602962501347065, 0.008709890767931938, -0.01788380742073059, -0.018485786393284798, -0.01273562852293253, 0.013293713331222534, 0.0157517958432436, 0.0032513162586838007, -0.0036526359617710114, 0.0020097335800528526, 0.018397998064756393, -0.032356396317481995, 0.036545172333717346, -0.012654109857976437, -0.015049487352371216, -0.005364514887332916, 0.007280189078301191, 0.023891059681773186, 0.0034613818861544132, -0.011011208407580853, 0.024091720581054688, -0.01876169443130493, 0.026236271485686302, -0.004085308872163296, -0.02528313733637333, -0.01917555369436741, -0.004574417136609554, 0.008509230799973011, -0.017143873497843742, 0.03203032538294792, -0.01887456513941288, -0.012158730998635292, 0.0010166241554543376, 0.0007583530386909842, 0.0018451297655701637, 0.0001179660321213305, 0.008239594288170338, -0.01937621459364891, 0.0023154262453317642, -0.007292730733752251, -0.010440581478178501, 0.0026195512618869543, -0.026436932384967804, 0.024342544376850128, 0.030124057084321976, -0.022524066269397736, -0.003919137176126242, -0.01245972141623497, 0.009757083840668201, 0.029572241008281708, -0.006013524252921343, -0.040959686040878296, -0.022511525079607964, 0.01812209002673626, -0.018799318000674248, -0.0019329184433445334, 0.018836941570043564, -0.022812513634562492, 0.017056085169315338, -0.00015803921269252896, 0.018046842887997627, 0.011362362653017044, 0.012603945098817348, 0.007418143097311258, -0.0333847776055336, -0.018573574721813202, -0.030073892325162888, 0.04018212854862213, 0.004295374266803265, 0.00593514135107398, -0.000729743333067745, 0.03576761484146118, 0.016604600474238396, 0.0055902572348713875, -0.01027754507958889, -0.005712534300982952, 0.029547158628702164, -0.011619457975029945, 0.017545193433761597, 0.014309553429484367, -0.03009897470474243, -0.02653726190328598, -0.01675509475171566, 0.018109548836946487, 0.008747514337301254, 0.022135287523269653, -0.002641498576849699, 0.0008559395791962743, 0.010672594420611858, -0.004590093623846769, 0.010528369806706905, 0.03509038686752319, -0.010810548439621925, 0.015450806356966496, 0.0108669837936759, 0.016240904107689857, -0.000872399949003011, -0.017344534397125244, 0.010340251959860325, -0.022009873762726784, 0.018661363050341606, -0.014033646322786808, 0.01211483683437109, 0.017645522952079773, 0.02809237502515316, -0.008358735591173172, -0.01398348156362772, 0.003778048325330019, 0.007969957776367664, -0.007719132583588362, 0.012629027478396893, 0.01158183440566063, 0.002052060328423977, 0.004304780159145594, -0.014008563943207264, -0.017720770090818405, 0.014397342689335346, -0.04427057504653931, -0.015212522819638252, 0.004129203036427498, 0.0013654273934662342, 0.0321306549012661, -0.017896348610520363, 0.03243164345622063, -0.0019172419561073184, 0.01614057458937168, 0.012014507316052914, 0.0011349820997565985, -0.01314321905374527, -0.007725403178483248, 0.022160369902849197, -0.0012674489989876747, -0.016115492209792137, 0.039529986679553986, 0.00818942952901125, 0.001962703885510564, 0.012967641465365887, -0.006405437830835581, -0.02759072557091713, 0.005483656655997038, -0.0075059314258396626, 0.03368576988577843, -0.01103002019226551, -0.03531612828373909, -0.017407240346074104, -0.007794380187988281, -0.0006842813454568386, -0.016215821728110313, 0.018573574721813202, -0.010779195465147495, 0.05046594515442848, 0.0002953069924842566, -0.014748496934771538, 0.006816163659095764, -0.0015049487119540572, 0.01706862635910511, 0.029572241008281708, 0.0010487610707059503, 0.011857741512358189, -0.02567191608250141, 0.02591020055115223, -0.018209878355264664, 0.008640913292765617, -0.013557079248130322, -0.026186106726527214, -0.005239102523773909, 0.015112193301320076, 0.013657409697771072, -0.019426379352808, 0.012904935516417027, 0.020229019224643707, 0.02317621000111103, 0.012321767397224903, 0.011563022620975971, -0.010114509612321854, -0.012409555725753307, 0.004380027763545513, 0.0016773907700553536, -0.010045532137155533, -0.021784132346510887, 0.008728702552616596, 0.022624395787715912, -0.015977539122104645, -0.008277217857539654, 0.00037564930971711874, -0.012810875661671162, -0.003975572995841503, -0.02061779797077179, 0.009625401347875595, 0.012384473346173763, 0.0007940172217786312, 0.0289702620357275, 0.006640586070716381, -0.005317485425621271, 0.019288426265120506, -0.03002372570335865, 0.0029973562341183424, -0.010453122667968273, 0.006797351408749819]"
